client_send_time,sniff_time,export_time,latency_client_sniff,cpu_percent,memory_percent
2022-09-14 18:43:08.721996,2022-09-14 18:43:08.723317,2022-09-14 18:52:45.386963,0:09:36.664899,18.5,16.0
2022-09-14 18:43:08.723511,2022-09-14 18:43:08.724739,2022-09-14 18:52:45.441666,0:09:36.718070,21.2,15.8
2022-09-14 18:43:08.725424,2022-09-14 18:43:08.726362,2022-09-14 18:52:45.482472,0:09:36.756991,17.4,15.8
2022-09-14 18:43:08.726778,2022-09-14 18:43:08.727664,2022-09-14 18:52:45.510949,0:09:36.784117,22.2,15.8
2022-09-14 18:43:08.727876,2022-09-14 18:43:08.729100,2022-09-14 18:52:45.566734,0:09:36.838790,18.2,15.9
2022-09-14 18:43:08.729484,2022-09-14 18:43:08.730402,2022-09-14 18:52:45.595139,0:09:36.865596,23.5,15.9
2022-09-14 18:43:08.732495,2022-09-14 18:43:08.733459,2022-09-14 18:52:45.663089,0:09:36.930540,17.5,15.9
2022-09-14 18:43:08.733809,2022-09-14 18:43:08.735030,2022-09-14 18:52:45.718435,0:09:36.984572,23.5,15.9
2022-09-14 18:43:08.730496,2022-09-14 18:43:08.731648,2022-09-14 18:52:45.730672,0:09:37.000118,14.3,15.9
2022-09-14 18:43:08.736658,2022-09-14 18:43:08.753058,2022-09-14 18:52:45.754823,0:09:37.018114,25.0,15.9
2022-09-14 18:43:08.783034,2022-09-14 18:43:08.795110,2022-09-14 18:52:45.815976,0:09:37.032886,17.1,15.9
2022-09-14 18:43:08.793894,2022-09-14 18:43:08.795110,2022-09-14 18:52:45.821392,0:09:37.027446,25.0,15.9
2022-09-14 18:43:08.788319,2022-09-14 18:43:08.812275,2022-09-14 18:52:45.884960,0:09:37.096588,18.4,15.9
2022-09-14 18:43:08.794561,2022-09-14 18:43:08.795552,2022-09-14 18:52:45.893031,0:09:37.098420,0.0,15.9
2022-09-14 18:43:08.794135,2022-09-14 18:43:08.795110,2022-09-14 18:52:45.910448,0:09:37.116263,25.0,15.9
2022-09-14 18:43:08.810974,2022-09-14 18:43:08.812231,2022-09-14 18:52:45.919544,0:09:37.108520,20.0,15.9
2022-09-14 18:43:08.800533,2022-09-14 18:43:08.811690,2022-09-14 18:52:45.935775,0:09:37.135193,20.0,15.9
2022-09-14 18:43:08.794420,2022-09-14 18:43:08.812932,2022-09-14 18:52:45.957931,0:09:37.163462,16.7,15.9
2022-09-14 18:43:08.788490,2022-09-14 18:43:08.813305,2022-09-14 18:52:45.975847,0:09:37.187308,25.0,15.9
2022-09-14 18:43:08.811653,2022-09-14 18:43:08.812932,2022-09-14 18:52:45.988399,0:09:37.176696,14.3,15.9
2022-09-14 18:43:08.844288,2022-09-14 18:43:08.856085,2022-09-14 18:52:46.054787,0:09:37.210444,22.5,15.9
2022-09-14 18:43:08.849832,2022-09-14 18:43:08.861974,2022-09-14 18:52:46.074861,0:09:37.224975,16.7,15.9
2022-09-14 18:43:08.860603,2022-09-14 18:43:08.862522,2022-09-14 18:52:46.098825,0:09:37.238171,14.3,15.9
2022-09-14 18:43:08.862043,2022-09-14 18:43:08.868641,2022-09-14 18:52:46.109060,0:09:37.246967,20.0,15.9
2022-09-14 18:43:08.861412,2022-09-14 18:43:08.863127,2022-09-14 18:52:46.128891,0:09:37.267428,23.1,15.9
2022-09-14 18:43:08.861243,2022-09-14 18:43:08.862859,2022-09-14 18:52:46.143783,0:09:37.282485,22.2,15.9
2022-09-14 18:43:08.860928,2022-09-14 18:43:08.861974,2022-09-14 18:52:46.149099,0:09:37.288123,0.0,15.9
2022-09-14 18:43:08.861631,2022-09-14 18:43:08.862951,2022-09-14 18:52:46.173519,0:09:37.311839,26.7,15.9
2022-09-14 18:43:08.878901,2022-09-14 18:43:08.885179,2022-09-14 18:52:46.191898,0:09:37.312944,18.2,15.9
2022-09-14 18:43:08.889564,2022-09-14 18:43:08.890491,2022-09-14 18:52:46.200177,0:09:37.310561,20.0,15.9
2022-09-14 18:43:08.906177,2022-09-14 18:43:08.907484,2022-09-14 18:52:46.214475,0:09:37.308248,12.5,15.9
2022-09-14 18:43:08.922838,2022-09-14 18:43:08.929359,2022-09-14 18:52:46.262973,0:09:37.340083,20.7,15.9
2022-09-14 18:43:08.928390,2022-09-14 18:43:08.935597,2022-09-14 18:52:46.273011,0:09:37.344571,16.7,15.9
2022-09-14 18:43:08.922687,2022-09-14 18:43:08.935318,2022-09-14 18:52:46.290945,0:09:37.368208,18.2,15.9
2022-09-14 18:43:08.934754,2022-09-14 18:43:08.936727,2022-09-14 18:52:46.307273,0:09:37.372465,22.2,15.9
2022-09-14 18:43:08.934984,2022-09-14 18:43:08.935982,2022-09-14 18:52:46.319284,0:09:37.384249,14.3,15.9
2022-09-14 18:43:08.934135,2022-09-14 18:43:08.936368,2022-09-14 18:52:46.343442,0:09:37.409258,21.4,15.9
2022-09-14 18:43:08.923019,2022-09-14 18:43:08.934881,2022-09-14 18:52:46.357475,0:09:37.434407,12.5,15.9
2022-09-14 18:43:08.946613,2022-09-14 18:43:08.953058,2022-09-14 18:52:46.367530,0:09:37.420865,28.6,15.9
2022-09-14 18:43:08.952000,2022-09-14 18:43:08.963974,2022-09-14 18:52:46.387688,0:09:37.435639,16.7,15.9
2022-09-14 18:43:08.968776,2022-09-14 18:43:08.975225,2022-09-14 18:52:46.401895,0:09:37.433070,25.0,15.9
2022-09-14 18:43:09.005710,2022-09-14 18:43:09.018008,2022-09-14 18:52:46.463221,0:09:37.457456,18.9,15.9
2022-09-14 18:43:09.011739,2022-09-14 18:43:09.012733,2022-09-14 18:52:46.483374,0:09:37.471580,16.7,15.9
2022-09-14 18:43:09.005895,2022-09-14 18:43:09.007241,2022-09-14 18:52:46.495416,0:09:37.489470,16.7,15.9
2022-09-14 18:43:09.006020,2022-09-14 18:43:09.012595,2022-09-14 18:52:46.505675,0:09:37.499604,16.7,15.9
2022-09-14 18:43:08.990249,2022-09-14 18:43:08.996344,2022-09-14 18:52:46.537871,0:09:37.547572,20.0,15.9
2022-09-14 18:43:09.017414,2022-09-14 18:43:09.018321,2022-09-14 18:52:46.548062,0:09:37.530598,33.3,15.9
2022-09-14 18:43:08.995590,2022-09-14 18:43:09.024276,2022-09-14 18:52:46.559990,0:09:37.564349,14.3,15.9
2022-09-14 18:43:09.035061,2022-09-14 18:43:09.036095,2022-09-14 18:52:46.591970,0:09:37.556858,25.0,15.9
2022-09-14 18:43:09.017237,2022-09-14 18:43:09.041785,2022-09-14 18:52:46.622695,0:09:37.605405,25.0,16.0
2022-09-14 18:43:09.074601,2022-09-14 18:43:09.080808,2022-09-14 18:52:46.637032,0:09:37.562380,12.5,16.0
2022-09-14 18:43:09.062775,2022-09-14 18:43:09.069535,2022-09-14 18:52:46.645166,0:09:37.582341,20.0,16.0
2022-09-14 18:43:09.017978,2022-09-14 18:43:09.036096,2022-09-14 18:52:46.679467,0:09:37.661438,20.0,16.0
2022-09-14 18:43:09.068158,2022-09-14 18:43:09.075259,2022-09-14 18:52:46.691395,0:09:37.623187,25.0,16.0
2022-09-14 18:43:09.096680,2022-09-14 18:43:09.097569,2022-09-14 18:52:46.709862,0:09:37.613132,18.2,16.0
2022-09-14 18:43:09.096114,2022-09-14 18:43:09.103150,2022-09-14 18:52:46.734653,0:09:37.638481,20.0,16.0
2022-09-14 18:43:09.074129,2022-09-14 18:43:09.103285,2022-09-14 18:52:46.745498,0:09:37.671319,16.7,16.0
2022-09-14 18:43:09.096389,2022-09-14 18:43:09.108924,2022-09-14 18:52:46.750846,0:09:37.654409,33.3,16.0
2022-09-14 18:43:09.068435,2022-09-14 18:43:09.069327,2022-09-14 18:52:46.764218,0:09:37.695730,12.5,16.0
2022-09-14 18:43:09.085350,2022-09-14 18:43:09.096705,2022-09-14 18:52:46.775023,0:09:37.689624,16.7,16.0
2022-09-14 18:43:09.096535,2022-09-14 18:43:09.125664,2022-09-14 18:52:46.821888,0:09:37.725304,17.9,16.0
2022-09-14 18:43:09.130102,2022-09-14 18:43:09.131080,2022-09-14 18:52:46.834805,0:09:37.704652,25.0,16.0
2022-09-14 18:43:09.130579,2022-09-14 18:43:09.137330,2022-09-14 18:52:46.863970,0:09:37.733341,12.5,16.0
2022-09-14 18:43:09.147584,2022-09-14 18:43:09.154045,2022-09-14 18:52:46.892975,0:09:37.745341,22.2,16.0
2022-09-14 18:43:09.153008,2022-09-14 18:43:09.153933,2022-09-14 18:52:46.910675,0:09:37.757618,20.0,16.0
2022-09-14 18:43:09.147256,2022-09-14 18:43:09.148259,2022-09-14 18:52:46.920787,0:09:37.773482,16.7,16.0
2022-09-14 18:43:09.169920,2022-09-14 18:43:09.171013,2022-09-14 18:52:46.928844,0:09:37.758876,20.0,16.0
2022-09-14 18:43:09.135985,2022-09-14 18:43:09.142799,2022-09-14 18:52:46.940960,0:09:37.804927,16.7,16.0
2022-09-14 18:43:09.164007,2022-09-14 18:43:09.165268,2022-09-14 18:52:46.984536,0:09:37.820478,19.2,16.0
2022-09-14 18:43:09.169786,2022-09-14 18:43:09.176493,2022-09-14 18:52:46.990022,0:09:37.820184,0.0,16.0
2022-09-14 18:43:09.163838,2022-09-14 18:43:09.171148,2022-09-14 18:52:47.000130,0:09:37.836242,28.6,16.0
2022-09-14 18:43:09.203089,2022-09-14 18:43:09.204164,2022-09-14 18:52:47.010374,0:09:37.807235,20.0,16.0
2022-09-14 18:43:09.197383,2022-09-14 18:43:09.203811,2022-09-14 18:52:47.026814,0:09:37.829376,27.3,16.0
2022-09-14 18:43:09.197629,2022-09-14 18:43:09.198542,2022-09-14 18:52:47.044163,0:09:37.846484,18.2,16.0
2022-09-14 18:43:09.214764,2022-09-14 18:43:09.222159,2022-09-14 18:52:47.073334,0:09:37.858516,13.3,16.0
2022-09-14 18:43:09.220408,2022-09-14 18:43:09.221919,2022-09-14 18:52:47.091482,0:09:37.871023,30.8,16.0
2022-09-14 18:43:09.238694,2022-09-14 18:43:09.244746,2022-09-14 18:52:47.113377,0:09:37.874630,21.4,16.0
2022-09-14 18:43:09.220817,2022-09-14 18:43:09.221753,2022-09-14 18:52:47.128965,0:09:37.908097,22.2,16.0
2022-09-14 18:43:09.232504,2022-09-14 18:43:09.233682,2022-09-14 18:52:47.147841,0:09:37.915287,18.2,16.0
2022-09-14 18:43:09.232342,2022-09-14 18:43:09.255486,2022-09-14 18:52:47.169799,0:09:37.937406,15.4,16.0
2022-09-14 18:43:09.282703,2022-09-14 18:43:09.288885,2022-09-14 18:52:47.218968,0:09:37.936212,25.8,16.0
2022-09-14 18:43:09.227054,2022-09-14 18:43:09.272700,2022-09-14 18:52:47.227083,0:09:37.999978,0.0,16.0
2022-09-14 18:43:09.260019,2022-09-14 18:43:09.272700,2022-09-14 18:52:47.253344,0:09:37.993275,18.8,16.0
2022-09-14 18:43:09.282542,2022-09-14 18:43:09.288969,2022-09-14 18:52:47.283737,0:09:38.001143,22.2,16.0
2022-09-14 18:43:09.265501,2022-09-14 18:43:09.272296,2022-09-14 18:52:47.297773,0:09:38.032221,12.5,16.0
2022-09-14 18:43:09.265676,2022-09-14 18:43:09.272296,2022-09-14 18:52:47.305754,0:09:38.040028,28.6,16.0
2022-09-14 18:43:09.294404,2022-09-14 18:43:09.301211,2022-09-14 18:52:47.334850,0:09:38.040397,22.2,16.0
2022-09-14 18:43:09.288094,2022-09-14 18:43:09.306701,2022-09-14 18:52:47.340148,0:09:38.052004,0.0,16.0
2022-09-14 18:43:09.300267,2022-09-14 18:43:09.301172,2022-09-14 18:52:47.356596,0:09:38.056279,20.0,16.0
2022-09-14 18:43:09.293846,2022-09-14 18:43:09.300655,2022-09-14 18:52:47.384864,0:09:38.090967,17.6,16.0
2022-09-14 18:43:09.294207,2022-09-14 18:43:09.300848,2022-09-14 18:52:47.395527,0:09:38.101272,16.7,16.0
2022-09-14 18:43:09.333264,2022-09-14 18:43:09.351064,2022-09-14 18:52:47.404214,0:09:38.070902,33.3,16.0
2022-09-14 18:43:09.327303,2022-09-14 18:43:09.333686,2022-09-14 18:52:47.430972,0:09:38.103617,14.3,16.0
2022-09-14 18:43:09.356105,2022-09-14 18:43:09.357451,2022-09-14 18:52:47.440924,0:09:38.084762,16.7,16.0
2022-09-14 18:43:09.349797,2022-09-14 18:43:09.357821,2022-09-14 18:52:47.449190,0:09:38.099343,20.0,16.0
2022-09-14 18:43:09.349657,2022-09-14 18:43:09.351581,2022-09-14 18:52:47.457234,0:09:38.107528,20.0,16.0
2022-09-14 18:43:09.338837,2022-09-14 18:43:09.350953,2022-09-14 18:52:47.475581,0:09:38.136695,27.3,16.0
2022-09-14 18:43:09.362922,2022-09-14 18:43:09.364278,2022-09-14 18:52:47.500037,0:09:38.137062,14.3,16.0
2022-09-14 18:43:09.356312,2022-09-14 18:43:09.374959,2022-09-14 18:52:47.540503,0:09:38.184132,16.7,16.0
2022-09-14 18:43:09.379537,2022-09-14 18:43:09.380488,2022-09-14 18:52:47.554080,0:09:38.174488,25.0,16.0
2022-09-14 18:43:09.363357,2022-09-14 18:43:09.374959,2022-09-14 18:52:47.559508,0:09:38.196102,50.0,16.0
2022-09-14 18:43:09.396626,2022-09-14 18:43:09.397700,2022-09-14 18:52:47.575499,0:09:38.178820,12.5,16.0
2022-09-14 18:43:09.390896,2022-09-14 18:43:09.392168,2022-09-14 18:52:47.603712,0:09:38.212763,17.6,16.0
2022-09-14 18:43:09.413191,2022-09-14 18:43:09.414177,2022-09-14 18:52:47.635789,0:09:38.222543,21.1,16.0
2022-09-14 18:43:09.421472,2022-09-14 18:43:09.422523,2022-09-14 18:52:47.644158,0:09:38.222634,0.0,16.0
2022-09-14 18:43:09.445314,2022-09-14 18:43:09.446275,2022-09-14 18:52:47.670354,0:09:38.224984,20.0,16.0
2022-09-14 18:43:09.434081,2022-09-14 18:43:09.440350,2022-09-14 18:52:47.700573,0:09:38.266432,16.7,16.0
2022-09-14 18:43:09.422063,2022-09-14 18:43:09.457325,2022-09-14 18:52:47.711195,0:09:38.289076,28.6,16.0
2022-09-14 18:43:09.421696,2022-09-14 18:43:09.423078,2022-09-14 18:52:47.721169,0:09:38.299422,16.7,16.0
2022-09-14 18:43:09.401963,2022-09-14 18:43:09.445957,2022-09-14 18:52:47.749312,0:09:38.347293,23.5,15.9
2022-09-14 18:43:09.444839,2022-09-14 18:43:09.451851,2022-09-14 18:52:47.759588,0:09:38.314697,28.6,15.9
2022-09-14 18:43:09.451177,2022-09-14 18:43:09.458417,2022-09-14 18:52:47.772689,0:09:38.321461,14.3,15.9
2022-09-14 18:43:09.479267,2022-09-14 18:43:09.480297,2022-09-14 18:52:47.809472,0:09:38.330152,18.2,15.9
2022-09-14 18:43:09.457321,2022-09-14 18:43:09.458491,2022-09-14 18:52:47.817588,0:09:38.360216,33.3,15.9
2022-09-14 18:43:09.473829,2022-09-14 18:43:09.491473,2022-09-14 18:52:47.827575,0:09:38.353695,20.0,15.9
2022-09-14 18:43:09.484928,2022-09-14 18:43:09.485942,2022-09-14 18:52:47.843745,0:09:38.358767,20.0,15.9
2022-09-14 18:43:09.502017,2022-09-14 18:43:09.511447,2022-09-14 18:52:47.885898,0:09:38.383829,16.7,16.0
2022-09-14 18:43:09.484764,2022-09-14 18:43:09.502992,2022-09-14 18:52:47.901861,0:09:38.417047,20.0,16.0
2022-09-14 18:43:09.516759,2022-09-14 18:43:09.517810,2022-09-14 18:52:47.917962,0:09:38.401152,20.0,16.0
2022-09-14 18:43:09.516164,2022-09-14 18:43:09.517358,2022-09-14 18:52:47.928109,0:09:38.411895,42.9,16.0
2022-09-14 18:43:09.510217,2022-09-14 18:43:09.517170,2022-09-14 18:52:47.940252,0:09:38.429987,14.3,16.0
2022-09-14 18:43:09.496090,2022-09-14 18:43:09.511281,2022-09-14 18:52:47.954540,0:09:38.458401,12.5,16.0
2022-09-14 18:43:09.555566,2022-09-14 18:43:09.556935,2022-09-14 18:52:48.009539,0:09:38.453919,21.2,16.0
2022-09-14 18:43:09.555829,2022-09-14 18:43:09.567761,2022-09-14 18:52:48.023973,0:09:38.468077,22.2,16.0
2022-09-14 18:43:09.544550,2022-09-14 18:43:09.567680,2022-09-14 18:52:48.037684,0:09:38.493083,12.5,16.0
2022-09-14 18:43:09.550135,2022-09-14 18:43:09.562418,2022-09-14 18:52:48.049243,0:09:38.499052,28.6,16.0
2022-09-14 18:43:09.550249,2022-09-14 18:43:09.556512,2022-09-14 18:52:48.079267,0:09:38.528966,21.1,16.0
2022-09-14 18:43:09.561432,2022-09-14 18:43:09.562514,2022-09-14 18:52:48.084839,0:09:38.523356,33.3,16.0
2022-09-14 18:43:09.567450,2022-09-14 18:43:09.584848,2022-09-14 18:52:48.105064,0:09:38.537564,16.7,16.0
2022-09-14 18:43:09.600442,2022-09-14 18:43:09.606883,2022-09-14 18:52:48.124934,0:09:38.524442,18.2,16.0
2022-09-14 18:43:09.584606,2022-09-14 18:43:09.595730,2022-09-14 18:52:48.133104,0:09:38.548449,20.0,16.0
2022-09-14 18:43:09.578626,2022-09-14 18:43:09.601219,2022-09-14 18:52:48.152427,0:09:38.573752,25.0,16.0
2022-09-14 18:43:09.622514,2022-09-14 18:43:09.628815,2022-09-14 18:52:48.172377,0:09:38.549814,16.7,16.0
2022-09-14 18:43:09.638463,2022-09-14 18:43:09.645365,2022-09-14 18:52:48.209008,0:09:38.570496,15.0,16.0
2022-09-14 18:43:09.628027,2022-09-14 18:43:09.644909,2022-09-14 18:52:48.239164,0:09:38.611088,21.1,16.0
2022-09-14 18:43:09.638166,2022-09-14 18:43:09.656625,2022-09-14 18:52:48.247278,0:09:38.609062,20.0,16.0
2022-09-14 18:43:09.622366,2022-09-14 18:43:09.644994,2022-09-14 18:52:48.265386,0:09:38.642971,11.1,16.0
2022-09-14 18:43:09.611462,2022-09-14 18:43:09.645550,2022-09-14 18:52:48.284026,0:09:38.672515,25.0,16.0
2022-09-14 18:43:09.643731,2022-09-14 18:43:09.651322,2022-09-14 18:52:48.316478,0:09:38.672694,15.8,16.0
2022-09-14 18:43:09.650130,2022-09-14 18:43:09.668052,2022-09-14 18:52:48.346660,0:09:38.696471,17.6,16.0
2022-09-14 18:43:09.661299,2022-09-14 18:43:09.667754,2022-09-14 18:52:48.358844,0:09:38.697491,25.0,16.0
2022-09-14 18:43:09.688805,2022-09-14 18:43:09.696031,2022-09-14 18:52:48.367279,0:09:38.678425,0.0,16.0
2022-09-14 18:43:09.672933,2022-09-14 18:43:09.684219,2022-09-14 18:52:48.405266,0:09:38.732283,18.2,16.0
2022-09-14 18:43:09.711722,2022-09-14 18:43:09.713050,2022-09-14 18:52:48.415413,0:09:38.703641,28.6,16.0
2022-09-14 18:43:09.694607,2022-09-14 18:43:09.696098,2022-09-14 18:52:48.439323,0:09:38.744666,21.4,16.0
2022-09-14 18:43:09.673081,2022-09-14 18:43:09.684184,2022-09-14 18:52:48.449264,0:09:38.776133,0.0,16.0
2022-09-14 18:43:09.712072,2022-09-14 18:43:09.723678,2022-09-14 18:52:48.459542,0:09:38.747420,28.6,16.0
2022-09-14 18:43:09.706041,2022-09-14 18:43:09.724140,2022-09-14 18:52:48.467500,0:09:38.761411,25.0,16.0
2022-09-14 18:43:09.683506,2022-09-14 18:43:09.713338,2022-09-14 18:52:48.489522,0:09:38.805964,15.4,16.0
2022-09-14 18:43:09.711559,2022-09-14 18:43:09.713064,2022-09-14 18:52:48.494854,0:09:38.783246,33.3,16.0
2022-09-14 18:43:09.752296,2022-09-14 18:43:09.753196,2022-09-14 18:52:48.533735,0:09:38.781389,17.4,16.0
2022-09-14 18:43:09.740557,2022-09-14 18:43:09.747534,2022-09-14 18:52:48.553831,0:09:38.813226,23.1,16.0
2022-09-14 18:43:09.734627,2022-09-14 18:43:09.741878,2022-09-14 18:52:48.602354,0:09:38.867676,20.0,16.0
2022-09-14 18:43:09.779881,2022-09-14 18:43:09.780921,2022-09-14 18:52:48.610632,0:09:38.830694,40.0,16.0
2022-09-14 18:43:09.773630,2022-09-14 18:43:09.786139,2022-09-14 18:52:48.626793,0:09:38.853112,27.3,16.0
2022-09-14 18:43:09.773805,2022-09-14 18:43:09.775010,2022-09-14 18:52:48.638734,0:09:38.864867,14.3,16.0
2022-09-14 18:43:09.774014,2022-09-14 18:43:09.787029,2022-09-14 18:52:48.646580,0:09:38.872518,0.0,16.0
2022-09-14 18:43:09.774265,2022-09-14 18:43:09.786452,2022-09-14 18:52:48.660590,0:09:38.886275,22.2,16.0
2022-09-14 18:43:09.779717,2022-09-14 18:43:09.786282,2022-09-14 18:52:48.670559,0:09:38.890794,16.7,16.0
2022-09-14 18:43:09.752019,2022-09-14 18:43:09.758483,2022-09-14 18:52:48.678747,0:09:38.926663,25.0,16.0
2022-09-14 18:43:09.804351,2022-09-14 18:43:09.810577,2022-09-14 18:52:48.712792,0:09:38.908392,15.0,16.0
2022-09-14 18:43:09.815092,2022-09-14 18:43:09.816425,2022-09-14 18:52:48.744897,0:09:38.929754,21.1,16.0
2022-09-14 18:43:09.815327,2022-09-14 18:43:09.827046,2022-09-14 18:52:48.765861,0:09:38.950485,16.7,16.0
2022-09-14 18:43:09.836881,2022-09-14 18:43:09.857225,2022-09-14 18:52:48.790862,0:09:38.953928,20.0,16.0
2022-09-14 18:43:09.845041,2022-09-14 18:43:09.856506,2022-09-14 18:52:48.817009,0:09:38.971916,13.3,16.0
2022-09-14 18:43:09.856102,2022-09-14 18:43:09.857304,2022-09-14 18:52:48.825154,0:09:38.969001,20.0,16.0
2022-09-14 18:43:09.855918,2022-09-14 18:43:09.857378,2022-09-14 18:52:48.857950,0:09:39.001982,20.0,16.0
2022-09-14 18:43:09.798076,2022-09-14 18:43:09.810606,2022-09-14 18:52:48.863177,0:09:39.065052,33.3,16.0
2022-09-14 18:43:09.845292,2022-09-14 18:43:09.863698,2022-09-14 18:52:48.884946,0:09:39.039606,23.1,16.0
2022-09-14 18:43:09.862561,2022-09-14 18:43:09.885857,2022-09-14 18:52:48.895040,0:09:39.032430,16.7,16.0
2022-09-14 18:43:09.868477,2022-09-14 18:43:09.874723,2022-09-14 18:52:48.904922,0:09:39.036396,16.7,16.0
2022-09-14 18:43:09.879217,2022-09-14 18:43:09.885559,2022-09-14 18:52:48.940995,0:09:39.061726,19.0,16.0
2022-09-14 18:43:09.902114,2022-09-14 18:43:09.909304,2022-09-14 18:52:48.959000,0:09:39.056835,18.2,16.0
2022-09-14 18:43:09.896319,2022-09-14 18:43:09.903197,2022-09-14 18:52:48.968964,0:09:39.072595,20.0,16.0
2022-09-14 18:43:09.862800,2022-09-14 18:43:09.903657,2022-09-14 18:52:48.997437,0:09:39.134585,17.6,16.0
2022-09-14 18:43:09.908297,2022-09-14 18:43:09.914722,2022-09-14 18:52:49.011655,0:09:39.103300,22.2,16.0
2022-09-14 18:43:09.914424,2022-09-14 18:43:09.921346,2022-09-14 18:52:49.032181,0:09:39.117705,16.7,16.0
2022-09-14 18:43:09.925798,2022-09-14 18:43:09.927140,2022-09-14 18:52:49.054558,0:09:39.128709,16.7,16.0
2022-09-14 18:43:09.931990,2022-09-14 18:43:09.933588,2022-09-14 18:52:49.064765,0:09:39.132725,28.6,16.0
2022-09-14 18:43:09.920000,2022-09-14 18:43:09.920948,2022-09-14 18:52:49.072776,0:09:39.152728,20.0,16.0
2022-09-14 18:43:09.932209,2022-09-14 18:43:09.933788,2022-09-14 18:52:49.091331,0:09:39.159066,18.2,16.0
2022-09-14 18:43:09.949301,2022-09-14 18:43:09.950389,2022-09-14 18:52:49.121569,0:09:39.172217,17.6,16.0
2022-09-14 18:43:09.961704,2022-09-14 18:43:09.963009,2022-09-14 18:52:49.171627,0:09:39.209864,21.9,16.0
2022-09-14 18:43:09.989054,2022-09-14 18:43:09.990085,2022-09-14 18:52:49.179692,0:09:39.190587,25.0,16.0
2022-09-14 18:43:09.932601,2022-09-14 18:43:09.968476,2022-09-14 18:52:49.191603,0:09:39.258950,14.3,16.0
2022-09-14 18:43:10.006839,2022-09-14 18:43:10.007782,2022-09-14 18:52:49.227887,0:09:39.220994,19.0,16.0
2022-09-14 18:43:10.006530,2022-09-14 18:43:10.007632,2022-09-14 18:52:49.235988,0:09:39.229406,20.0,16.0
2022-09-14 18:43:09.995268,2022-09-14 18:43:10.001432,2022-09-14 18:52:49.244452,0:09:39.249134,20.0,16.0
2022-09-14 18:43:09.978191,2022-09-14 18:43:09.990133,2022-09-14 18:52:49.255240,0:09:39.276999,16.7,16.0
2022-09-14 18:43:09.989465,2022-09-14 18:43:09.995695,2022-09-14 18:52:49.260408,0:09:39.270895,33.3,16.0
2022-09-14 18:43:09.995029,2022-09-14 18:43:10.008171,2022-09-14 18:52:49.288481,0:09:39.293403,17.6,15.9
2022-09-14 18:43:09.967392,2022-09-14 18:43:09.984565,2022-09-14 18:52:49.300424,0:09:39.332984,14.3,15.9
2022-09-14 18:43:10.014024,2022-09-14 18:43:10.030650,2022-09-14 18:52:49.316632,0:09:39.302552,22.2,15.9
2022-09-14 18:43:10.046246,2022-09-14 18:43:10.047454,2022-09-14 18:52:49.342769,0:09:39.296459,18.8,15.9
2022-09-14 18:43:10.024387,2022-09-14 18:43:10.041544,2022-09-14 18:52:49.376763,0:09:39.352327,20.0,15.9
2022-09-14 18:43:10.030152,2022-09-14 18:43:10.047429,2022-09-14 18:52:49.400081,0:09:39.369879,20.0,15.9
2022-09-14 18:43:10.057429,2022-09-14 18:43:10.068372,2022-09-14 18:52:49.432882,0:09:39.375401,21.1,15.9
2022-09-14 18:43:10.066803,2022-09-14 18:43:10.068263,2022-09-14 18:52:49.441041,0:09:39.374187,20.0,16.0
2022-09-14 18:43:10.067162,2022-09-14 18:43:10.068476,2022-09-14 18:52:49.455020,0:09:39.387809,22.2,16.0
2022-09-14 18:43:10.051983,2022-09-14 18:43:10.067360,2022-09-14 18:52:49.463227,0:09:39.411194,25.0,16.0
2022-09-14 18:43:10.067332,2022-09-14 18:43:10.079273,2022-09-14 18:52:49.477354,0:09:39.409972,12.5,16.0
2022-09-14 18:43:10.057799,2022-09-14 18:43:10.068652,2022-09-14 18:52:49.503253,0:09:39.445404,18.7,16.0
2022-09-14 18:43:10.084591,2022-09-14 18:43:10.086221,2022-09-14 18:52:49.513332,0:09:39.428692,20.0,16.0
2022-09-14 18:43:10.085195,2022-09-14 18:43:10.092202,2022-09-14 18:52:49.531489,0:09:39.446245,25.0,16.0
2022-09-14 18:43:10.091102,2022-09-14 18:43:10.108238,2022-09-14 18:52:49.555468,0:09:39.464317,15.4,16.0
2022-09-14 18:43:10.118605,2022-09-14 18:43:10.131004,2022-09-14 18:52:49.591206,0:09:39.472550,18.2,16.0
2022-09-14 18:43:10.124418,2022-09-14 18:43:10.136604,2022-09-14 18:52:49.617569,0:09:39.493101,20.0,16.0
2022-09-14 18:43:10.136079,2022-09-14 18:43:10.158300,2022-09-14 18:52:49.637546,0:09:39.501417,23.1,16.0
2022-09-14 18:43:10.124012,2022-09-14 18:43:10.125028,2022-09-14 18:52:49.651646,0:09:39.527576,12.5,16.0
2022-09-14 18:43:10.118299,2022-09-14 18:43:10.125447,2022-09-14 18:52:49.666435,0:09:39.548086,22.2,16.0
2022-09-14 18:43:10.146691,2022-09-14 18:43:10.158337,2022-09-14 18:52:49.673668,0:09:39.526922,25.0,16.0
2022-09-14 18:43:10.146887,2022-09-14 18:43:10.181504,2022-09-14 18:52:49.705760,0:09:39.558820,21.1,16.0
2022-09-14 18:43:10.163310,2022-09-14 18:43:10.164742,2022-09-14 18:52:49.715939,0:09:39.552580,28.6,16.0
2022-09-14 18:43:10.192071,2022-09-14 18:43:10.198928,2022-09-14 18:52:49.764021,0:09:39.571900,17.2,16.0
2022-09-14 18:43:10.135828,2022-09-14 18:43:10.158349,2022-09-14 18:52:49.794317,0:09:39.658438,17.6,16.0
2022-09-14 18:43:10.208624,2022-09-14 18:43:10.209966,2022-09-14 18:52:49.810465,0:09:39.601792,20.0,16.0
2022-09-14 18:43:10.180431,2022-09-14 18:43:10.181849,2022-09-14 18:52:49.815777,0:09:39.635297,50.0,16.0
2022-09-14 18:43:10.174762,2022-09-14 18:43:10.198430,2022-09-14 18:52:49.828349,0:09:39.653538,14.3,16.0
2022-09-14 18:43:10.208936,2022-09-14 18:43:10.216018,2022-09-14 18:52:49.854683,0:09:39.645697,18.7,16.0
2022-09-14 18:43:10.209524,2022-09-14 18:43:10.221402,2022-09-14 18:52:49.862693,0:09:39.653119,0.0,16.0
2022-09-14 18:43:10.226215,2022-09-14 18:43:10.227502,2022-09-14 18:52:49.872684,0:09:39.646420,20.0,16.0
2022-09-14 18:43:10.197684,2022-09-14 18:43:10.198736,2022-09-14 18:52:49.882870,0:09:39.685137,16.7,16.0
2022-09-14 18:43:10.197419,2022-09-14 18:43:10.215875,2022-09-14 18:52:49.912530,0:09:39.715062,17.6,16.0
2022-09-14 18:43:10.191839,2022-09-14 18:43:10.210427,2022-09-14 18:52:49.920519,0:09:39.728631,20.0,16.0
2022-09-14 18:43:10.243890,2022-09-14 18:43:10.250208,2022-09-14 18:52:49.942591,0:09:39.698651,21.4,16.0
2022-09-14 18:43:10.260777,2022-09-14 18:43:10.261797,2022-09-14 18:52:49.978582,0:09:39.717755,15.0,16.0
2022-09-14 18:43:10.272058,2022-09-14 18:43:10.278717,2022-09-14 18:52:50.007077,0:09:39.734966,23.5,16.0
2022-09-14 18:43:10.260623,2022-09-14 18:43:10.262233,2022-09-14 18:52:50.014967,0:09:39.754294,20.0,16.0
2022-09-14 18:43:10.272196,2022-09-14 18:43:10.278444,2022-09-14 18:52:50.025024,0:09:39.752780,16.7,16.0
2022-09-14 18:43:10.261044,2022-09-14 18:43:10.267591,2022-09-14 18:52:50.037071,0:09:39.775978,25.0,16.0
2022-09-14 18:43:10.237921,2022-09-14 18:43:10.250237,2022-09-14 18:52:50.061034,0:09:39.823065,15.4,16.0
2022-09-14 18:43:10.255029,2022-09-14 18:43:10.279106,2022-09-14 18:52:50.075157,0:09:39.820078,22.2,16.0
2022-09-14 18:43:10.278184,2022-09-14 18:43:10.290826,2022-09-14 18:52:50.084880,0:09:39.806647,16.7,16.0
2022-09-14 18:43:10.289451,2022-09-14 18:43:10.290937,2022-09-14 18:52:50.094767,0:09:39.805254,20.0,16.0
2022-09-14 18:43:10.306738,2022-09-14 18:43:10.318416,2022-09-14 18:52:50.137871,0:09:39.831084,16.0,16.0
2022-09-14 18:43:10.317952,2022-09-14 18:43:10.319340,2022-09-14 18:52:50.143079,0:09:39.825079,50.0,16.0
2022-09-14 18:43:10.329511,2022-09-14 18:43:10.330950,2022-09-14 18:52:50.191321,0:09:39.861761,17.2,16.0
2022-09-14 18:43:10.318289,2022-09-14 18:43:10.319186,2022-09-14 18:52:50.205394,0:09:39.887056,25.0,16.0
2022-09-14 18:43:10.329038,2022-09-14 18:43:10.330950,2022-09-14 18:52:50.235652,0:09:39.906555,21.1,16.0
2022-09-14 18:43:10.346526,2022-09-14 18:43:10.356162,2022-09-14 18:52:50.247852,0:09:39.901275,14.3,16.0
2022-09-14 18:43:10.335488,2022-09-14 18:43:10.341565,2022-09-14 18:52:50.270012,0:09:39.934473,23.1,16.0
2022-09-14 18:43:10.341114,2022-09-14 18:43:10.356462,2022-09-14 18:52:50.278047,0:09:39.936886,0.0,16.0
2022-09-14 18:43:10.340830,2022-09-14 18:43:10.347623,2022-09-14 18:52:50.286060,0:09:39.945182,33.3,16.0
2022-09-14 18:43:10.355223,2022-09-14 18:43:10.367580,2022-09-14 18:52:50.296302,0:09:39.941030,37.5,16.0
2022-09-14 18:43:10.372296,2022-09-14 18:43:10.378878,2022-09-14 18:52:50.310087,0:09:39.937743,14.3,16.0
2022-09-14 18:43:10.389643,2022-09-14 18:43:10.395728,2022-09-14 18:52:50.351407,0:09:39.961715,20.0,16.0
2022-09-14 18:43:10.401209,2022-09-14 18:43:10.413326,2022-09-14 18:52:50.394666,0:09:39.993398,19.2,16.0
2022-09-14 18:43:10.378632,2022-09-14 18:43:10.402031,2022-09-14 18:52:50.413323,0:09:40.034641,18.2,16.0
2022-09-14 18:43:10.400397,2022-09-14 18:43:10.402122,2022-09-14 18:52:50.418649,0:09:40.018195,33.3,16.0
2022-09-14 18:43:10.400608,2022-09-14 18:43:10.402364,2022-09-14 18:52:50.430758,0:09:40.030087,25.0,16.0
2022-09-14 18:43:10.418637,2022-09-14 18:43:10.419591,2022-09-14 18:52:50.440762,0:09:40.022076,0.0,16.0
2022-09-14 18:43:10.406972,2022-09-14 18:43:10.420222,2022-09-14 18:52:50.450887,0:09:40.043867,28.6,16.0
2022-09-14 18:43:10.418154,2022-09-14 18:43:10.419045,2022-09-14 18:52:50.459022,0:09:40.040820,25.0,16.0
2022-09-14 18:43:10.406779,2022-09-14 18:43:10.419792,2022-09-14 18:52:50.475084,0:09:40.068256,11.1,16.0
2022-09-14 18:43:10.436416,2022-09-14 18:43:10.437392,2022-09-14 18:52:50.572668,0:09:40.136190,19.0,16.0
2022-09-14 18:43:10.463613,2022-09-14 18:43:10.469629,2022-09-14 18:52:50.578020,0:09:40.114356,25.0,16.0
2022-09-14 18:43:10.447187,2022-09-14 18:43:10.448161,2022-09-14 18:52:50.583434,0:09:40.136179,33.3,16.0
2022-09-14 18:43:10.469314,2022-09-14 18:43:10.470227,2022-09-14 18:52:50.591421,0:09:40.122058,20.0,16.0
2022-09-14 18:43:10.468964,2022-09-14 18:43:10.469990,2022-09-14 18:52:50.603666,0:09:40.134645,14.3,15.9
2022-09-14 18:43:10.480285,2022-09-14 18:43:10.487296,2022-09-14 18:52:50.615803,0:09:40.135469,14.3,15.9
2022-09-14 18:43:10.463435,2022-09-14 18:43:10.469990,2022-09-14 18:52:50.624018,0:09:40.160535,40.0,15.9
2022-09-14 18:43:10.463282,2022-09-14 18:43:10.481169,2022-09-14 18:52:50.637941,0:09:40.174611,12.5,15.9
2022-09-14 18:43:10.479965,2022-09-14 18:43:10.481257,2022-09-14 18:52:50.646164,0:09:40.166151,20.0,15.9
2022-09-14 18:43:10.486049,2022-09-14 18:43:10.504977,2022-09-14 18:52:50.702226,0:09:40.216127,18.2,15.9
2022-09-14 18:43:10.509492,2022-09-14 18:43:10.520970,2022-09-14 18:52:50.714817,0:09:40.205275,25.0,15.9
2022-09-14 18:43:10.545693,2022-09-14 18:43:10.557604,2022-09-14 18:52:50.760421,0:09:40.214677,18.5,16.0
2022-09-14 18:43:10.534473,2022-09-14 18:43:10.535409,2022-09-14 18:52:50.771334,0:09:40.236812,16.7,16.0
2022-09-14 18:43:10.528814,2022-09-14 18:43:10.563015,2022-09-14 18:52:50.787247,0:09:40.258384,20.0,16.0
2022-09-14 18:43:10.545422,2022-09-14 18:43:10.546293,2022-09-14 18:52:50.801315,0:09:40.255844,14.3,16.0
2022-09-14 18:43:10.551446,2022-09-14 18:43:10.579453,2022-09-14 18:52:50.823933,0:09:40.272438,21.4,16.0
2022-09-14 18:43:10.498021,2022-09-14 18:43:10.505031,2022-09-14 18:52:50.829303,0:09:40.331235,0.0,16.0
2022-09-14 18:43:10.551170,2022-09-14 18:43:10.557685,2022-09-14 18:52:50.846780,0:09:40.295560,27.3,16.0
2022-09-14 18:43:10.556779,2022-09-14 18:43:10.579819,2022-09-14 18:52:50.873628,0:09:40.316793,18.7,16.0
2022-09-14 18:43:10.606589,2022-09-14 18:43:10.607829,2022-09-14 18:52:50.904672,0:09:40.298028,21.1,16.0
2022-09-14 18:43:10.562342,2022-09-14 18:43:10.596286,2022-09-14 18:52:50.910166,0:09:40.347776,0.0,16.0
2022-09-14 18:43:10.617734,2022-09-14 18:43:10.624696,2022-09-14 18:52:50.923271,0:09:40.305488,22.2,16.0
2022-09-14 18:43:10.529033,2022-09-14 18:43:10.563286,2022-09-14 18:52:50.948545,0:09:40.419463,20.0,16.0
2022-09-14 18:43:10.595381,2022-09-14 18:43:10.624893,2022-09-14 18:52:50.961263,0:09:40.365833,14.3,16.0
2022-09-14 18:43:10.617958,2022-09-14 18:43:10.636062,2022-09-14 18:52:50.975905,0:09:40.357897,22.2,16.0
2022-09-14 18:43:10.606414,2022-09-14 18:43:10.607829,2022-09-14 18:52:51.001995,0:09:40.395527,20.0,16.0
2022-09-14 18:43:10.618157,2022-09-14 18:43:10.636605,2022-09-14 18:52:51.012807,0:09:40.394600,16.7,16.0
2022-09-14 18:43:10.578908,2022-09-14 18:43:10.601950,2022-09-14 18:52:51.033194,0:09:40.454236,23.1,16.0
2022-09-14 18:43:10.658026,2022-09-14 18:43:10.659244,2022-09-14 18:52:51.041459,0:09:40.383384,20.0,16.0
2022-09-14 18:43:10.623594,2022-09-14 18:43:10.659244,2022-09-14 18:52:51.058070,0:09:40.434427,20.0,16.0
2022-09-14 18:43:10.635322,2022-09-14 18:43:10.658404,2022-09-14 18:52:51.065970,0:09:40.430599,40.0,16.0
2022-09-14 18:43:10.623761,2022-09-14 18:43:10.636178,2022-09-14 18:52:51.076208,0:09:40.452399,28.6,16.0
2022-09-14 18:43:10.651976,2022-09-14 18:43:10.658969,2022-09-14 18:52:51.088122,0:09:40.436097,14.3,16.0
2022-09-14 18:43:10.681619,2022-09-14 18:43:10.698683,2022-09-14 18:52:51.128111,0:09:40.446442,20.8,16.0
2022-09-14 18:43:10.692550,2022-09-14 18:43:10.704045,2022-09-14 18:52:51.165576,0:09:40.472971,18.2,16.0
2022-09-14 18:43:10.670172,2022-09-14 18:43:10.677122,2022-09-14 18:52:51.190700,0:09:40.520478,23.5,16.0
2022-09-14 18:43:10.708966,2022-09-14 18:43:10.710060,2022-09-14 18:52:51.203095,0:09:40.494078,16.7,16.0
2022-09-14 18:43:10.715110,2022-09-14 18:43:10.716106,2022-09-14 18:52:51.217344,0:09:40.502184,12.5,16.0
2022-09-14 18:43:10.670728,2022-09-14 18:43:10.671662,2022-09-14 18:52:51.235329,0:09:40.564552,25.0,16.0
2022-09-14 18:43:10.692398,2022-09-14 18:43:10.710249,2022-09-14 18:52:51.243641,0:09:40.551185,25.0,16.0
2022-09-14 18:43:10.726256,2022-09-14 18:43:10.733052,2022-09-14 18:52:51.265726,0:09:40.539420,15.4,16.0
2022-09-14 18:43:10.715560,2022-09-14 18:43:10.733699,2022-09-14 18:52:51.277615,0:09:40.562006,14.3,16.0
2022-09-14 18:43:10.709149,2022-09-14 18:43:10.715682,2022-09-14 18:52:51.305950,0:09:40.596746,23.5,16.0
2022-09-14 18:43:10.744247,2022-09-14 18:43:10.750352,2022-09-14 18:52:51.314164,0:09:40.569867,33.3,16.0
2022-09-14 18:43:10.732428,2022-09-14 18:43:10.738942,2022-09-14 18:52:51.322369,0:09:40.589892,20.0,16.0
2022-09-14 18:43:10.755033,2022-09-14 18:43:10.767146,2022-09-14 18:52:51.382383,0:09:40.627297,19.4,16.0
2022-09-14 18:43:10.772128,2022-09-14 18:43:10.779098,2022-09-14 18:52:51.390269,0:09:40.618090,0.0,16.0
2022-09-14 18:43:10.777678,2022-09-14 18:43:10.778816,2022-09-14 18:52:51.425204,0:09:40.647474,23.8,16.0
2022-09-14 18:43:10.777521,2022-09-14 18:43:10.790316,2022-09-14 18:52:51.430442,0:09:40.652871,25.0,16.0
2022-09-14 18:43:10.743878,2022-09-14 18:43:10.778965,2022-09-14 18:52:51.442488,0:09:40.698561,16.7,16.0
2022-09-14 18:43:10.754904,2022-09-14 18:43:10.778846,2022-09-14 18:52:51.454256,0:09:40.699303,14.3,16.0
2022-09-14 18:43:10.771963,2022-09-14 18:43:10.778816,2022-09-14 18:52:51.474438,0:09:40.702426,23.1,16.0
2022-09-14 18:43:10.789027,2022-09-14 18:43:10.790357,2022-09-14 18:52:51.496465,0:09:40.707390,23.1,16.0
2022-09-14 18:43:10.811601,2022-09-14 18:43:10.833838,2022-09-14 18:52:51.532587,0:09:40.720936,21.7,16.0
2022-09-14 18:43:10.806040,2022-09-14 18:43:10.828341,2022-09-14 18:52:51.558595,0:09:40.752505,14.3,16.0
2022-09-14 18:43:10.806372,2022-09-14 18:43:10.833838,2022-09-14 18:52:51.570774,0:09:40.764352,25.0,16.0
2022-09-14 18:43:10.854389,2022-09-14 18:43:10.855549,2022-09-14 18:52:51.586775,0:09:40.732314,12.5,16.0
2022-09-14 18:43:10.839163,2022-09-14 18:43:10.845682,2022-09-14 18:52:51.617318,0:09:40.778106,21.1,16.0
2022-09-14 18:43:10.845098,2022-09-14 18:43:10.855549,2022-09-14 18:52:51.622581,0:09:40.777435,0.0,16.0
2022-09-14 18:43:10.839275,2022-09-14 18:43:10.845749,2022-09-14 18:52:51.642662,0:09:40.803329,18.2,16.0
2022-09-14 18:43:10.838902,2022-09-14 18:43:10.872502,2022-09-14 18:52:51.647954,0:09:40.809001,25.0,16.0
2022-09-14 18:43:10.860287,2022-09-14 18:43:10.884277,2022-09-14 18:52:51.671251,0:09:40.810913,15.4,16.0
2022-09-14 18:43:10.838567,2022-09-14 18:43:10.845724,2022-09-14 18:52:51.679408,0:09:40.840771,20.0,16.0
2022-09-14 18:43:10.871711,2022-09-14 18:43:10.872690,2022-09-14 18:52:51.691431,0:09:40.819672,37.5,16.0
2022-09-14 18:43:10.877212,2022-09-14 18:43:10.884716,2022-09-14 18:52:51.705328,0:09:40.828068,12.5,16.0
2022-09-14 18:43:10.866314,2022-09-14 18:43:10.872677,2022-09-14 18:52:51.715497,0:09:40.849134,16.7,16.0
2022-09-14 18:43:10.905892,2022-09-14 18:43:10.907399,2022-09-14 18:52:51.763647,0:09:40.857697,20.7,16.0
2022-09-14 18:43:10.906884,2022-09-14 18:43:10.907760,2022-09-14 18:52:51.771600,0:09:40.864667,0.0,16.0
2022-09-14 18:43:10.900240,2022-09-14 18:43:10.901249,2022-09-14 18:52:51.799740,0:09:40.899445,23.5,16.0
2022-09-14 18:43:10.918165,2022-09-14 18:43:10.919572,2022-09-14 18:52:51.807680,0:09:40.889462,0.0,16.0
2022-09-14 18:43:10.906088,2022-09-14 18:43:10.907460,2022-09-14 18:52:51.822485,0:09:40.916348,22.2,16.0
2022-09-14 18:43:10.906412,2022-09-14 18:43:10.919192,2022-09-14 18:52:51.827729,0:09:40.921267,0.0,16.0
2022-09-14 18:43:10.936082,2022-09-14 18:43:10.937073,2022-09-14 18:52:51.855847,0:09:40.919715,22.2,16.0
2022-09-14 18:43:10.924717,2022-09-14 18:43:10.936798,2022-09-14 18:52:51.869732,0:09:40.944965,12.5,16.0
2022-09-14 18:43:10.935847,2022-09-14 18:43:10.943222,2022-09-14 18:52:51.891818,0:09:40.955920,23.1,16.0
2022-09-14 18:43:10.942295,2022-09-14 18:43:10.948406,2022-09-14 18:52:51.909855,0:09:40.967510,10.0,16.0
2022-09-14 18:43:10.976380,2022-09-14 18:43:10.983018,2022-09-14 18:52:51.969173,0:09:40.992740,19.4,16.0
2022-09-14 18:43:10.981917,2022-09-14 18:43:10.993863,2022-09-14 18:52:51.995337,0:09:41.013369,25.0,16.0
2022-09-14 18:43:10.981674,2022-09-14 18:43:10.994008,2022-09-14 18:52:52.009487,0:09:41.027763,12.5,16.0
2022-09-14 18:43:10.999021,2022-09-14 18:43:11.000528,2022-09-14 18:52:52.023533,0:09:41.024461,25.0,16.0
2022-09-14 18:43:10.987776,2022-09-14 18:43:10.994025,2022-09-14 18:52:52.031531,0:09:41.043706,20.0,16.0
2022-09-14 18:43:10.976185,2022-09-14 18:43:10.982957,2022-09-14 18:52:52.043354,0:09:41.067119,14.3,16.0
2022-09-14 18:43:10.987412,2022-09-14 18:43:10.994008,2022-09-14 18:52:52.071657,0:09:41.084187,18.7,16.0
2022-09-14 18:43:11.010576,2022-09-14 18:43:11.011668,2022-09-14 18:52:52.079723,0:09:41.069099,20.0,16.0
2022-09-14 18:43:10.998651,2022-09-14 18:43:11.000017,2022-09-14 18:52:52.099680,0:09:41.100979,16.7,16.0
2022-09-14 18:43:10.998499,2022-09-14 18:43:11.017491,2022-09-14 18:52:52.107779,0:09:41.109232,25.0,16.0
2022-09-14 18:43:11.043939,2022-09-14 18:43:11.044903,2022-09-14 18:52:52.143917,0:09:41.099928,14.3,16.0
2022-09-14 18:43:11.043553,2022-09-14 18:43:11.059352,2022-09-14 18:52:52.160216,0:09:41.116614,20.0,15.9
2022-09-14 18:43:11.043388,2022-09-14 18:43:11.053871,2022-09-14 18:52:52.190126,0:09:41.146689,17.6,15.9
2022-09-14 18:43:11.058702,2022-09-14 18:43:11.065909,2022-09-14 18:52:52.200229,0:09:41.141478,28.6,16.0
2022-09-14 18:43:11.038060,2022-09-14 18:43:11.045206,2022-09-14 18:52:52.226289,0:09:41.188179,20.0,16.0
2022-09-14 18:43:11.052762,2022-09-14 18:43:11.059035,2022-09-14 18:52:52.234303,0:09:41.181493,20.0,16.0
2022-09-14 18:43:11.064632,2022-09-14 18:43:11.092401,2022-09-14 18:52:52.252418,0:09:41.187738,25.0,16.0
2022-09-14 18:43:11.059097,2022-09-14 18:43:11.065575,2022-09-14 18:52:52.276449,0:09:41.217304,21.4,16.0
2022-09-14 18:43:11.134162,2022-09-14 18:43:11.135441,2022-09-14 18:52:52.324653,0:09:41.190433,17.9,16.0
2022-09-14 18:43:11.123227,2022-09-14 18:43:11.135368,2022-09-14 18:52:52.332717,0:09:41.209441,0.0,16.0
2022-09-14 18:43:11.075758,2022-09-14 18:43:11.097834,2022-09-14 18:52:52.342615,0:09:41.266807,16.7,16.0
2022-09-14 18:43:11.113078,2022-09-14 18:43:11.135242,2022-09-14 18:52:52.350821,0:09:41.237689,20.0,16.0
2022-09-14 18:43:11.123416,2022-09-14 18:43:11.141446,2022-09-14 18:52:52.364936,0:09:41.241470,12.5,16.0
2022-09-14 18:43:11.064354,2022-09-14 18:43:11.103243,2022-09-14 18:52:52.381414,0:09:41.317006,22.2,16.0
2022-09-14 18:43:11.146033,2022-09-14 18:43:11.147458,2022-09-14 18:52:52.400026,0:09:41.253942,25.0,16.0
2022-09-14 18:43:11.113239,2022-09-14 18:43:11.124296,2022-09-14 18:52:52.427482,0:09:41.314186,18.7,16.0
2022-09-14 18:43:11.134316,2022-09-14 18:43:11.148068,2022-09-14 18:52:52.432994,0:09:41.298629,25.0,16.0
2022-09-14 18:43:11.135250,2022-09-14 18:43:11.159597,2022-09-14 18:52:52.467983,0:09:41.332681,15.0,16.0
2022-09-14 18:43:11.135053,2022-09-14 18:43:11.159535,2022-09-14 18:52:52.478299,0:09:41.343194,16.7,16.0
2022-09-14 18:43:11.174790,2022-09-14 18:43:11.176053,2022-09-14 18:52:52.497877,0:09:41.323034,25.0,16.0
2022-09-14 18:43:11.123693,2022-09-14 18:43:11.165168,2022-09-14 18:52:52.516990,0:09:41.393246,25.0,16.0
2022-09-14 18:43:11.198111,2022-09-14 18:43:11.199033,2022-09-14 18:52:52.544826,0:09:41.346662,18.7,16.0
2022-09-14 18:43:11.197226,2022-09-14 18:43:11.198254,2022-09-14 18:52:52.561453,0:09:41.364175,20.0,16.0
2022-09-14 18:43:11.197689,2022-09-14 18:43:11.210485,2022-09-14 18:52:52.597966,0:09:41.400224,18.2,16.0
2022-09-14 18:43:11.186138,2022-09-14 18:43:11.192658,2022-09-14 18:52:52.609163,0:09:41.422975,16.7,16.0
2022-09-14 18:43:11.175006,2022-09-14 18:43:11.221166,2022-09-14 18:52:52.622221,0:09:41.447166,25.0,16.0
2022-09-14 18:43:11.197915,2022-09-14 18:43:11.205012,2022-09-14 18:52:52.640964,0:09:41.442996,18.2,16.0
2022-09-14 18:43:11.215023,2022-09-14 18:43:11.231881,2022-09-14 18:52:52.652426,0:09:41.437353,33.3,16.0
2022-09-14 18:43:11.209443,2022-09-14 18:43:11.221197,2022-09-14 18:52:52.671358,0:09:41.461865,18.2,16.0
2022-09-14 18:43:11.237453,2022-09-14 18:43:11.238404,2022-09-14 18:52:52.693827,0:09:41.456323,15.4,16.0
2022-09-14 18:43:11.197046,2022-09-14 18:43:11.204481,2022-09-14 18:52:52.704704,0:09:41.507606,16.7,16.0
2022-09-14 18:43:11.237700,2022-09-14 18:43:11.243958,2022-09-14 18:52:52.709991,0:09:41.472240,33.3,16.0
2022-09-14 18:43:11.248770,2022-09-14 18:43:11.250403,2022-09-14 18:52:52.754686,0:09:41.505863,15.4,16.0
2022-09-14 18:43:11.261391,2022-09-14 18:43:11.268497,2022-09-14 18:52:52.790904,0:09:41.529463,22.7,16.0
2022-09-14 18:43:11.267422,2022-09-14 18:43:11.279287,2022-09-14 18:52:52.799060,0:09:41.531588,20.0,16.0
2022-09-14 18:43:11.284289,2022-09-14 18:43:11.296135,2022-09-14 18:52:52.825701,0:09:41.541362,13.3,16.0
2022-09-14 18:43:11.261163,2022-09-14 18:43:11.262321,2022-09-14 18:52:52.830997,0:09:41.569784,50.0,16.0
2022-09-14 18:43:11.261709,2022-09-14 18:43:11.268312,2022-09-14 18:52:52.847635,0:09:41.585869,11.1,16.0
2022-09-14 18:43:11.273107,2022-09-14 18:43:11.279609,2022-09-14 18:52:52.853090,0:09:41.579934,25.0,16.0
2022-09-14 18:43:11.261002,2022-09-14 18:43:11.268178,2022-09-14 18:52:52.865224,0:09:41.604174,16.7,16.0
2022-09-14 18:43:11.312645,2022-09-14 18:43:11.313591,2022-09-14 18:52:52.933387,0:09:41.620688,17.1,16.0
2022-09-14 18:43:11.323672,2022-09-14 18:43:11.330829,2022-09-14 18:52:52.941298,0:09:41.617575,25.0,16.0
2022-09-14 18:43:11.312269,2022-09-14 18:43:11.325223,2022-09-14 18:52:52.951546,0:09:41.639226,37.5,16.0
2022-09-14 18:43:11.329708,2022-09-14 18:43:11.330830,2022-09-14 18:52:52.959652,0:09:41.629889,0.0,16.0
2022-09-14 18:43:11.323796,2022-09-14 18:43:11.341697,2022-09-14 18:52:52.993208,0:09:41.669357,20.0,16.0
2022-09-14 18:43:11.306553,2022-09-14 18:43:11.318813,2022-09-14 18:52:53.001436,0:09:41.694829,20.0,16.0
2022-09-14 18:43:11.346927,2022-09-14 18:43:11.348473,2022-09-14 18:52:53.020378,0:09:41.673398,25.0,16.0
2022-09-14 18:43:11.323508,2022-09-14 18:43:11.336306,2022-09-14 18:52:53.032566,0:09:41.709007,16.7,16.0
2022-09-14 18:43:11.346294,2022-09-14 18:43:11.348000,2022-09-14 18:52:53.048694,0:09:41.702349,20.0,16.0
2022-09-14 18:43:11.390585,2022-09-14 18:43:11.407073,2022-09-14 18:52:53.096695,0:09:41.706057,17.9,16.0
2022-09-14 18:43:11.374461,2022-09-14 18:43:11.375944,2022-09-14 18:52:53.113571,0:09:41.739058,20.0,16.0
2022-09-14 18:43:11.335325,2022-09-14 18:43:11.347608,2022-09-14 18:52:53.118801,0:09:41.783426,25.0,16.0
2022-09-14 18:43:11.390758,2022-09-14 18:43:11.406983,2022-09-14 18:52:53.170958,0:09:41.780142,16.7,16.0
2022-09-14 18:43:11.412366,2022-09-14 18:43:11.413629,2022-09-14 18:52:53.179089,0:09:41.766672,20.0,16.0
2022-09-14 18:43:11.396431,2022-09-14 18:43:11.429895,2022-09-14 18:52:53.195179,0:09:41.798697,20.0,16.0
2022-09-14 18:43:11.396026,2022-09-14 18:43:11.413975,2022-09-14 18:52:53.208917,0:09:41.812841,14.3,16.0
2022-09-14 18:43:11.396212,2022-09-14 18:43:11.397184,2022-09-14 18:52:53.221240,0:09:41.824978,25.0,16.0
2022-09-14 18:43:11.375016,2022-09-14 18:43:11.424515,2022-09-14 18:52:53.237505,0:09:41.862439,20.0,16.0
2022-09-14 18:43:11.440028,2022-09-14 18:43:11.441016,2022-09-14 18:52:53.260833,0:09:41.820753,21.4,16.0
2022-09-14 18:43:11.411808,2022-09-14 18:43:11.429658,2022-09-14 18:52:53.283019,0:09:41.871158,23.1,16.0
2022-09-14 18:43:11.411682,2022-09-14 18:43:11.429712,2022-09-14 18:52:53.297086,0:09:41.885354,12.5,16.0
2022-09-14 18:43:11.456785,2022-09-14 18:43:11.463801,2022-09-14 18:52:53.307165,0:09:41.850330,16.7,16.0
2022-09-14 18:43:11.450897,2022-09-14 18:43:11.463956,2022-09-14 18:52:53.331149,0:09:41.880201,21.4,16.0
2022-09-14 18:43:11.457263,2022-09-14 18:43:11.481974,2022-09-14 18:52:53.361132,0:09:41.903815,16.7,16.0
2022-09-14 18:43:11.463596,2022-09-14 18:43:11.470136,2022-09-14 18:52:53.375161,0:09:41.911514,25.0,16.0
2022-09-14 18:43:11.475333,2022-09-14 18:43:11.481769,2022-09-14 18:52:53.385186,0:09:41.909803,16.7,16.0
2022-09-14 18:43:11.462742,2022-09-14 18:43:11.464560,2022-09-14 18:52:53.407354,0:09:41.944562,21.4,16.0
2022-09-14 18:43:11.486691,2022-09-14 18:43:11.498851,2022-09-14 18:52:53.415331,0:09:41.928592,0.0,16.0
2022-09-14 18:43:11.480710,2022-09-14 18:43:11.498321,2022-09-14 18:52:53.429910,0:09:41.949149,22.2,16.0
2022-09-14 18:43:11.475169,2022-09-14 18:43:11.492875,2022-09-14 18:52:53.465078,0:09:41.989859,23.8,16.0
2022-09-14 18:43:11.520220,2022-09-14 18:43:11.521810,2022-09-14 18:52:53.470278,0:09:41.950009,25.0,16.0
2022-09-14 18:43:11.514205,2022-09-14 18:43:11.521287,2022-09-14 18:52:53.484527,0:09:41.970272,22.2,16.0
2022-09-14 18:43:11.526429,2022-09-14 18:43:11.542125,2022-09-14 18:52:53.532501,0:09:42.006020,20.7,16.0
2022-09-14 18:43:11.520886,2022-09-14 18:43:11.527893,2022-09-14 18:52:53.540563,0:09:42.019627,20.0,16.0
2022-09-14 18:43:11.540976,2022-09-14 18:43:11.542327,2022-09-14 18:52:53.576808,0:09:42.035778,19.0,16.0
2022-09-14 18:43:11.526270,2022-09-14 18:43:11.542205,2022-09-14 18:52:53.582174,0:09:42.055854,33.3,16.0
2022-09-14 18:43:11.541327,2022-09-14 18:43:11.548042,2022-09-14 18:52:53.590356,0:09:42.048965,20.0,16.0
2022-09-14 18:43:11.540696,2022-09-14 18:43:11.559092,2022-09-14 18:52:53.618938,0:09:42.078191,17.6,16.0
2022-09-14 18:43:11.552953,2022-09-14 18:43:11.559055,2022-09-14 18:52:53.640961,0:09:42.087958,15.4,16.0
2022-09-14 18:43:11.540504,2022-09-14 18:43:11.559142,2022-09-14 18:52:53.661233,0:09:42.120678,25.0,16.0
2022-09-14 18:43:11.590589,2022-09-14 18:43:11.597301,2022-09-14 18:52:53.716172,0:09:42.125532,18.2,16.0
2022-09-14 18:43:11.596306,2022-09-14 18:43:11.608908,2022-09-14 18:52:53.721511,0:09:42.125155,25.0,16.0
2022-09-14 18:43:11.590778,2022-09-14 18:43:11.607940,2022-09-14 18:52:53.731658,0:09:42.140823,20.0,16.0
2022-09-14 18:43:11.574803,2022-09-14 18:43:11.597088,2022-09-14 18:52:53.752119,0:09:42.177266,23.1,16.0
2022-09-14 18:43:11.607399,2022-09-14 18:43:11.608401,2022-09-14 18:52:53.766137,0:09:42.158688,12.5,16.0
2022-09-14 18:43:11.607685,2022-09-14 18:43:11.609062,2022-09-14 18:52:53.780126,0:09:42.172391,33.3,16.0
2022-09-14 18:43:11.607884,2022-09-14 18:43:11.608981,2022-09-14 18:52:53.788110,0:09:42.180178,20.0,16.0
2022-09-14 18:43:11.590970,2022-09-14 18:43:11.607858,2022-09-14 18:52:53.799935,0:09:42.208916,25.0,16.0
2022-09-14 18:43:11.607221,2022-09-14 18:43:11.609509,2022-09-14 18:52:53.813828,0:09:42.206558,14.3,16.0
2022-09-14 18:43:11.641930,2022-09-14 18:43:11.648067,2022-09-14 18:52:53.868219,0:09:42.226235,20.6,16.0
2022-09-14 18:43:11.614450,2022-09-14 18:43:11.615405,2022-09-14 18:52:53.878264,0:09:42.263765,20.0,16.0
2022-09-14 18:43:11.658565,2022-09-14 18:43:11.659511,2022-09-14 18:52:53.886200,0:09:42.227586,20.0,16.0
2022-09-14 18:43:11.658108,2022-09-14 18:43:11.670807,2022-09-14 18:52:53.900149,0:09:42.241992,22.2,16.0
2022-09-14 18:43:11.658282,2022-09-14 18:43:11.670940,2022-09-14 18:52:53.924115,0:09:42.265782,21.4,16.0
2022-09-14 18:43:11.669612,2022-09-14 18:43:11.676708,2022-09-14 18:52:53.934047,0:09:42.264385,0.0,16.0
2022-09-14 18:43:11.657978,2022-09-14 18:43:11.682959,2022-09-14 18:52:53.957019,0:09:42.298992,26.7,16.0
2022-09-14 18:43:11.669753,2022-09-14 18:43:11.670770,2022-09-14 18:52:53.970648,0:09:42.300839,14.3,16.0
2022-09-14 18:43:11.675484,2022-09-14 18:43:11.683010,2022-09-14 18:52:53.975957,0:09:42.300425,25.0,16.0
2022-09-14 18:43:11.710288,2022-09-14 18:43:11.711287,2022-09-14 18:52:53.993914,0:09:42.283578,20.0,16.0
2022-09-14 18:43:11.699023,2022-09-14 18:43:11.700282,2022-09-14 18:52:54.011760,0:09:42.312688,30.8,16.0
2022-09-14 18:43:11.676190,2022-09-14 18:43:11.716684,2022-09-14 18:52:54.067887,0:09:42.391646,18.2,16.0
2022-09-14 18:43:11.727353,2022-09-14 18:43:11.736706,2022-09-14 18:52:54.102166,0:09:42.374762,20.0,16.0
2022-09-14 18:43:11.727185,2022-09-14 18:43:11.742201,2022-09-14 18:52:54.110345,0:09:42.383111,33.3,16.0
2022-09-14 18:43:11.734952,2022-09-14 18:43:11.742056,2022-09-14 18:52:54.126465,0:09:42.391464,20.0,16.0
2022-09-14 18:43:11.735738,2022-09-14 18:43:11.742056,2022-09-14 18:52:54.142482,0:09:42.406696,11.1,16.0
2022-09-14 18:43:11.726709,2022-09-14 18:43:11.742851,2022-09-14 18:52:54.150725,0:09:42.423954,25.0,16.0
2022-09-14 18:43:11.735571,2022-09-14 18:43:11.742149,2022-09-14 18:52:54.168670,0:09:42.433042,18.2,16.0
2022-09-14 18:43:11.735176,2022-09-14 18:43:11.742851,2022-09-14 18:52:54.191094,0:09:42.455868,21.4,16.0
2022-09-14 18:43:11.763591,2022-09-14 18:43:11.764744,2022-09-14 18:52:54.199180,0:09:42.435541,20.0,16.0
2022-09-14 18:43:11.741122,2022-09-14 18:43:11.742775,2022-09-14 18:52:54.219560,0:09:42.478385,18.2,16.0
2022-09-14 18:43:11.792092,2022-09-14 18:43:11.793048,2022-09-14 18:52:54.259373,0:09:42.467229,16.7,16.0
2022-09-14 18:43:11.780587,2022-09-14 18:43:11.781573,2022-09-14 18:52:54.291766,0:09:42.511127,21.1,16.0
2022-09-14 18:43:11.798393,2022-09-14 18:43:11.810548,2022-09-14 18:52:54.301707,0:09:42.503263,20.0,16.0
2022-09-14 18:43:11.803946,2022-09-14 18:43:11.810548,2022-09-14 18:52:54.315794,0:09:42.511798,22.2,16.0
2022-09-14 18:43:11.804416,2022-09-14 18:43:11.810847,2022-09-14 18:52:54.349083,0:09:42.544617,15.8,16.0
2022-09-14 18:43:11.791662,2022-09-14 18:43:11.793614,2022-09-14 18:52:54.354458,0:09:42.562746,33.3,16.0
2022-09-14 18:43:11.803767,2022-09-14 18:43:11.810735,2022-09-14 18:52:54.359916,0:09:42.556101,25.0,16.0
2022-09-14 18:43:11.804135,2022-09-14 18:43:11.805131,2022-09-14 18:52:54.371942,0:09:42.567758,14.3,16.0
2022-09-14 18:43:11.798220,2022-09-14 18:43:11.810735,2022-09-14 18:52:54.381995,0:09:42.583725,20.0,16.0
2022-09-14 18:43:11.831910,2022-09-14 18:43:11.838506,2022-09-14 18:52:54.389968,0:09:42.558010,33.3,16.0
2022-09-14 18:43:11.859784,2022-09-14 18:43:11.871806,2022-09-14 18:52:54.478455,0:09:42.618617,18.9,16.0
2022-09-14 18:43:11.870396,2022-09-14 18:43:11.872099,2022-09-14 18:52:54.486760,0:09:42.616298,20.0,16.0
2022-09-14 18:43:11.870234,2022-09-14 18:43:11.877905,2022-09-14 18:52:54.503286,0:09:42.633002,11.1,16.0
2022-09-14 18:43:11.871123,2022-09-14 18:43:11.877905,2022-09-14 18:52:54.508746,0:09:42.637574,33.3,16.0
2022-09-14 18:43:11.870762,2022-09-14 18:43:11.871806,2022-09-14 18:52:54.516774,0:09:42.645964,0.0,16.0
2022-09-14 18:43:11.871784,2022-09-14 18:43:11.877846,2022-09-14 18:52:54.527096,0:09:42.655263,28.6,16.0
2022-09-14 18:43:11.859594,2022-09-14 18:43:11.872200,2022-09-14 18:52:54.537222,0:09:42.677577,16.7,16.0
2022-09-14 18:43:11.870555,2022-09-14 18:43:11.872099,2022-09-14 18:52:54.561552,0:09:42.690947,21.4,16.0
2022-09-14 18:43:11.897246,2022-09-14 18:43:11.898201,2022-09-14 18:52:54.573416,0:09:42.676121,25.0,16.0
2022-09-14 18:43:11.843502,2022-09-14 18:43:11.871503,2022-09-14 18:52:54.581866,0:09:42.738312,20.0,16.0
2022-09-14 18:43:11.909223,2022-09-14 18:43:11.920500,2022-09-14 18:52:54.618137,0:09:42.708863,19.0,16.0
2022-09-14 18:43:11.924821,2022-09-14 18:43:11.926255,2022-09-14 18:52:54.639389,0:09:42.714518,28.6,16.0
2022-09-14 18:43:11.946891,2022-09-14 18:43:11.953890,2022-09-14 18:52:54.677735,0:09:42.730789,13.6,16.0
2022-09-14 18:43:11.941367,2022-09-14 18:43:11.948591,2022-09-14 18:52:54.700943,0:09:42.759525,21.4,16.0
2022-09-14 18:43:11.947611,2022-09-14 18:43:11.970436,2022-09-14 18:52:54.711067,0:09:42.763405,28.6,16.0
2022-09-14 18:43:11.924995,2022-09-14 18:43:11.948152,2022-09-14 18:52:54.719128,0:09:42.794083,0.0,16.0
2022-09-14 18:43:11.947055,2022-09-14 18:43:11.970270,2022-09-14 18:52:54.741040,0:09:42.793935,16.7,16.0
2022-09-14 18:43:11.969083,2022-09-14 18:43:11.976056,2022-09-14 18:52:54.759071,0:09:42.789939,25.0,16.0
2022-09-14 18:43:11.930827,2022-09-14 18:43:11.948290,2022-09-14 18:52:54.783372,0:09:42.852495,15.4,16.0
2022-09-14 18:43:11.930648,2022-09-14 18:43:11.970142,2022-09-14 18:52:54.805612,0:09:42.874908,15.4,16.0
2022-09-14 18:43:11.980567,2022-09-14 18:43:11.987782,2022-09-14 18:52:54.813685,0:09:42.833067,20.0,16.0
2022-09-14 18:43:11.986821,2022-09-14 18:43:11.993227,2022-09-14 18:52:54.824022,0:09:42.837152,28.6,16.0
2022-09-14 18:43:11.992569,2022-09-14 18:43:11.999267,2022-09-14 18:52:54.866089,0:09:42.873470,20.0,16.0
2022-09-14 18:43:12.009274,2022-09-14 18:43:12.016623,2022-09-14 18:52:54.877816,0:09:42.868473,25.0,16.0
2022-09-14 18:43:12.009504,2022-09-14 18:43:12.016623,2022-09-14 18:52:54.899994,0:09:42.890439,23.1,16.0
2022-09-14 18:43:12.010049,2022-09-14 18:43:12.016491,2022-09-14 18:52:54.920117,0:09:42.910019,16.7,16.0
2022-09-14 18:43:12.009805,2022-09-14 18:43:12.027669,2022-09-14 18:52:54.928306,0:09:42.918451,0.0,16.0
2022-09-14 18:43:12.034768,2022-09-14 18:43:12.035866,2022-09-14 18:52:54.960092,0:09:42.925274,21.1,16.0
2022-09-14 18:43:11.997954,2022-09-14 18:43:12.011070,2022-09-14 18:52:54.982122,0:09:42.984119,15.4,16.0
2022-09-14 18:43:12.051486,2022-09-14 18:43:12.063033,2022-09-14 18:52:55.037013,0:09:42.985473,18.8,16.0
2022-09-14 18:43:12.034422,2022-09-14 18:43:12.074908,2022-09-14 18:52:55.051381,0:09:43.016908,22.2,16.0
2022-09-14 18:43:12.062109,2022-09-14 18:43:12.074908,2022-09-14 18:52:55.059568,0:09:42.997409,20.0,16.0
2022-09-14 18:43:12.073375,2022-09-14 18:43:12.085475,2022-09-14 18:52:55.069643,0:09:42.996211,16.7,16.0
2022-09-14 18:43:12.073581,2022-09-14 18:43:12.074649,2022-09-14 18:52:55.090779,0:09:43.017147,28.6,16.0
2022-09-14 18:43:12.072977,2022-09-14 18:43:12.090985,2022-09-14 18:52:55.098879,0:09:43.025853,25.0,16.0
2022-09-14 18:43:12.073926,2022-09-14 18:43:12.074908,2022-09-14 18:52:55.118234,0:09:43.044252,9.1,16.0
2022-09-14 18:43:12.041073,2022-09-14 18:43:12.052257,2022-09-14 18:52:55.142993,0:09:43.101869,21.4,16.0
2022-09-14 18:43:12.106825,2022-09-14 18:43:12.118746,2022-09-14 18:52:55.156939,0:09:43.050064,22.2,16.0
2022-09-14 18:43:12.067449,2022-09-14 18:43:12.073975,2022-09-14 18:52:55.165129,0:09:43.097630,20.0,16.0
2022-09-14 18:43:12.117517,2022-09-14 18:43:12.119192,2022-09-14 18:52:55.210963,0:09:43.093395,17.9,16.0
2022-09-14 18:43:12.106342,2022-09-14 18:43:12.118947,2022-09-14 18:52:55.221027,0:09:43.114635,16.7,16.0
2022-09-14 18:43:12.136085,2022-09-14 18:43:12.147532,2022-09-14 18:52:55.233158,0:09:43.097024,25.0,16.0
2022-09-14 18:43:12.118349,2022-09-14 18:43:12.119254,2022-09-14 18:52:55.253280,0:09:43.134878,25.0,16.0
2022-09-14 18:43:12.135771,2022-09-14 18:43:12.147532,2022-09-14 18:52:55.266581,0:09:43.130761,12.5,16.0
2022-09-14 18:43:12.124303,2022-09-14 18:43:12.130690,2022-09-14 18:52:55.279428,0:09:43.155076,25.0,16.0
2022-09-14 18:43:12.135612,2022-09-14 18:43:12.159326,2022-09-14 18:52:55.293226,0:09:43.157565,14.3,16.0
2022-09-14 18:43:12.171828,2022-09-14 18:43:12.173196,2022-09-14 18:52:55.323286,0:09:43.151407,21.1,16.0
2022-09-14 18:43:12.146959,2022-09-14 18:43:12.153786,2022-09-14 18:52:55.328577,0:09:43.181569,0.0,16.0
2022-09-14 18:43:12.129755,2022-09-14 18:43:12.131202,2022-09-14 18:52:55.351405,0:09:43.221601,21.4,16.0
2022-09-14 18:43:12.177878,2022-09-14 18:43:12.178969,2022-09-14 18:52:55.385620,0:09:43.207692,15.8,16.0
2022-09-14 18:43:12.200210,2022-09-14 18:43:12.201270,2022-09-14 18:52:55.396500,0:09:43.196240,33.3,16.0
2022-09-14 18:43:12.171699,2022-09-14 18:43:12.173415,2022-09-14 18:52:55.401705,0:09:43.229957,33.3,16.0
2022-09-14 18:43:12.194691,2022-09-14 18:43:12.201809,2022-09-14 18:52:55.437937,0:09:43.243196,21.7,16.0
2022-09-14 18:43:12.212032,2022-09-14 18:43:12.213464,2022-09-14 18:52:55.445893,0:09:43.233813,25.0,16.0
2022-09-14 18:43:12.200574,2022-09-14 18:43:12.213411,2022-09-14 18:52:55.456316,0:09:43.255693,28.6,16.0
2022-09-14 18:43:12.200734,2022-09-14 18:43:12.201809,2022-09-14 18:52:55.475008,0:09:43.274222,25.0,16.0
2022-09-14 18:43:12.200052,2022-09-14 18:43:12.218942,2022-09-14 18:52:55.480320,0:09:43.280220,0.0,16.0
2022-09-14 18:43:12.178769,2022-09-14 18:43:12.201270,2022-09-14 18:52:55.500433,0:09:43.321615,16.7,16.0
2022-09-14 18:43:12.234760,2022-09-14 18:43:12.241335,2022-09-14 18:52:55.536441,0:09:43.301632,18.2,16.0
2022-09-14 18:43:12.240359,2022-09-14 18:43:12.247177,2022-09-14 18:52:55.554801,0:09:43.314390,20.0,16.0
2022-09-14 18:43:12.240223,2022-09-14 18:43:12.253049,2022-09-14 18:52:55.568983,0:09:43.328710,12.5,16.0
2022-09-14 18:43:12.263251,2022-09-14 18:43:12.264179,2022-09-14 18:52:55.594746,0:09:43.331426,23.5,16.0
2022-09-14 18:43:12.274375,2022-09-14 18:43:12.276193,2022-09-14 18:52:55.606840,0:09:43.332415,16.7,16.0
2022-09-14 18:43:12.251817,2022-09-14 18:43:12.253135,2022-09-14 18:52:55.617934,0:09:43.366069,16.7,16.0
2022-09-14 18:43:12.257750,2022-09-14 18:43:12.275428,2022-09-14 18:52:55.644858,0:09:43.387052,18.7,16.0
2022-09-14 18:43:12.274038,2022-09-14 18:43:12.292275,2022-09-14 18:52:55.671903,0:09:43.397796,23.5,16.0
2022-09-14 18:43:12.274201,2022-09-14 18:43:12.292639,2022-09-14 18:52:55.688343,0:09:43.414074,11.1,16.0
2022-09-14 18:43:12.303354,2022-09-14 18:43:12.304454,2022-09-14 18:52:55.712465,0:09:43.409043,21.4,16.0
2022-09-14 18:43:12.303663,2022-09-14 18:43:12.304798,2022-09-14 18:52:55.725791,0:09:43.422063,22.2,16.0
2022-09-14 18:43:12.320773,2022-09-14 18:43:12.321804,2022-09-14 18:52:55.740290,0:09:43.419450,25.0,16.0
2022-09-14 18:43:12.315179,2022-09-14 18:43:12.327893,2022-09-14 18:52:55.760336,0:09:43.445090,16.7,16.0
2022-09-14 18:43:12.273825,2022-09-14 18:43:12.293095,2022-09-14 18:52:55.770855,0:09:43.496965,16.7,16.0
2022-09-14 18:43:12.326349,2022-09-14 18:43:12.328064,2022-09-14 18:52:55.787564,0:09:43.461149,20.0,16.0
2022-09-14 18:43:12.320438,2022-09-14 18:43:12.327075,2022-09-14 18:52:55.816430,0:09:43.495923,22.2,16.0
2022-09-14 18:43:12.354269,2022-09-14 18:43:12.355245,2022-09-14 18:52:55.841245,0:09:43.486910,15.4,16.0
2022-09-14 18:43:12.338331,2022-09-14 18:43:12.355468,2022-09-14 18:52:55.880834,0:09:43.542439,24.0,16.0
2022-09-14 18:43:12.337914,2022-09-14 18:43:12.356339,2022-09-14 18:52:55.889194,0:09:43.551222,20.0,16.0
2022-09-14 18:43:12.354083,2022-09-14 18:43:12.355468,2022-09-14 18:52:55.918283,0:09:43.564142,22.2,16.0
2022-09-14 18:43:12.366263,2022-09-14 18:43:12.383232,2022-09-14 18:52:55.940181,0:09:43.573864,21.4,16.0
2022-09-14 18:43:12.388038,2022-09-14 18:43:12.389012,2022-09-14 18:52:55.948242,0:09:43.560156,25.0,16.0
2022-09-14 18:43:12.382341,2022-09-14 18:43:12.389072,2022-09-14 18:52:55.956220,0:09:43.573830,20.0,16.0
2022-09-14 18:43:12.388800,2022-09-14 18:43:12.389766,2022-09-14 18:52:55.964330,0:09:43.575481,20.0,16.0
2022-09-14 18:43:12.371765,2022-09-14 18:43:12.389352,2022-09-14 18:52:55.974237,0:09:43.602422,16.7,16.0
2022-09-14 18:43:12.387893,2022-09-14 18:43:12.400822,2022-09-14 18:52:55.988530,0:09:43.600587,25.0,16.0
2022-09-14 18:43:12.417595,2022-09-14 18:43:12.423754,2022-09-14 18:52:56.048868,0:09:43.631217,17.1,16.0
2022-09-14 18:43:12.405710,2022-09-14 18:43:12.429444,2022-09-14 18:52:56.071117,0:09:43.665354,15.4,16.0
2022-09-14 18:43:12.455172,2022-09-14 18:43:12.456621,2022-09-14 18:52:56.092330,0:09:43.637108,16.7,16.0
2022-09-14 18:43:12.455360,2022-09-14 18:43:12.457357,2022-09-14 18:52:56.105007,0:09:43.649597,25.0,16.0
2022-09-14 18:43:12.423290,2022-09-14 18:43:12.429444,2022-09-14 18:52:56.129691,0:09:43.706347,14.3,16.0
2022-09-14 18:43:12.444787,2022-09-14 18:43:12.456487,2022-09-14 18:52:56.135012,0:09:43.690175,60.0,16.0
2022-09-14 18:43:12.399785,2022-09-14 18:43:12.445834,2022-09-14 18:52:56.145029,0:09:43.745195,16.7,16.0
2022-09-14 18:43:12.433969,2022-09-14 18:43:12.455832,2022-09-14 18:52:56.155016,0:09:43.720999,16.7,16.0
2022-09-14 18:43:12.456275,2022-09-14 18:43:12.457740,2022-09-14 18:52:56.173152,0:09:43.716829,11.1,16.0
2022-09-14 18:43:12.463535,2022-09-14 18:43:12.480621,2022-09-14 18:52:56.201047,0:09:43.737464,22.2,16.0
2022-09-14 18:43:12.474202,2022-09-14 18:43:12.475213,2022-09-14 18:52:56.223951,0:09:43.749699,15.4,16.0
2022-09-14 18:43:12.479725,2022-09-14 18:43:12.480820,2022-09-14 18:52:56.229137,0:09:43.749364,33.3,16.0
2022-09-14 18:43:12.456694,2022-09-14 18:43:12.458232,2022-09-14 18:52:56.252195,0:09:43.795452,21.4,16.0
2022-09-14 18:43:12.485820,2022-09-14 18:43:12.498255,2022-09-14 18:52:56.267095,0:09:43.781226,22.2,16.0
2022-09-14 18:43:12.497195,2022-09-14 18:43:12.503539,2022-09-14 18:52:56.281107,0:09:43.783863,12.5,16.0
2022-09-14 18:43:12.508193,2022-09-14 18:43:12.514411,2022-09-14 18:52:56.301093,0:09:43.792852,18.2,16.0
2022-09-14 18:43:12.540940,2022-09-14 18:43:12.547408,2022-09-14 18:52:56.326964,0:09:43.785975,18.7,16.0
2022-09-14 18:43:12.530058,2022-09-14 18:43:12.564068,2022-09-14 18:52:56.377307,0:09:43.847197,17.2,16.0
2022-09-14 18:43:12.562818,2022-09-14 18:43:12.564324,2022-09-14 18:52:56.397332,0:09:43.834462,23.1,16.0
2022-09-14 18:43:12.546695,2022-09-14 18:43:12.564323,2022-09-14 18:52:56.405310,0:09:43.858565,25.0,16.0
2022-09-14 18:43:12.546447,2022-09-14 18:43:12.564254,2022-09-14 18:52:56.417353,0:09:43.870855,14.3,16.0
2022-09-14 18:43:12.524723,2022-09-14 18:43:12.530906,2022-09-14 18:52:56.429912,0:09:43.905136,25.0,16.0
2022-09-14 18:43:12.563083,2022-09-14 18:43:12.581008,2022-09-14 18:52:56.444859,0:09:43.881720,22.2,16.0
2022-09-14 18:43:12.524576,2022-09-14 18:43:12.536513,2022-09-14 18:52:56.462420,0:09:43.937793,18.2,16.0
2022-09-14 18:43:12.524409,2022-09-14 18:43:12.563957,2022-09-14 18:52:56.480502,0:09:43.956039,27.3,16.0
2022-09-14 18:43:12.596244,2022-09-14 18:43:12.597490,2022-09-14 18:52:56.506587,0:09:43.910294,18.7,16.0
2022-09-14 18:43:12.596145,2022-09-14 18:43:12.598985,2022-09-14 18:52:56.536851,0:09:43.940655,17.6,16.0
2022-09-14 18:43:12.597075,2022-09-14 18:43:12.598718,2022-09-14 18:52:56.552947,0:09:43.955822,20.0,16.0
2022-09-14 18:43:12.568905,2022-09-14 18:43:12.597489,2022-09-14 18:52:56.561111,0:09:43.992157,20.0,16.0
2022-09-14 18:43:12.604084,2022-09-14 18:43:12.610382,2022-09-14 18:52:56.579116,0:09:43.974983,18.2,16.0
2022-09-14 18:43:12.596359,2022-09-14 18:43:12.598195,2022-09-14 18:52:56.598701,0:09:44.002292,18.2,16.0
2022-09-14 18:43:12.609372,2022-09-14 18:43:12.610598,2022-09-14 18:52:56.614675,0:09:44.005248,20.0,16.0
2022-09-14 18:43:12.625957,2022-09-14 18:43:12.632136,2022-09-14 18:52:56.622706,0:09:43.996700,0.0,16.0
2022-09-14 18:43:12.609674,2022-09-14 18:43:12.616176,2022-09-14 18:52:56.644761,0:09:44.035038,15.4,16.0
2022-09-14 18:43:12.636413,2022-09-14 18:43:12.648401,2022-09-14 18:52:56.652725,0:09:44.016263,25.0,16.0
2022-09-14 18:43:12.647469,2022-09-14 18:43:12.654192,2022-09-14 18:52:56.678617,0:09:44.031099,18.7,16.0
2022-09-14 18:43:12.664806,2022-09-14 18:43:12.665850,2022-09-14 18:52:56.694589,0:09:44.029734,20.0,16.0
2022-09-14 18:43:12.664240,2022-09-14 18:43:12.671202,2022-09-14 18:52:56.740720,0:09:44.076425,18.5,16.0
2022-09-14 18:43:12.664606,2022-09-14 18:43:12.671571,2022-09-14 18:52:56.757152,0:09:44.092488,20.0,16.0
2022-09-14 18:43:12.664103,2022-09-14 18:43:12.677359,2022-09-14 18:52:56.782336,0:09:44.118174,20.0,16.0
2022-09-14 18:43:12.671015,2022-09-14 18:43:12.693742,2022-09-14 18:52:56.787670,0:09:44.116586,33.3,16.0
2022-09-14 18:43:12.687475,2022-09-14 18:43:12.705382,2022-09-14 18:52:56.801710,0:09:44.114181,22.2,16.0
2022-09-14 18:43:12.670619,2022-09-14 18:43:12.699660,2022-09-14 18:52:56.833749,0:09:44.163067,21.1,16.0
2022-09-14 18:43:12.715228,2022-09-14 18:43:12.727634,2022-09-14 18:52:56.857683,0:09:44.142392,14.3,16.0
2022-09-14 18:43:12.732484,2022-09-14 18:43:12.744485,2022-09-14 18:52:56.882302,0:09:44.149766,25.0,16.0
2022-09-14 18:43:12.698388,2022-09-14 18:43:12.733411,2022-09-14 18:52:56.890355,0:09:44.191916,25.0,16.0
2022-09-14 18:43:12.670350,2022-09-14 18:43:12.698966,2022-09-14 18:52:56.900433,0:09:44.230034,16.7,16.0
2022-09-14 18:43:12.732343,2022-09-14 18:43:12.738940,2022-09-14 18:52:56.948717,0:09:44.216323,20.7,16.0
2022-09-14 18:43:12.726631,2022-09-14 18:43:12.733127,2022-09-14 18:52:56.958751,0:09:44.232057,16.7,16.0
2022-09-14 18:43:12.738382,2022-09-14 18:43:12.751064,2022-09-14 18:52:56.973549,0:09:44.235116,12.5,16.0
2022-09-14 18:43:12.725985,2022-09-14 18:43:12.751103,2022-09-14 18:52:56.978812,0:09:44.252774,25.0,16.0
2022-09-14 18:43:12.726467,2022-09-14 18:43:12.751194,2022-09-14 18:52:56.993897,0:09:44.267378,22.2,16.0
2022-09-14 18:43:12.755571,2022-09-14 18:43:12.756533,2022-09-14 18:52:56.999149,0:09:44.243530,33.3,16.0
2022-09-14 18:43:12.743750,2022-09-14 18:43:12.744965,2022-09-14 18:52:57.035210,0:09:44.291406,19.0,16.0
2022-09-14 18:43:12.761010,2022-09-14 18:43:12.761989,2022-09-14 18:52:57.047210,0:09:44.286149,25.0,16.0
2022-09-14 18:43:12.794349,2022-09-14 18:43:12.795284,2022-09-14 18:52:57.081159,0:09:44.286760,15.0,16.0
2022-09-14 18:43:12.795243,2022-09-14 18:43:12.801920,2022-09-14 18:52:57.089176,0:09:44.293880,25.0,16.0
2022-09-14 18:43:12.795090,2022-09-14 18:43:12.802029,2022-09-14 18:52:57.099155,0:09:44.304016,28.6,16.0
2022-09-14 18:43:12.793605,2022-09-14 18:43:12.794576,2022-09-14 18:52:57.113252,0:09:44.319599,12.5,16.0
2022-09-14 18:43:12.794210,2022-09-14 18:43:12.795523,2022-09-14 18:52:57.129393,0:09:44.335133,22.2,16.0
2022-09-14 18:43:12.794877,2022-09-14 18:43:12.803599,2022-09-14 18:52:57.153389,0:09:44.358462,25.0,16.0
2022-09-14 18:43:12.800892,2022-09-14 18:43:12.802183,2022-09-14 18:52:57.167445,0:09:44.366503,22.2,16.0
2022-09-14 18:43:12.808348,2022-09-14 18:43:12.814377,2022-09-14 18:52:57.200261,0:09:44.391863,16.7,16.0
2022-09-14 18:43:12.859127,2022-09-14 18:43:12.860349,2022-09-14 18:52:57.210129,0:09:44.350953,16.7,16.0
2022-09-14 18:43:12.818941,2022-09-14 18:43:12.819900,2022-09-14 18:52:57.256587,0:09:44.437595,17.9,16.0
2022-09-14 18:43:12.865812,2022-09-14 18:43:12.867306,2022-09-14 18:52:57.266507,0:09:44.400645,16.7,16.0
2022-09-14 18:43:12.865613,2022-09-14 18:43:12.867174,2022-09-14 18:52:57.274637,0:09:44.408968,20.0,16.0
2022-09-14 18:43:12.866579,2022-09-14 18:43:12.878841,2022-09-14 18:52:57.317168,0:09:44.450536,24.0,16.0
2022-09-14 18:43:12.829843,2022-09-14 18:43:12.866047,2022-09-14 18:52:57.327051,0:09:44.497158,33.3,16.0
2022-09-14 18:43:12.888883,2022-09-14 18:43:12.895004,2022-09-14 18:52:57.335000,0:09:44.446068,20.0,16.0
2022-09-14 18:43:12.858993,2022-09-14 18:43:12.860348,2022-09-14 18:52:57.348063,0:09:44.489021,12.5,16.0
2022-09-14 18:43:12.865432,2022-09-14 18:43:12.867188,2022-09-14 18:52:57.372012,0:09:44.506531,15.4,16.0
2022-09-14 18:43:12.872250,2022-09-14 18:43:12.878752,2022-09-14 18:52:57.417172,0:09:44.544871,18.5,16.0
2022-09-14 18:43:12.877842,2022-09-14 18:43:12.921958,2022-09-14 18:52:57.424280,0:09:44.546388,20.0,16.0
2022-09-14 18:43:12.905066,2022-09-14 18:43:12.911485,2022-09-14 18:52:57.455675,0:09:44.550550,16.7,16.0
2022-09-14 18:43:12.926922,2022-09-14 18:43:12.928668,2022-09-14 18:52:57.481032,0:09:44.554058,14.3,16.0
2022-09-14 18:43:12.926764,2022-09-14 18:43:12.928971,2022-09-14 18:52:57.488983,0:09:44.562171,33.3,16.0
2022-09-14 18:43:12.927596,2022-09-14 18:43:12.956115,2022-09-14 18:52:57.502942,0:09:44.575297,12.5,16.0
2022-09-14 18:43:12.921207,2022-09-14 18:43:12.927557,2022-09-14 18:52:57.516225,0:09:44.594969,14.3,16.0
2022-09-14 18:43:12.927417,2022-09-14 18:43:12.966864,2022-09-14 18:52:57.539295,0:09:44.611829,21.4,16.0
2022-09-14 18:43:12.939545,2022-09-14 18:43:12.940498,2022-09-14 18:52:57.547147,0:09:44.607554,20.0,16.0
2022-09-14 18:43:12.966027,2022-09-14 18:43:12.966864,2022-09-14 18:52:57.562894,0:09:44.596818,11.1,16.0
2022-09-14 18:43:12.927789,2022-09-14 18:43:12.934455,2022-09-14 18:52:57.615128,0:09:44.687288,16.7,16.0
2022-09-14 18:43:12.989013,2022-09-14 18:43:12.995509,2022-09-14 18:52:57.640866,0:09:44.651800,18.7,16.0
2022-09-14 18:43:12.999971,2022-09-14 18:43:13.012178,2022-09-14 18:52:57.652539,0:09:44.652517,14.3,16.0
2022-09-14 18:43:12.971583,2022-09-14 18:43:12.989877,2022-09-14 18:52:57.663351,0:09:44.691716,16.7,16.0
2022-09-14 18:43:12.977288,2022-09-14 18:43:12.978882,2022-09-14 18:52:57.691118,0:09:44.713777,18.7,16.0
2022-09-14 18:43:13.010709,2022-09-14 18:43:13.011719,2022-09-14 18:52:57.710059,0:09:44.699298,18.2,16.0
2022-09-14 18:43:13.000137,2022-09-14 18:43:13.023586,2022-09-14 18:52:57.718067,0:09:44.717879,20.0,16.0
2022-09-14 18:43:12.988789,2022-09-14 18:43:13.011801,2022-09-14 18:52:57.733803,0:09:44.744964,20.0,16.0
2022-09-14 18:43:13.011291,2022-09-14 18:43:13.023463,2022-09-14 18:52:57.772929,0:09:44.761586,20.8,16.0
2022-09-14 18:43:13.043931,2022-09-14 18:43:13.055540,2022-09-14 18:52:57.791729,0:09:44.747743,18.2,16.0
2022-09-14 18:43:13.011485,2022-09-14 18:43:13.012428,2022-09-14 18:52:57.802494,0:09:44.790958,16.7,16.0
2022-09-14 18:43:13.054532,2022-09-14 18:43:13.060809,2022-09-14 18:52:57.822520,0:09:44.767934,16.7,16.0
2022-09-14 18:43:13.065199,2022-09-14 18:43:13.072679,2022-09-14 18:52:57.875322,0:09:44.810052,16.1,16.0
2022-09-14 18:43:13.065603,2022-09-14 18:43:13.083081,2022-09-14 18:52:57.887345,0:09:44.821672,14.3,16.0
2022-09-14 18:43:13.071327,2022-09-14 18:43:13.099195,2022-09-14 18:52:57.900180,0:09:44.828788,14.3,16.0
2022-09-14 18:43:13.082402,2022-09-14 18:43:13.099429,2022-09-14 18:52:57.908801,0:09:44.826332,20.0,16.0
2022-09-14 18:43:13.065760,2022-09-14 18:43:13.066682,2022-09-14 18:52:57.945973,0:09:44.880146,18.2,16.0
2022-09-14 18:43:13.065457,2022-09-14 18:43:13.099311,2022-09-14 18:52:57.956610,0:09:44.891088,28.6,16.0
2022-09-14 18:43:13.125989,2022-09-14 18:43:13.127455,2022-09-14 18:52:57.993305,0:09:44.867245,18.2,16.0
2022-09-14 18:43:13.092948,2022-09-14 18:43:13.099331,2022-09-14 18:52:58.002031,0:09:44.909017,33.3,16.0
2022-09-14 18:43:13.082522,2022-09-14 18:43:13.099195,2022-09-14 18:52:58.020631,0:09:44.938037,20.0,16.0
2022-09-14 18:43:13.126765,2022-09-14 18:43:13.139006,2022-09-14 18:52:58.034674,0:09:44.907845,22.2,16.0
2022-09-14 18:43:13.132728,2022-09-14 18:43:13.139446,2022-09-14 18:52:58.046197,0:09:44.913418,14.3,16.0
2022-09-14 18:43:13.126469,2022-09-14 18:43:13.139703,2022-09-14 18:52:58.056155,0:09:44.929636,20.0,16.0
2022-09-14 18:43:13.115142,2022-09-14 18:43:13.116050,2022-09-14 18:52:58.071495,0:09:44.956303,20.0,16.0
2022-09-14 18:43:13.132348,2022-09-14 18:43:13.140384,2022-09-14 18:52:58.079467,0:09:44.947069,0.0,16.0
2022-09-14 18:43:13.138035,2022-09-14 18:43:13.139530,2022-09-14 18:52:58.103616,0:09:44.965521,21.4,16.0
2022-09-14 18:43:13.145435,2022-09-14 18:43:13.146911,2022-09-14 18:52:58.119127,0:09:44.973640,11.1,16.0
2022-09-14 18:43:13.162650,2022-09-14 18:43:13.168854,2022-09-14 18:52:58.156400,0:09:44.993695,18.2,16.0
2022-09-14 18:43:13.157382,2022-09-14 18:43:13.174244,2022-09-14 18:52:58.197784,0:09:45.040347,16.7,16.0
2022-09-14 18:43:13.189564,2022-09-14 18:43:13.196330,2022-09-14 18:52:58.211710,0:09:45.022093,22.2,16.0
2022-09-14 18:43:13.195092,2022-09-14 18:43:13.196142,2022-09-14 18:52:58.217055,0:09:45.021912,0.0,16.0
2022-09-14 18:43:13.201779,2022-09-14 18:43:13.223814,2022-09-14 18:52:58.279676,0:09:45.077837,18.4,16.0
2022-09-14 18:43:13.228549,2022-09-14 18:43:13.234861,2022-09-14 18:52:58.295351,0:09:45.066751,11.1,16.0
2022-09-14 18:43:13.201486,2022-09-14 18:43:13.208388,2022-09-14 18:52:58.306005,0:09:45.104470,16.7,16.0
2022-09-14 18:43:13.179081,2022-09-14 18:43:13.196273,2022-09-14 18:52:58.311361,0:09:45.132231,60.0,16.0
2022-09-14 18:43:13.212837,2022-09-14 18:43:13.213736,2022-09-14 18:52:58.321281,0:09:45.108395,0.0,16.0
2022-09-14 18:43:13.250099,2022-09-14 18:43:13.256874,2022-09-14 18:52:58.353454,0:09:45.103302,23.8,16.0
2022-09-14 18:43:13.189721,2022-09-14 18:43:13.196652,2022-09-14 18:52:58.386839,0:09:45.197065,20.0,16.0
2022-09-14 18:43:13.250435,2022-09-14 18:43:13.263118,2022-09-14 18:52:58.395392,0:09:45.144907,20.0,16.0
2022-09-14 18:43:13.202057,2022-09-14 18:43:13.223725,2022-09-14 18:52:58.429741,0:09:45.227634,15.0,16.0
2022-09-14 18:43:13.262242,2022-09-14 18:43:13.269382,2022-09-14 18:52:58.440387,0:09:45.178096,28.6,16.0
2022-09-14 18:43:13.250624,2022-09-14 18:43:13.263663,2022-09-14 18:52:58.464657,0:09:45.213975,15.4,16.0
2022-09-14 18:43:13.290700,2022-09-14 18:43:13.291894,2022-09-14 18:52:58.484688,0:09:45.193937,16.7,16.0
2022-09-14 18:43:13.261829,2022-09-14 18:43:13.269169,2022-09-14 18:52:58.492600,0:09:45.230722,20.0,16.0
2022-09-14 18:43:13.268825,2022-09-14 18:43:13.275087,2022-09-14 18:52:58.506560,0:09:45.237685,14.3,16.0
2022-09-14 18:43:13.262063,2022-09-14 18:43:13.274881,2022-09-14 18:52:58.520157,0:09:45.258044,22.2,16.0
2022-09-14 18:43:13.290493,2022-09-14 18:43:13.292242,2022-09-14 18:52:58.532166,0:09:45.241624,16.7,16.0
2022-09-14 18:43:13.263059,2022-09-14 18:43:13.291334,2022-09-14 18:52:58.546160,0:09:45.283052,22.2,16.0
2022-09-14 18:43:13.324968,2022-09-14 18:43:13.331670,2022-09-14 18:52:58.581936,0:09:45.256918,18.2,16.0
2022-09-14 18:43:13.314027,2022-09-14 18:43:13.320532,2022-09-14 18:52:58.590017,0:09:45.275940,25.0,16.0
2022-09-14 18:43:13.325321,2022-09-14 18:43:13.337170,2022-09-14 18:52:58.634644,0:09:45.309267,24.1,16.0
2022-09-14 18:43:13.325149,2022-09-14 18:43:13.348084,2022-09-14 18:52:58.641840,0:09:45.316642,25.0,16.0
2022-09-14 18:43:13.331034,2022-09-14 18:43:13.348575,2022-09-14 18:52:58.669520,0:09:45.338437,17.6,16.0
2022-09-14 18:43:13.314179,2022-09-14 18:43:13.348575,2022-09-14 18:52:58.674921,0:09:45.360693,33.3,16.0
2022-09-14 18:43:13.330724,2022-09-14 18:43:13.354317,2022-09-14 18:52:58.691745,0:09:45.360971,11.1,16.0
2022-09-14 18:43:13.353655,2022-09-14 18:43:13.360182,2022-09-14 18:52:58.705794,0:09:45.352089,20.0,16.0
2022-09-14 18:43:13.353272,2022-09-14 18:43:13.354564,2022-09-14 18:52:58.717855,0:09:45.364534,16.7,16.0
2022-09-14 18:43:13.385962,2022-09-14 18:43:13.393577,2022-09-14 18:52:58.764852,0:09:45.378839,20.7,16.0
2022-09-14 18:43:13.364669,2022-09-14 18:43:13.375991,2022-09-14 18:52:58.793767,0:09:45.429047,17.6,16.0
2022-09-14 18:43:13.391876,2022-09-14 18:43:13.393749,2022-09-14 18:52:58.815372,0:09:45.423445,21.4,16.0
2022-09-14 18:43:13.392319,2022-09-14 18:43:13.393881,2022-09-14 18:52:58.836082,0:09:45.443713,18.2,16.0
2022-09-14 18:43:13.420159,2022-09-14 18:43:13.426408,2022-09-14 18:52:58.841261,0:09:45.421054,0.0,16.0
2022-09-14 18:43:13.392744,2022-09-14 18:43:13.426407,2022-09-14 18:52:58.851299,0:09:45.458507,33.3,16.0
2022-09-14 18:43:13.391669,2022-09-14 18:43:13.426507,2022-09-14 18:52:58.869677,0:09:45.477950,18.2,16.0
2022-09-14 18:43:13.398573,2022-09-14 18:43:13.410467,2022-09-14 18:52:58.885649,0:09:45.487021,27.3,16.0
2022-09-14 18:43:13.425996,2022-09-14 18:43:13.427401,2022-09-14 18:52:58.901618,0:09:45.475574,20.0,16.0
2022-09-14 18:43:13.437688,2022-09-14 18:43:13.439414,2022-09-14 18:52:58.940953,0:09:45.503207,20.8,16.0
2022-09-14 18:43:13.404033,2022-09-14 18:43:13.426852,2022-09-14 18:52:58.946326,0:09:45.542238,33.3,16.0
2022-09-14 18:43:13.455559,2022-09-14 18:43:13.468002,2022-09-14 18:52:58.964710,0:09:45.509098,25.0,16.0
2022-09-14 18:43:13.454759,2022-09-14 18:43:13.462138,2022-09-14 18:52:58.998832,0:09:45.544019,20.0,16.0
2022-09-14 18:43:13.466941,2022-09-14 18:43:13.468276,2022-09-14 18:52:59.011004,0:09:45.544012,14.3,16.0
2022-09-14 18:43:13.455050,2022-09-14 18:43:13.484080,2022-09-14 18:52:59.034547,0:09:45.579446,21.4,16.0
2022-09-14 18:43:13.488828,2022-09-14 18:43:13.490128,2022-09-14 18:52:59.039793,0:09:45.550915,33.3,16.0
2022-09-14 18:43:13.449319,2022-09-14 18:43:13.468002,2022-09-14 18:52:59.044990,0:09:45.595623,0.0,16.0
2022-09-14 18:43:13.483380,2022-09-14 18:43:13.490381,2022-09-14 18:52:59.055050,0:09:45.571621,20.0,16.0
2022-09-14 18:43:13.488685,2022-09-14 18:43:13.496121,2022-09-14 18:52:59.075197,0:09:45.586462,16.7,16.0
2022-09-14 18:43:13.517052,2022-09-14 18:43:13.523451,2022-09-14 18:52:59.125689,0:09:45.608583,16.7,16.0
2022-09-14 18:43:13.511617,2022-09-14 18:43:13.523730,2022-09-14 18:52:59.147898,0:09:45.636231,23.1,16.0
2022-09-14 18:43:13.511465,2022-09-14 18:43:13.524142,2022-09-14 18:52:59.156064,0:09:45.644550,20.0,16.0
2022-09-14 18:43:13.523143,2022-09-14 18:43:13.524090,2022-09-14 18:52:59.165932,0:09:45.642741,16.7,16.0
2022-09-14 18:43:13.534362,2022-09-14 18:43:13.535390,2022-09-14 18:52:59.175783,0:09:45.641373,20.0,16.0
2022-09-14 18:43:13.460927,2022-09-14 18:43:13.462138,2022-09-14 18:52:59.186638,0:09:45.725656,28.6,16.0
2022-09-14 18:43:13.522736,2022-09-14 18:43:13.524090,2022-09-14 18:52:59.191853,0:09:45.669068,0.0,16.0
2022-09-14 18:43:13.546574,2022-09-14 18:43:13.558728,2022-09-14 18:52:59.253681,0:09:45.707043,21.1,16.0
2022-09-14 18:43:13.552129,2022-09-14 18:43:13.569462,2022-09-14 18:52:59.265079,0:09:45.712895,28.6,16.0
2022-09-14 18:43:13.529049,2022-09-14 18:43:13.569191,2022-09-14 18:52:59.275797,0:09:45.746698,16.7,16.0
2022-09-14 18:43:13.557622,2022-09-14 18:43:13.558546,2022-09-14 18:52:59.291888,0:09:45.734217,20.0,16.0
2022-09-14 18:43:13.574110,2022-09-14 18:43:13.586309,2022-09-14 18:52:59.332094,0:09:45.757934,20.8,16.0
2022-09-14 18:43:13.585017,2022-09-14 18:43:13.592906,2022-09-14 18:52:59.341988,0:09:45.756922,16.7,16.0
2022-09-14 18:43:13.585158,2022-09-14 18:43:13.586524,2022-09-14 18:52:59.362013,0:09:45.776806,16.7,16.0
2022-09-14 18:43:13.591487,2022-09-14 18:43:13.592721,2022-09-14 18:52:59.372034,0:09:45.780498,33.3,16.0
2022-09-14 18:43:13.579342,2022-09-14 18:43:13.592574,2022-09-14 18:52:59.387995,0:09:45.808601,20.0,16.0
2022-09-14 18:43:13.597783,2022-09-14 18:43:13.609732,2022-09-14 18:52:59.409996,0:09:45.812164,16.7,16.0
2022-09-14 18:43:13.608966,2022-09-14 18:43:13.615723,2022-09-14 18:52:59.449788,0:09:45.840765,23.1,15.9
2022-09-14 18:43:13.614354,2022-09-14 18:43:13.664720,2022-09-14 18:52:59.474996,0:09:45.860571,25.0,15.9
2022-09-14 18:43:13.631459,2022-09-14 18:43:13.648497,2022-09-14 18:52:59.500052,0:09:45.868524,21.4,15.9
2022-09-14 18:43:13.647614,2022-09-14 18:43:13.664635,2022-09-14 18:52:59.508403,0:09:45.860724,20.0,15.9
2022-09-14 18:43:13.641971,2022-09-14 18:43:13.654258,2022-09-14 18:52:59.533063,0:09:45.891023,37.5,15.9
2022-09-14 18:43:13.620597,2022-09-14 18:43:13.632294,2022-09-14 18:52:59.551652,0:09:45.930979,20.0,15.9
2022-09-14 18:43:13.642107,2022-09-14 18:43:13.648419,2022-09-14 18:52:59.572809,0:09:45.930633,21.4,15.9
2022-09-14 18:43:13.676353,2022-09-14 18:43:13.678060,2022-09-14 18:52:59.581058,0:09:45.904642,25.0,15.9
2022-09-14 18:43:13.676128,2022-09-14 18:43:13.677686,2022-09-14 18:52:59.591434,0:09:45.915242,16.7,15.9
2022-09-14 18:43:13.653293,2022-09-14 18:43:13.678648,2022-09-14 18:52:59.608076,0:09:45.954715,20.0,15.9
2022-09-14 18:43:13.669871,2022-09-14 18:43:13.670905,2022-09-14 18:52:59.618504,0:09:45.948569,16.7,15.9
2022-09-14 18:43:13.670273,2022-09-14 18:43:13.677400,2022-09-14 18:52:59.678270,0:09:46.007931,17.1,15.9
2022-09-14 18:43:13.707481,2022-09-14 18:43:13.708513,2022-09-14 18:52:59.683727,0:09:45.976189,33.3,15.9
2022-09-14 18:43:13.699683,2022-09-14 18:43:13.708773,2022-09-14 18:52:59.702581,0:09:46.002833,18.2,15.9
2022-09-14 18:43:13.707899,2022-09-14 18:43:13.708944,2022-09-14 18:52:59.713106,0:09:46.005142,16.7,15.9
2022-09-14 18:43:13.707281,2022-09-14 18:43:13.724674,2022-09-14 18:52:59.741959,0:09:46.034608,22.2,15.9
2022-09-14 18:43:13.735376,2022-09-14 18:43:13.752473,2022-09-14 18:52:59.768745,0:09:46.033300,20.0,15.9
2022-09-14 18:43:13.724032,2022-09-14 18:43:13.752165,2022-09-14 18:52:59.776919,0:09:46.052819,20.0,15.9
2022-09-14 18:43:13.734801,2022-09-14 18:43:13.736217,2022-09-14 18:52:59.787207,0:09:46.052342,16.7,15.9
2022-09-14 18:43:13.713488,2022-09-14 18:43:13.730358,2022-09-14 18:52:59.816570,0:09:46.103013,17.6,15.9
2022-09-14 18:43:13.751447,2022-09-14 18:43:13.758108,2022-09-14 18:52:59.822182,0:09:46.070671,25.0,15.9
2022-09-14 18:43:13.774209,2022-09-14 18:43:13.775936,2022-09-14 18:52:59.862674,0:09:46.088383,20.8,15.9
2022-09-14 18:43:13.768458,2022-09-14 18:43:13.775665,2022-09-14 18:52:59.874826,0:09:46.106295,14.3,15.9
2022-09-14 18:43:13.774636,2022-09-14 18:43:13.775825,2022-09-14 18:52:59.886313,0:09:46.111614,28.6,15.9
2022-09-14 18:43:13.775207,2022-09-14 18:43:13.781431,2022-09-14 18:52:59.891833,0:09:46.116562,0.0,15.9
2022-09-14 18:43:13.774029,2022-09-14 18:43:13.775497,2022-09-14 18:52:59.912310,0:09:46.138214,25.0,15.9
2022-09-14 18:43:13.751573,2022-09-14 18:43:13.758311,2022-09-14 18:52:59.934996,0:09:46.183355,21.4,15.9
2022-09-14 18:43:13.786585,2022-09-14 18:43:13.793498,2022-09-14 18:52:59.967360,0:09:46.180706,15.8,15.9
2022-09-14 18:43:13.814414,2022-09-14 18:43:13.820911,2022-09-14 18:52:59.980328,0:09:46.165849,25.0,15.9
2022-09-14 18:43:13.798148,2022-09-14 18:43:13.809735,2022-09-14 18:52:59.990789,0:09:46.192575,28.6,15.9
2022-09-14 18:43:13.803679,2022-09-14 18:43:13.826637,2022-09-14 18:53:00.019678,0:09:46.215925,18.7,15.9
2022-09-14 18:43:13.814553,2022-09-14 18:43:13.815750,2022-09-14 18:53:00.039502,0:09:46.224881,16.7,15.9
2022-09-14 18:43:13.842503,2022-09-14 18:43:13.843463,2022-09-14 18:53:00.076450,0:09:46.233874,19.0,15.9
2022-09-14 18:43:13.848498,2022-09-14 18:43:13.849401,2022-09-14 18:53:00.094210,0:09:46.245649,18.2,15.9
2022-09-14 18:43:13.842749,2022-09-14 18:43:13.849449,2022-09-14 18:53:00.102649,0:09:46.259837,25.0,15.9
2022-09-14 18:43:13.836701,2022-09-14 18:43:13.866587,2022-09-14 18:53:00.122641,0:09:46.285879,23.1,15.9
2022-09-14 18:43:13.842949,2022-09-14 18:43:13.849401,2022-09-14 18:53:00.127897,0:09:46.284896,33.3,15.9
2022-09-14 18:43:13.836509,2022-09-14 18:43:13.854829,2022-09-14 18:53:00.133118,0:09:46.296561,0.0,15.9
2022-09-14 18:43:13.865425,2022-09-14 18:43:13.872385,2022-09-14 18:53:00.163798,0:09:46.298305,21.1,15.9
2022-09-14 18:43:13.865226,2022-09-14 18:43:13.872287,2022-09-14 18:53:00.188772,0:09:46.323478,20.0,15.9
2022-09-14 18:43:13.877101,2022-09-14 18:43:13.905855,2022-09-14 18:53:00.242879,0:09:46.365709,18.7,15.9
2022-09-14 18:43:13.877270,2022-09-14 18:43:13.900535,2022-09-14 18:53:00.248326,0:09:46.370991,33.3,15.9
2022-09-14 18:43:13.899264,2022-09-14 18:43:13.911194,2022-09-14 18:53:00.256526,0:09:46.357197,20.0,15.9
2022-09-14 18:43:13.899473,2022-09-14 18:43:13.912484,2022-09-14 18:53:00.271250,0:09:46.371712,22.2,15.9
2022-09-14 18:43:13.910448,2022-09-14 18:43:13.912002,2022-09-14 18:53:00.290613,0:09:46.380099,20.0,15.9
2022-09-14 18:43:13.911468,2022-09-14 18:43:13.918119,2022-09-14 18:53:00.299312,0:09:46.387781,20.0,15.9
2022-09-14 18:43:13.910761,2022-09-14 18:43:13.918288,2022-09-14 18:53:00.310515,0:09:46.399690,16.7,15.9
2022-09-14 18:43:13.928283,2022-09-14 18:43:13.929584,2022-09-14 18:53:00.343177,0:09:46.414824,15.8,15.9
2022-09-14 18:43:13.929020,2022-09-14 18:43:13.929920,2022-09-14 18:53:00.351430,0:09:46.422355,20.0,15.9
2022-09-14 18:43:13.917217,2022-09-14 18:43:13.930192,2022-09-14 18:53:00.359674,0:09:46.442396,20.0,15.9
2022-09-14 18:43:13.940320,2022-09-14 18:43:13.952178,2022-09-14 18:53:00.389519,0:09:46.449148,22.2,15.9
2022-09-14 18:43:13.945957,2022-09-14 18:43:13.962810,2022-09-14 18:53:00.413671,0:09:46.467651,20.0,15.9
2022-09-14 18:43:13.961762,2022-09-14 18:43:13.973985,2022-09-14 18:53:00.450251,0:09:46.488436,19.0,15.9
2022-09-14 18:43:13.989113,2022-09-14 18:43:13.990428,2022-09-14 18:53:00.481963,0:09:46.492797,20.0,15.9
2022-09-14 18:43:13.972717,2022-09-14 18:43:13.979558,2022-09-14 18:53:00.496126,0:09:46.523355,33.3,15.9
2022-09-14 18:43:13.989311,2022-09-14 18:43:13.996457,2022-09-14 18:53:00.504055,0:09:46.514694,20.0,15.9
2022-09-14 18:43:13.995013,2022-09-14 18:43:13.996481,2022-09-14 18:53:00.530268,0:09:46.535204,18.7,15.9
2022-09-14 18:43:13.972518,2022-09-14 18:43:13.973985,2022-09-14 18:53:00.542082,0:09:46.569514,37.5,15.9
2022-09-14 18:43:13.978528,2022-09-14 18:43:13.979558,2022-09-14 18:53:00.564257,0:09:46.585679,21.4,15.9
2022-09-14 18:43:13.978937,2022-09-14 18:43:13.989920,2022-09-14 18:53:00.582517,0:09:46.603529,20.0,15.9
2022-09-14 18:43:14.001708,2022-09-14 18:43:14.018439,2022-09-14 18:53:00.590457,0:09:46.588699,20.0,15.9
2022-09-14 18:43:14.033447,2022-09-14 18:43:14.034612,2022-09-14 18:53:00.622944,0:09:46.589446,15.8,15.9
2022-09-14 18:43:14.044786,2022-09-14 18:43:14.056951,2022-09-14 18:53:00.643069,0:09:46.598233,25.0,15.9
2022-09-14 18:43:14.033875,2022-09-14 18:43:14.040155,2022-09-14 18:53:00.668937,0:09:46.635012,13.3,15.9
2022-09-14 18:43:14.006954,2022-09-14 18:43:14.045722,2022-09-14 18:53:00.689063,0:09:46.682058,16.7,15.9
2022-09-14 18:43:14.056292,2022-09-14 18:43:14.068189,2022-09-14 18:53:00.700984,0:09:46.644642,28.6,15.9
2022-09-14 18:43:14.073350,2022-09-14 18:43:14.074515,2022-09-14 18:53:00.719100,0:09:46.645696,18.2,15.9
2022-09-14 18:43:14.056613,2022-09-14 18:43:14.068189,2022-09-14 18:53:00.729403,0:09:46.672739,16.7,15.9
2022-09-14 18:43:14.073219,2022-09-14 18:43:14.079885,2022-09-14 18:53:00.742518,0:09:46.669249,25.0,15.9
2022-09-14 18:43:14.062015,2022-09-14 18:43:14.073426,2022-09-14 18:53:00.747792,0:09:46.685724,33.3,15.9
2022-09-14 18:43:14.050384,2022-09-14 18:43:14.056790,2022-09-14 18:53:00.764169,0:09:46.713730,20.0,15.9
2022-09-14 18:43:14.072892,2022-09-14 18:43:14.080333,2022-09-14 18:53:00.807208,0:09:46.734255,16.0,15.9
2022-09-14 18:43:14.100601,2022-09-14 18:43:14.107583,2022-09-14 18:53:00.812547,0:09:46.711891,33.3,15.9
2022-09-14 18:43:14.095042,2022-09-14 18:43:14.112698,2022-09-14 18:53:00.822812,0:09:46.727717,16.7,15.9
2022-09-14 18:43:14.117094,2022-09-14 18:43:14.118031,2022-09-14 18:53:00.834534,0:09:46.717390,28.6,15.9
2022-09-14 18:43:14.106655,2022-09-14 18:43:14.118250,2022-09-14 18:53:00.866053,0:09:46.759348,20.0,15.9
2022-09-14 18:43:14.129291,2022-09-14 18:43:14.130466,2022-09-14 18:53:00.892758,0:09:46.763417,18.7,15.9
2022-09-14 18:43:14.135127,2022-09-14 18:43:14.136043,2022-09-14 18:53:00.913015,0:09:46.777836,18.2,15.9
2022-09-14 18:43:14.129084,2022-09-14 18:43:14.141610,2022-09-14 18:53:00.920907,0:09:46.791771,20.0,15.9
2022-09-14 18:43:14.135467,2022-09-14 18:43:14.141610,2022-09-14 18:53:00.957143,0:09:46.821624,22.7,15.9
2022-09-14 18:43:14.141232,2022-09-14 18:43:14.158343,2022-09-14 18:53:00.965189,0:09:46.823905,20.0,15.9
2022-09-14 18:43:14.157054,2022-09-14 18:43:14.158287,2022-09-14 18:53:00.981420,0:09:46.824315,20.0,15.9
2022-09-14 18:43:14.123647,2022-09-14 18:43:14.130606,2022-09-14 18:53:01.000521,0:09:46.876819,25.0,15.9
2022-09-14 18:43:14.163317,2022-09-14 18:43:14.175226,2022-09-14 18:53:01.027160,0:09:46.863791,18.8,15.9
2022-09-14 18:43:14.173836,2022-09-14 18:43:14.180810,2022-09-14 18:53:01.061809,0:09:46.887920,15.8,15.9
2022-09-14 18:43:14.185529,2022-09-14 18:43:14.191844,2022-09-14 18:53:01.071910,0:09:46.886330,16.7,15.9
2022-09-14 18:43:14.191430,2022-09-14 18:43:14.201997,2022-09-14 18:53:01.089939,0:09:46.898458,18.2,15.9
2022-09-14 18:43:14.190989,2022-09-14 18:43:14.202057,2022-09-14 18:53:01.102024,0:09:46.910985,28.6,15.9
2022-09-14 18:43:14.191638,2022-09-14 18:43:14.202190,2022-09-14 18:53:01.135750,0:09:46.944062,22.7,15.9
2022-09-14 18:43:14.200740,2022-09-14 18:43:14.219384,2022-09-14 18:53:01.143879,0:09:46.943088,25.0,15.9
2022-09-14 18:43:14.200463,2022-09-14 18:43:14.201751,2022-09-14 18:53:01.159901,0:09:46.959389,20.0,15.9
2022-09-14 18:43:14.256999,2022-09-14 18:43:14.258009,2022-09-14 18:53:01.198668,0:09:46.941613,13.6,15.9
2022-09-14 18:43:14.217974,2022-09-14 18:43:14.224621,2022-09-14 18:53:01.203920,0:09:46.985896,33.3,15.9
2022-09-14 18:43:14.224064,2022-09-14 18:43:14.246845,2022-09-14 18:53:01.221922,0:09:46.997809,10.0,15.9
2022-09-14 18:43:14.251643,2022-09-14 18:43:14.258776,2022-09-14 18:53:01.237840,0:09:46.986148,30.0,15.9
2022-09-14 18:43:14.235459,2022-09-14 18:43:14.241595,2022-09-14 18:53:01.251814,0:09:47.016307,22.2,15.9
2022-09-14 18:43:14.251463,2022-09-14 18:43:14.258382,2022-09-14 18:53:01.262043,0:09:47.010532,16.7,15.9
2022-09-14 18:43:14.206890,2022-09-14 18:43:14.213140,2022-09-14 18:53:01.284294,0:09:47.077356,21.4,15.9
2022-09-14 18:43:14.274206,2022-09-14 18:43:14.301807,2022-09-14 18:53:01.318487,0:09:47.044232,20.0,15.9
2022-09-14 18:43:14.263371,2022-09-14 18:43:14.296083,2022-09-14 18:53:01.336298,0:09:47.072877,20.0,15.9
2022-09-14 18:43:14.280020,2022-09-14 18:43:14.290939,2022-09-14 18:53:01.348307,0:09:47.068237,14.3,15.9
2022-09-14 18:43:14.300927,2022-09-14 18:43:14.302704,2022-09-14 18:53:01.362185,0:09:47.061210,12.5,15.9
2022-09-14 18:43:14.289535,2022-09-14 18:43:14.296427,2022-09-14 18:53:01.376233,0:09:47.086649,30.0,15.9
2022-09-14 18:43:14.263211,2022-09-14 18:43:14.296283,2022-09-14 18:53:01.390449,0:09:47.127188,14.3,15.9
2022-09-14 18:43:14.324570,2022-09-14 18:43:14.325516,2022-09-14 18:53:01.441903,0:09:47.117279,19.4,15.9
2022-09-14 18:43:14.318915,2022-09-14 18:43:14.346578,2022-09-14 18:53:01.463945,0:09:47.144974,21.4,15.9
2022-09-14 18:43:14.313244,2022-09-14 18:43:14.346687,2022-09-14 18:53:01.480083,0:09:47.166789,20.0,15.9
2022-09-14 18:43:14.301821,2022-09-14 18:43:14.325183,2022-09-14 18:53:01.487988,0:09:47.186117,25.0,15.9
2022-09-14 18:43:14.346190,2022-09-14 18:43:14.347206,2022-09-14 18:53:01.503937,0:09:47.157697,20.0,15.9
2022-09-14 18:43:14.351991,2022-09-14 18:43:14.353767,2022-09-14 18:53:01.524024,0:09:47.171984,18.2,15.9
2022-09-14 18:43:14.352146,2022-09-14 18:43:14.359202,2022-09-14 18:53:01.532099,0:09:47.179904,20.0,15.9
2022-09-14 18:43:14.345598,2022-09-14 18:43:14.347255,2022-09-14 18:53:01.542433,0:09:47.196784,16.7,15.9
2022-09-14 18:43:14.375475,2022-09-14 18:43:14.387144,2022-09-14 18:53:01.589666,0:09:47.214124,20.7,15.9
2022-09-14 18:43:14.352402,2022-09-14 18:43:14.382037,2022-09-14 18:53:01.611839,0:09:47.259375,28.6,15.9
2022-09-14 18:43:14.392104,2022-09-14 18:43:14.393357,2022-09-14 18:53:01.619988,0:09:47.227828,0.0,15.9
2022-09-14 18:43:14.391767,2022-09-14 18:43:14.392813,2022-09-14 18:53:01.639270,0:09:47.247448,25.0,15.9
2022-09-14 18:43:14.369507,2022-09-14 18:43:14.370544,2022-09-14 18:53:01.644636,0:09:47.275069,0.0,15.9
2022-09-14 18:43:14.409062,2022-09-14 18:43:14.410104,2022-09-14 18:53:01.694911,0:09:47.285796,20.0,15.9
2022-09-14 18:43:14.375298,2022-09-14 18:43:14.393324,2022-09-14 18:53:01.702946,0:09:47.327596,20.0,15.9
2022-09-14 18:43:14.414662,2022-09-14 18:43:14.427402,2022-09-14 18:53:01.713127,0:09:47.298415,20.0,15.9
2022-09-14 18:43:14.420598,2022-09-14 18:43:14.421888,2022-09-14 18:53:01.721046,0:09:47.300398,20.0,15.9
2022-09-14 18:43:14.433064,2022-09-14 18:43:14.434159,2022-09-14 18:53:01.739154,0:09:47.306040,25.0,15.9
2022-09-14 18:43:14.414840,2022-09-14 18:43:14.427452,2022-09-14 18:53:01.749167,0:09:47.334279,16.7,15.9
2022-09-14 18:43:14.409398,2022-09-14 18:43:14.427402,2022-09-14 18:53:01.775263,0:09:47.365815,20.0,15.9
2022-09-14 18:43:14.444059,2022-09-14 18:43:14.445707,2022-09-14 18:53:01.801490,0:09:47.357381,18.7,15.9
2022-09-14 18:43:14.455453,2022-09-14 18:43:14.466862,2022-09-14 18:53:01.831137,0:09:47.375630,26.3,15.9
2022-09-14 18:43:14.455609,2022-09-14 18:43:14.472378,2022-09-14 18:53:01.836608,0:09:47.380948,0.0,15.9
2022-09-14 18:43:14.438718,2022-09-14 18:43:14.445728,2022-09-14 18:53:01.844633,0:09:47.405857,20.0,15.9
2022-09-14 18:43:14.476891,2022-09-14 18:43:14.477871,2022-09-14 18:53:01.860700,0:09:47.383760,20.0,15.9
2022-09-14 18:43:14.482533,2022-09-14 18:43:14.483866,2022-09-14 18:53:01.892812,0:09:47.410229,16.7,15.9
2022-09-14 18:43:14.489188,2022-09-14 18:43:14.490127,2022-09-14 18:53:01.929028,0:09:47.439790,18.2,15.9
2022-09-14 18:43:14.488780,2022-09-14 18:43:14.495729,2022-09-14 18:53:01.941134,0:09:47.452304,14.3,15.9
2022-09-14 18:43:14.482270,2022-09-14 18:43:14.511573,2022-09-14 18:53:01.949143,0:09:47.466824,25.0,15.9
2022-09-14 18:43:14.494944,2022-09-14 18:43:14.495876,2022-09-14 18:53:01.962122,0:09:47.467129,25.0,15.9
2022-09-14 18:43:14.511436,2022-09-14 18:43:14.512322,2022-09-14 18:53:01.967458,0:09:47.455972,50.0,15.9
2022-09-14 18:43:14.500420,2022-09-14 18:43:14.511822,2022-09-14 18:53:01.979296,0:09:47.478827,14.3,15.9
2022-09-14 18:43:14.554363,2022-09-14 18:43:14.560500,2022-09-14 18:53:02.039714,0:09:47.485296,17.1,15.9
2022-09-14 18:43:14.531016,2022-09-14 18:43:14.543217,2022-09-14 18:53:02.080777,0:09:47.549708,20.8,15.9
2022-09-14 18:43:14.542111,2022-09-14 18:43:14.555321,2022-09-14 18:53:02.086309,0:09:47.544148,0.0,15.9
2022-09-14 18:43:14.560218,2022-09-14 18:43:14.561602,2022-09-14 18:53:02.094315,0:09:47.534048,33.3,15.9
2022-09-14 18:43:14.560713,2022-09-14 18:43:14.561643,2022-09-14 18:53:02.112342,0:09:47.551581,25.0,15.9
2022-09-14 18:43:14.566138,2022-09-14 18:43:14.567464,2022-09-14 18:53:02.126311,0:09:47.560120,12.5,15.9
2022-09-14 18:43:14.531276,2022-09-14 18:43:14.543217,2022-09-14 18:53:02.136489,0:09:47.605164,16.7,15.9
2022-09-14 18:43:14.554154,2022-09-14 18:43:14.567092,2022-09-14 18:53:02.154342,0:09:47.600137,20.0,15.9
2022-09-14 18:43:14.547622,2022-09-14 18:43:14.555404,2022-09-14 18:53:02.166238,0:09:47.618569,33.3,15.9
2022-09-14 18:43:14.572493,2022-09-14 18:43:14.573423,2022-09-14 18:53:02.176146,0:09:47.603604,16.7,15.9
2022-09-14 18:43:14.611620,2022-09-14 18:43:14.612537,2022-09-14 18:53:02.236990,0:09:47.625317,19.4,15.9
2022-09-14 18:43:14.616996,2022-09-14 18:43:14.623705,2022-09-14 18:53:02.246936,0:09:47.629889,28.6,15.9
2022-09-14 18:43:14.595589,2022-09-14 18:43:14.618147,2022-09-14 18:53:02.254897,0:09:47.659259,20.0,15.9
2022-09-14 18:43:14.611425,2022-09-14 18:43:14.618408,2022-09-14 18:53:02.278796,0:09:47.667321,15.4,15.9
2022-09-14 18:43:14.595429,2022-09-14 18:43:14.612537,2022-09-14 18:53:02.296984,0:09:47.701505,18.2,15.9
2022-09-14 18:43:14.629400,2022-09-14 18:43:14.630336,2022-09-14 18:53:02.311230,0:09:47.681782,12.5,15.9
2022-09-14 18:43:14.617161,2022-09-14 18:43:14.623674,2022-09-14 18:53:02.323072,0:09:47.705863,28.6,15.9
2022-09-14 18:43:14.623067,2022-09-14 18:43:14.636531,2022-09-14 18:53:02.345558,0:09:47.722443,15.4,15.9
2022-09-14 18:43:14.623809,2022-09-14 18:43:14.624902,2022-09-14 18:53:02.350762,0:09:47.726892,33.3,15.9
2022-09-14 18:43:14.635070,2022-09-14 18:43:14.642371,2022-09-14 18:53:02.373996,0:09:47.738877,15.4,15.9
2022-09-14 18:43:14.658040,2022-09-14 18:43:14.690988,2022-09-14 18:53:02.422970,0:09:47.764876,20.0,15.9
2022-09-14 18:43:14.678869,2022-09-14 18:43:14.690988,2022-09-14 18:53:02.450860,0:09:47.771940,17.6,15.9
2022-09-14 18:43:14.684566,2022-09-14 18:43:14.685532,2022-09-14 18:53:02.470960,0:09:47.786343,18.2,15.9
2022-09-14 18:43:14.690022,2022-09-14 18:43:14.691850,2022-09-14 18:53:02.485494,0:09:47.795421,12.5,15.9
2022-09-14 18:43:14.663372,2022-09-14 18:43:14.674409,2022-09-14 18:53:02.508038,0:09:47.844611,26.7,15.9
2022-09-14 18:43:14.691348,2022-09-14 18:43:14.692261,2022-09-14 18:53:02.526587,0:09:47.835187,18.2,15.9
2022-09-14 18:43:14.690522,2022-09-14 18:43:14.691477,2022-09-14 18:53:02.534593,0:09:47.844020,0.0,15.9
2022-09-14 18:43:14.679091,2022-09-14 18:43:14.691200,2022-09-14 18:53:02.542723,0:09:47.863567,40.0,15.9
2022-09-14 18:43:14.690236,2022-09-14 18:43:14.692261,2022-09-14 18:53:02.550947,0:09:47.860658,0.0,15.9
2022-09-14 18:43:14.724161,2022-09-14 18:43:14.730541,2022-09-14 18:53:02.564796,0:09:47.840586,22.2,15.9
2022-09-14 18:43:14.707576,2022-09-14 18:43:14.708511,2022-09-14 18:53:02.575005,0:09:47.867381,16.7,15.9
2022-09-14 18:43:14.749718,2022-09-14 18:43:14.756619,2022-09-14 18:53:02.606766,0:09:47.856986,21.1,15.9
2022-09-14 18:43:14.749909,2022-09-14 18:43:14.756078,2022-09-14 18:53:02.614900,0:09:47.864942,25.0,15.9
2022-09-14 18:43:14.761297,2022-09-14 18:43:14.773451,2022-09-14 18:53:02.682909,0:09:47.921560,19.0,15.9
2022-09-14 18:43:14.744269,2022-09-14 18:43:14.773726,2022-09-14 18:53:02.702918,0:09:47.958595,18.2,15.9
2022-09-14 18:43:14.772517,2022-09-14 18:43:14.784622,2022-09-14 18:53:02.711329,0:09:47.938759,20.0,15.9
2022-09-14 18:43:14.755300,2022-09-14 18:43:14.773501,2022-09-14 18:53:02.719541,0:09:47.964193,0.0,15.9
2022-09-14 18:43:14.755663,2022-09-14 18:43:14.767922,2022-09-14 18:53:02.743807,0:09:47.988094,21.4,15.9
2022-09-14 18:43:14.755472,2022-09-14 18:43:14.773918,2022-09-14 18:53:02.764538,0:09:48.009016,16.7,15.9
2022-09-14 18:43:14.789374,2022-09-14 18:43:14.795304,2022-09-14 18:53:02.771774,0:09:47.982352,20.0,15.9
2022-09-14 18:43:14.811186,2022-09-14 18:43:14.812215,2022-09-14 18:53:02.801676,0:09:47.990434,17.6,15.9
2022-09-14 18:43:14.817429,2022-09-14 18:43:14.818760,2022-09-14 18:53:02.814513,0:09:47.997035,14.3,15.9
2022-09-14 18:43:14.761116,2022-09-14 18:43:14.773918,2022-09-14 18:53:02.822964,0:09:48.061799,33.3,15.9
2022-09-14 18:43:14.816792,2022-09-14 18:43:14.824381,2022-09-14 18:53:02.849847,0:09:48.033006,13.3,15.9
2022-09-14 18:43:14.817040,2022-09-14 18:43:14.830638,2022-09-14 18:53:02.869941,0:09:48.052853,23.1,15.9
2022-09-14 18:43:14.805707,2022-09-14 18:43:14.806810,2022-09-14 18:53:02.881872,0:09:48.076116,28.6,15.9
2022-09-14 18:43:14.823371,2022-09-14 18:43:14.824381,2022-09-14 18:53:02.895754,0:09:48.072334,22.2,15.9
2022-09-14 18:43:14.817671,2022-09-14 18:43:14.825008,2022-09-14 18:53:02.909985,0:09:48.092264,22.2,16.0
2022-09-14 18:43:14.823805,2022-09-14 18:43:14.831254,2022-09-14 18:53:02.930021,0:09:48.106167,18.2,16.0
2022-09-14 18:43:14.846355,2022-09-14 18:43:14.847566,2022-09-14 18:53:02.947912,0:09:48.101509,25.0,16.0
2022-09-14 18:43:14.851948,2022-09-14 18:43:14.863520,2022-09-14 18:53:02.991799,0:09:48.139801,19.2,15.9
2022-09-14 18:43:14.868164,2022-09-14 18:43:14.892300,2022-09-14 18:53:03.003953,0:09:48.135740,25.0,15.9
2022-09-14 18:43:14.885119,2022-09-14 18:43:14.886858,2022-09-14 18:53:03.028550,0:09:48.143382,15.4,15.9
2022-09-14 18:43:14.885269,2022-09-14 18:43:14.886815,2022-09-14 18:53:03.036725,0:09:48.151403,20.0,15.9
2022-09-14 18:43:14.873533,2022-09-14 18:43:14.874509,2022-09-14 18:53:03.045196,0:09:48.171614,20.0,16.0
2022-09-14 18:43:14.879187,2022-09-14 18:43:14.898445,2022-09-14 18:53:03.057795,0:09:48.178551,14.3,16.0
2022-09-14 18:43:14.879370,2022-09-14 18:43:14.892300,2022-09-14 18:53:03.066049,0:09:48.186631,20.0,16.0
2022-09-14 18:43:14.909634,2022-09-14 18:43:14.920879,2022-09-14 18:53:03.115618,0:09:48.205931,22.6,15.9
2022-09-14 18:43:14.885827,2022-09-14 18:43:14.920879,2022-09-14 18:53:03.129929,0:09:48.244050,12.5,15.9
2022-09-14 18:43:14.885608,2022-09-14 18:43:14.898445,2022-09-14 18:53:03.148714,0:09:48.263053,25.0,15.9
2022-09-14 18:43:14.920223,2022-09-14 18:43:14.931511,2022-09-14 18:53:03.157085,0:09:48.236813,20.0,15.9
2022-09-14 18:43:14.936350,2022-09-14 18:43:14.937357,2022-09-14 18:53:03.183194,0:09:48.246789,20.0,15.9
2022-09-14 18:43:14.942835,2022-09-14 18:43:14.944115,2022-09-14 18:53:03.206692,0:09:48.263805,14.3,15.9
2022-09-14 18:43:14.943687,2022-09-14 18:43:14.944598,2022-09-14 18:53:03.217136,0:09:48.273393,20.0,15.9
2022-09-14 18:43:14.936975,2022-09-14 18:43:14.938015,2022-09-14 18:53:03.227150,0:09:48.290125,28.6,15.9
2022-09-14 18:43:14.949453,2022-09-14 18:43:14.950758,2022-09-14 18:53:03.268341,0:09:48.318832,16.7,15.9
2022-09-14 18:43:14.949678,2022-09-14 18:43:14.967106,2022-09-14 18:53:03.290634,0:09:48.340896,16.7,15.9
2022-09-14 18:43:14.982375,2022-09-14 18:43:14.988771,2022-09-14 18:53:03.319138,0:09:48.336710,26.3,15.9
2022-09-14 18:43:14.955255,2022-09-14 18:43:14.967354,2022-09-14 18:53:03.335476,0:09:48.380167,11.1,15.9
2022-09-14 18:43:14.949234,2022-09-14 18:43:14.967296,2022-09-14 18:53:03.354125,0:09:48.404839,18.2,16.0
2022-09-14 18:43:14.998932,2022-09-14 18:43:14.999925,2022-09-14 18:53:03.366236,0:09:48.367254,28.6,16.0
2022-09-14 18:43:15.005471,2022-09-14 18:43:15.006402,2022-09-14 18:53:03.378472,0:09:48.372950,25.0,16.0
2022-09-14 18:43:15.004942,2022-09-14 18:43:15.006772,2022-09-14 18:53:03.386836,0:09:48.381843,20.0,16.0
2022-09-14 18:43:14.998777,2022-09-14 18:43:15.005948,2022-09-14 18:53:03.405100,0:09:48.406267,10.0,16.0
2022-09-14 18:43:15.006470,2022-09-14 18:43:15.007839,2022-09-14 18:53:03.425572,0:09:48.419049,23.1,16.0
2022-09-14 18:43:15.012804,2022-09-14 18:43:15.013866,2022-09-14 18:53:03.452860,0:09:48.440004,27.8,16.0
2022-09-14 18:43:15.012652,2022-09-14 18:43:15.021520,2022-09-14 18:53:03.466880,0:09:48.454178,25.0,16.0
2022-09-14 18:43:15.013584,2022-09-14 18:43:15.014583,2022-09-14 18:53:03.484866,0:09:48.471233,18.2,16.0
2022-09-14 18:43:15.020591,2022-09-14 18:43:15.037837,2022-09-14 18:53:03.496969,0:09:48.476326,14.3,16.0
2022-09-14 18:43:15.063937,2022-09-14 18:43:15.070800,2022-09-14 18:53:03.533393,0:09:48.469403,22.7,16.0
2022-09-14 18:43:15.069961,2022-09-14 18:43:15.071133,2022-09-14 18:53:03.553793,0:09:48.483779,16.7,16.0
2022-09-14 18:43:15.069350,2022-09-14 18:43:15.070887,2022-09-14 18:53:03.580194,0:09:48.510791,23.5,16.0
2022-09-14 18:43:15.069498,2022-09-14 18:43:15.092041,2022-09-14 18:53:03.588297,0:09:48.518748,25.0,16.0
2022-09-14 18:43:15.097287,2022-09-14 18:43:15.099171,2022-09-14 18:53:03.632007,0:09:48.534665,16.0,15.9
2022-09-14 18:43:15.069677,2022-09-14 18:43:15.098274,2022-09-14 18:53:03.650016,0:09:48.580287,18.2,15.9
2022-09-14 18:43:15.058205,2022-09-14 18:43:15.092069,2022-09-14 18:53:03.662422,0:09:48.604167,14.3,15.9
2022-09-14 18:43:15.097684,2022-09-14 18:43:15.109980,2022-09-14 18:53:03.690703,0:09:48.592969,22.2,15.9
2022-09-14 18:43:15.098207,2022-09-14 18:43:15.124543,2022-09-14 18:53:03.698679,0:09:48.600423,0.0,15.9
2022-09-14 18:43:15.123559,2022-09-14 18:43:15.130724,2022-09-14 18:53:03.715352,0:09:48.591743,20.0,15.9
2022-09-14 18:43:15.124281,2022-09-14 18:43:15.131091,2022-09-14 18:53:03.740824,0:09:48.616494,13.3,16.0
2022-09-14 18:43:15.098543,2022-09-14 18:43:15.109980,2022-09-14 18:53:03.748855,0:09:48.650264,25.0,16.0
2022-09-14 18:43:15.129772,2022-09-14 18:43:15.131839,2022-09-14 18:53:03.770188,0:09:48.640364,15.4,16.0
2022-09-14 18:43:15.130271,2022-09-14 18:43:15.131879,2022-09-14 18:53:03.787170,0:09:48.656849,20.0,16.0
2022-09-14 18:43:15.130608,2022-09-14 18:43:15.131839,2022-09-14 18:53:03.811264,0:09:48.680603,21.4,16.0
2022-09-14 18:43:15.137043,2022-09-14 18:43:15.148393,2022-09-14 18:53:03.821467,0:09:48.684373,16.7,16.0
2022-09-14 18:43:15.158440,2022-09-14 18:43:15.159770,2022-09-14 18:53:03.835584,0:09:48.677094,22.2,16.0
2022-09-14 18:43:15.158181,2022-09-14 18:43:15.159301,2022-09-14 18:53:03.869812,0:09:48.711581,20.0,16.0
2022-09-14 18:43:15.186228,2022-09-14 18:43:15.192755,2022-09-14 18:53:03.899224,0:09:48.712945,26.3,16.0
2022-09-14 18:43:15.158826,2022-09-14 18:43:15.192969,2022-09-14 18:53:03.916179,0:09:48.757302,18.2,16.0
2022-09-14 18:43:15.192107,2022-09-14 18:43:15.198624,2022-09-14 18:53:03.926123,0:09:48.733966,20.0,16.0
2022-09-14 18:43:15.175228,2022-09-14 18:43:15.187300,2022-09-14 18:53:03.938440,0:09:48.763162,14.3,15.9
2022-09-14 18:43:15.185828,2022-09-14 18:43:15.198716,2022-09-14 18:53:03.961640,0:09:48.775756,21.4,15.9
2022-09-14 18:43:15.191874,2022-09-14 18:43:15.199345,2022-09-14 18:53:03.980390,0:09:48.788466,18.2,15.9
2022-09-14 18:43:15.214760,2022-09-14 18:43:15.215743,2022-09-14 18:53:03.988324,0:09:48.773515,20.0,15.9
2022-09-14 18:43:15.225345,2022-09-14 18:43:15.231762,2022-09-14 18:53:04.012265,0:09:48.786868,15.4,15.9
2022-09-14 18:43:15.231548,2022-09-14 18:43:15.232900,2022-09-14 18:53:04.023421,0:09:48.791821,14.3,15.9
2022-09-14 18:43:15.192341,2022-09-14 18:43:15.199119,2022-09-14 18:53:04.028733,0:09:48.836343,33.3,15.9
2022-09-14 18:43:15.243317,2022-09-14 18:43:15.273966,2022-09-14 18:53:04.079040,0:09:48.835670,16.7,15.9
2022-09-14 18:43:15.257920,2022-09-14 18:43:15.273918,2022-09-14 18:53:04.089211,0:09:48.831239,33.3,15.9
2022-09-14 18:43:15.251590,2022-09-14 18:43:15.258705,2022-09-14 18:53:04.112551,0:09:48.860910,21.4,15.9
2022-09-14 18:43:15.257533,2022-09-14 18:43:15.268713,2022-09-14 18:53:04.127710,0:09:48.870123,27.3,15.9
2022-09-14 18:43:15.257209,2022-09-14 18:43:15.273918,2022-09-14 18:53:04.158849,0:09:48.901588,16.7,15.9
2022-09-14 18:43:15.296489,2022-09-14 18:43:15.297680,2022-09-14 18:53:04.193888,0:09:48.897341,20.0,15.9
2022-09-14 18:43:15.290214,2022-09-14 18:43:15.303093,2022-09-14 18:53:04.201883,0:09:48.911617,33.3,15.9
2022-09-14 18:43:15.318839,2022-09-14 18:43:15.319879,2022-09-14 18:53:04.214044,0:09:48.895152,14.3,15.9
2022-09-14 18:43:15.313142,2022-09-14 18:43:15.319816,2022-09-14 18:53:04.244249,0:09:48.931050,26.3,15.9
2022-09-14 18:43:15.257356,2022-09-14 18:43:15.290559,2022-09-14 18:53:04.256233,0:09:48.998824,14.3,15.9
2022-09-14 18:43:15.278453,2022-09-14 18:43:15.285279,2022-09-14 18:53:04.276351,0:09:48.997847,16.7,16.0
2022-09-14 18:43:15.297021,2022-09-14 18:43:15.308705,2022-09-14 18:53:04.286428,0:09:48.989358,16.7,16.0
2022-09-14 18:43:15.313280,2022-09-14 18:43:15.321496,2022-09-14 18:53:04.304425,0:09:48.991096,20.0,16.0
2022-09-14 18:43:15.319983,2022-09-14 18:43:15.321146,2022-09-14 18:53:04.312426,0:09:48.992393,20.0,16.0
2022-09-14 18:43:15.318677,2022-09-14 18:43:15.342919,2022-09-14 18:53:04.332286,0:09:49.013561,18.2,16.0
2022-09-14 18:43:15.364347,2022-09-14 18:43:15.365484,2022-09-14 18:53:04.376507,0:09:49.012107,18.5,16.0
2022-09-14 18:43:15.364081,2022-09-14 18:43:15.365467,2022-09-14 18:53:04.390684,0:09:49.026553,25.0,16.0
2022-09-14 18:43:15.320565,2022-09-14 18:43:15.332302,2022-09-14 18:53:04.398850,0:09:49.078236,20.0,16.0
2022-09-14 18:43:15.358373,2022-09-14 18:43:15.382353,2022-09-14 18:53:04.434490,0:09:49.076067,15.0,16.0
2022-09-14 18:43:15.358244,2022-09-14 18:43:15.365467,2022-09-14 18:53:04.445180,0:09:49.086887,16.7,16.0
2022-09-14 18:43:15.375298,2022-09-14 18:43:15.376544,2022-09-14 18:53:04.470808,0:09:49.095461,18.7,16.0
2022-09-14 18:43:15.375464,2022-09-14 18:43:15.410176,2022-09-14 18:53:04.497013,0:09:49.121499,20.0,16.0
2022-09-14 18:43:15.381075,2022-09-14 18:43:15.409502,2022-09-14 18:53:04.523108,0:09:49.141984,18.7,16.0
2022-09-14 18:43:15.381341,2022-09-14 18:43:15.393098,2022-09-14 18:53:04.541932,0:09:49.160542,18.2,16.0
2022-09-14 18:43:15.425607,2022-09-14 18:43:15.426509,2022-09-14 18:53:04.550417,0:09:49.124761,20.0,16.0
2022-09-14 18:43:15.408938,2022-09-14 18:43:15.426405,2022-09-14 18:53:04.563120,0:09:49.154134,33.3,16.0
2022-09-14 18:43:15.392749,2022-09-14 18:43:15.398823,2022-09-14 18:53:04.571323,0:09:49.178525,0.0,16.0
2022-09-14 18:43:15.447596,2022-09-14 18:43:15.448966,2022-09-14 18:53:04.591360,0:09:49.143716,18.2,16.0
2022-09-14 18:43:15.436665,2022-09-14 18:43:15.448270,2022-09-14 18:53:04.599475,0:09:49.162761,20.0,16.0
2022-09-14 18:43:15.426109,2022-09-14 18:43:15.442830,2022-09-14 18:53:04.607337,0:09:49.181180,20.0,16.0
2022-09-14 18:43:15.425871,2022-09-14 18:43:15.448564,2022-09-14 18:53:04.668958,0:09:49.243038,16.7,16.0
2022-09-14 18:43:15.475360,2022-09-14 18:43:15.482090,2022-09-14 18:53:04.692587,0:09:49.217178,21.4,16.0
2022-09-14 18:43:15.448519,2022-09-14 18:43:15.493184,2022-09-14 18:53:04.709179,0:09:49.260611,20.0,16.0
2022-09-14 18:43:15.492045,2022-09-14 18:43:15.493184,2022-09-14 18:53:04.721157,0:09:49.229063,16.7,16.0
2022-09-14 18:43:15.497697,2022-09-14 18:43:15.504497,2022-09-14 18:53:04.733731,0:09:49.235985,30.0,16.0
2022-09-14 18:43:15.459750,2022-09-14 18:43:15.476502,2022-09-14 18:53:04.739258,0:09:49.279460,33.3,16.0
2022-09-14 18:43:15.481194,2022-09-14 18:43:15.487414,2022-09-14 18:53:04.755166,0:09:49.273924,11.1,16.0
2022-09-14 18:43:15.449150,2022-09-14 18:43:15.481781,2022-09-14 18:53:04.779524,0:09:49.330324,21.4,16.0
2022-09-14 18:43:15.514824,2022-09-14 18:43:15.532165,2022-09-14 18:53:04.801541,0:09:49.286667,15.4,16.0
2022-09-14 18:43:15.514503,2022-09-14 18:43:15.521304,2022-09-14 18:53:04.817751,0:09:49.303199,20.0,16.0
2022-09-14 18:43:15.537432,2022-09-14 18:43:15.544401,2022-09-14 18:53:04.831755,0:09:49.294274,25.0,16.0
2022-09-14 18:43:15.497886,2022-09-14 18:43:15.532890,2022-09-14 18:53:04.842890,0:09:49.344956,16.7,16.0
2022-09-14 18:43:15.531431,2022-09-14 18:43:15.532281,2022-09-14 18:53:04.871723,0:09:49.340243,17.6,16.0
2022-09-14 18:43:15.542988,2022-09-14 18:43:15.555979,2022-09-14 18:53:04.906577,0:09:49.363540,19.0,16.0
2022-09-14 18:43:15.486722,2022-09-14 18:43:15.493551,2022-09-14 18:53:04.911803,0:09:49.425032,50.0,16.0
2022-09-14 18:43:15.554966,2022-09-14 18:43:15.556079,2022-09-14 18:53:04.919894,0:09:49.364879,0.0,16.0
2022-09-14 18:43:15.521003,2022-09-14 18:43:15.561511,2022-09-14 18:53:04.933805,0:09:49.412754,22.2,16.0
2022-09-14 18:43:15.566497,2022-09-14 18:43:15.573274,2022-09-14 18:53:04.944062,0:09:49.377517,28.6,16.0
2022-09-14 18:43:15.566175,2022-09-14 18:43:15.573179,2022-09-14 18:53:04.954777,0:09:49.388553,16.7,16.0
2022-09-14 18:43:15.549265,2022-09-14 18:43:15.567426,2022-09-14 18:53:04.959964,0:09:49.410651,33.3,16.0
2022-09-14 18:43:15.578678,2022-09-14 18:43:15.592469,2022-09-14 18:53:04.989137,0:09:49.410409,17.6,16.0
2022-09-14 18:43:15.613713,2022-09-14 18:43:15.614655,2022-09-14 18:53:05.044007,0:09:49.430239,20.6,16.0
2022-09-14 18:43:15.591456,2022-09-14 18:43:15.603430,2022-09-14 18:53:05.060111,0:09:49.468603,12.5,16.0
2022-09-14 18:43:15.613548,2022-09-14 18:43:15.620402,2022-09-14 18:53:05.076260,0:09:49.462662,20.0,16.0
2022-09-14 18:43:15.597216,2022-09-14 18:43:15.603756,2022-09-14 18:53:05.084426,0:09:49.487161,20.0,16.0
2022-09-14 18:43:15.619253,2022-09-14 18:43:15.620653,2022-09-14 18:53:05.096663,0:09:49.477354,14.3,16.0
2022-09-14 18:43:15.584531,2022-09-14 18:43:15.631663,2022-09-14 18:53:05.112840,0:09:49.528259,30.0,16.0
2022-09-14 18:43:15.630771,2022-09-14 18:43:15.637080,2022-09-14 18:53:05.122976,0:09:49.492152,16.7,16.0
2022-09-14 18:43:15.619414,2022-09-14 18:43:15.620694,2022-09-14 18:53:05.141080,0:09:49.521618,18.2,16.0
2022-09-14 18:43:15.647219,2022-09-14 18:43:15.648507,2022-09-14 18:53:05.155453,0:09:49.508185,25.0,16.0
2022-09-14 18:43:15.675197,2022-09-14 18:43:15.676257,2022-09-14 18:53:05.194161,0:09:49.518914,17.4,16.0
2022-09-14 18:43:15.669371,2022-09-14 18:43:15.682485,2022-09-14 18:53:05.236632,0:09:49.567202,19.2,16.0
2022-09-14 18:43:15.658707,2022-09-14 18:43:15.682415,2022-09-14 18:53:05.254875,0:09:49.596114,20.0,16.0
2022-09-14 18:43:15.681361,2022-09-14 18:43:15.693541,2022-09-14 18:53:05.271160,0:09:49.589749,11.1,16.0
2022-09-14 18:43:15.692907,2022-09-14 18:43:15.694103,2022-09-14 18:53:05.283265,0:09:49.590308,25.0,16.0
2022-09-14 18:43:15.681551,2022-09-14 18:43:15.688176,2022-09-14 18:53:05.296148,0:09:49.614547,25.0,16.0
2022-09-14 18:43:15.669742,2022-09-14 18:43:15.676354,2022-09-14 18:53:05.301451,0:09:49.631661,0.0,16.0
2022-09-14 18:43:15.669580,2022-09-14 18:43:15.676548,2022-09-14 18:53:05.311452,0:09:49.641823,28.6,16.0
2022-09-14 18:43:15.687144,2022-09-14 18:43:15.693791,2022-09-14 18:53:05.319321,0:09:49.632129,20.0,16.0
2022-09-14 18:43:15.720638,2022-09-14 18:43:15.734415,2022-09-14 18:53:05.369595,0:09:49.648907,20.0,16.0
2022-09-14 18:43:15.709678,2022-09-14 18:43:15.721372,2022-09-14 18:53:05.377736,0:09:49.668008,20.0,16.0
2022-09-14 18:43:15.733170,2022-09-14 18:43:15.750733,2022-09-14 18:53:05.408205,0:09:49.674985,22.2,16.0
2022-09-14 18:43:15.732742,2022-09-14 18:43:15.756887,2022-09-14 18:53:05.448442,0:09:49.715649,20.0,16.0
2022-09-14 18:43:15.738988,2022-09-14 18:43:15.756887,2022-09-14 18:53:05.464420,0:09:49.725382,22.2,16.0
2022-09-14 18:43:15.732578,2022-09-14 18:43:15.734148,2022-09-14 18:53:05.476680,0:09:49.744051,14.3,16.0
2022-09-14 18:43:15.775226,2022-09-14 18:43:15.776132,2022-09-14 18:53:05.489765,0:09:49.714491,14.3,16.0
2022-09-14 18:43:15.749464,2022-09-14 18:43:15.756887,2022-09-14 18:53:05.502471,0:09:49.752959,25.0,16.0
2022-09-14 18:43:15.749583,2022-09-14 18:43:15.756230,2022-09-14 18:53:05.512494,0:09:49.762863,16.7,16.0
2022-09-14 18:43:15.769480,2022-09-14 18:43:15.770512,2022-09-14 18:53:05.522773,0:09:49.753244,16.7,16.0
2022-09-14 18:43:15.781285,2022-09-14 18:43:15.787499,2022-09-14 18:53:05.532668,0:09:49.751328,20.0,16.0
2022-09-14 18:43:15.755194,2022-09-14 18:43:15.770484,2022-09-14 18:53:05.552783,0:09:49.797540,16.7,16.0
2022-09-14 18:43:15.798466,2022-09-14 18:43:15.804676,2022-09-14 18:53:05.604525,0:09:49.806010,16.7,16.0
2022-09-14 18:43:15.797578,2022-09-14 18:43:15.810116,2022-09-14 18:53:05.616594,0:09:49.818966,14.3,16.0
2022-09-14 18:43:15.809501,2022-09-14 18:43:15.810835,2022-09-14 18:53:05.634092,0:09:49.824543,20.0,16.0
2022-09-14 18:43:15.798328,2022-09-14 18:43:15.811129,2022-09-14 18:53:05.647018,0:09:49.848641,33.3,16.0
2022-09-14 18:43:15.809816,2022-09-14 18:43:15.810953,2022-09-14 18:53:05.659002,0:09:49.849138,14.3,16.0
2022-09-14 18:43:15.816317,2022-09-14 18:43:15.817826,2022-09-14 18:53:05.669212,0:09:49.852846,16.7,16.0
2022-09-14 18:43:15.816134,2022-09-14 18:43:15.817519,2022-09-14 18:53:05.699149,0:09:49.882945,17.6,16.0
2022-09-14 18:43:15.844477,2022-09-14 18:43:15.845515,2022-09-14 18:53:05.712745,0:09:49.868219,12.5,16.0
2022-09-14 18:43:15.833101,2022-09-14 18:43:15.856532,2022-09-14 18:53:05.737718,0:09:49.904563,20.0,16.0
2022-09-14 18:43:15.838644,2022-09-14 18:43:15.851113,2022-09-14 18:53:05.747749,0:09:49.909056,28.6,16.0
2022-09-14 18:43:15.874891,2022-09-14 18:43:15.877001,2022-09-14 18:53:05.798027,0:09:49.923086,16.7,16.0
2022-09-14 18:43:15.875533,2022-09-14 18:43:15.876735,2022-09-14 18:53:05.805976,0:09:49.930394,25.0,16.0
2022-09-14 18:43:15.861180,2022-09-14 18:43:15.862183,2022-09-14 18:53:05.844001,0:09:49.982770,24.0,16.0
2022-09-14 18:43:15.881380,2022-09-14 18:43:15.899042,2022-09-14 18:53:05.849254,0:09:49.967824,0.0,16.0
2022-09-14 18:43:15.861617,2022-09-14 18:43:15.882491,2022-09-14 18:53:05.860396,0:09:49.998729,28.6,16.0
2022-09-14 18:43:15.875059,2022-09-14 18:43:15.876560,2022-09-14 18:53:05.870306,0:09:49.995199,0.0,16.0
2022-09-14 18:43:15.881506,2022-09-14 18:43:15.899114,2022-09-14 18:53:05.900388,0:09:50.018833,22.2,16.0
2022-09-14 18:43:15.898028,2022-09-14 18:43:15.910096,2022-09-14 18:53:05.912695,0:09:50.014617,14.3,16.0
2022-09-14 18:43:15.909729,2022-09-14 18:43:15.915993,2022-09-14 18:53:05.920800,0:09:50.011023,20.0,16.0
2022-09-14 18:43:15.927092,2022-09-14 18:43:15.933524,2022-09-14 18:53:05.974047,0:09:50.046906,16.1,15.9
2022-09-14 18:43:15.909556,2022-09-14 18:43:15.916318,2022-09-14 18:53:05.984803,0:09:50.075199,37.5,15.9
2022-09-14 18:43:15.921346,2022-09-14 18:43:15.927972,2022-09-14 18:53:05.995089,0:09:50.073688,28.6,15.9
2022-09-14 18:43:15.948999,2022-09-14 18:43:15.949959,2022-09-14 18:53:06.009230,0:09:50.060181,25.0,15.9
2022-09-14 18:43:15.938048,2022-09-14 18:43:15.961172,2022-09-14 18:53:06.031649,0:09:50.093540,16.7,15.9
2022-09-14 18:43:15.959867,2022-09-14 18:43:15.972374,2022-09-14 18:53:06.060834,0:09:50.100917,22.2,16.0
2022-09-14 18:43:15.937884,2022-09-14 18:43:15.949726,2022-09-14 18:53:06.069467,0:09:50.131534,16.7,16.0
2022-09-14 18:43:15.977015,2022-09-14 18:43:15.978542,2022-09-14 18:53:06.106642,0:09:50.129569,19.0,16.0
2022-09-14 18:43:15.943535,2022-09-14 18:43:15.966753,2022-09-14 18:53:06.116812,0:09:50.173227,16.7,16.0
2022-09-14 18:43:15.988456,2022-09-14 18:43:16.000956,2022-09-14 18:53:06.134997,0:09:50.146491,18.2,16.0
2022-09-14 18:43:15.977185,2022-09-14 18:43:15.978739,2022-09-14 18:53:06.142942,0:09:50.165709,20.0,16.0
2022-09-14 18:43:15.988722,2022-09-14 18:43:15.995117,2022-09-14 18:53:06.153032,0:09:50.164260,20.0,16.0
2022-09-14 18:43:15.999707,2022-09-14 18:43:16.010512,2022-09-14 18:53:06.179112,0:09:50.179356,18.7,16.0
2022-09-14 18:43:15.960181,2022-09-14 18:43:15.978288,2022-09-14 18:53:06.189758,0:09:50.229528,16.7,16.0
2022-09-14 18:43:15.999832,2022-09-14 18:43:16.009588,2022-09-14 18:53:06.195239,0:09:50.195352,50.0,16.0
2022-09-14 18:43:16.009285,2022-09-14 18:43:16.027835,2022-09-14 18:53:06.247403,0:09:50.238067,16.1,16.0
2022-09-14 18:43:16.021383,2022-09-14 18:43:16.022796,2022-09-14 18:53:06.261393,0:09:50.239959,25.0,16.0
2022-09-14 18:43:16.020873,2022-09-14 18:43:16.043911,2022-09-14 18:53:06.292603,0:09:50.271679,21.1,16.0
2022-09-14 18:43:16.015156,2022-09-14 18:43:16.027835,2022-09-14 18:53:06.312958,0:09:50.297747,18.2,16.0
2022-09-14 18:43:16.042400,2022-09-14 18:43:16.043420,2022-09-14 18:53:06.318520,0:09:50.276070,25.0,16.0
2022-09-14 18:43:16.069826,2022-09-14 18:43:16.071099,2022-09-14 18:53:06.338976,0:09:50.269098,23.1,16.0
2022-09-14 18:43:16.042932,2022-09-14 18:43:16.065415,2022-09-14 18:53:06.375316,0:09:50.332332,19.0,16.0
2022-09-14 18:43:16.082128,2022-09-14 18:43:16.083550,2022-09-14 18:53:06.387867,0:09:50.305688,14.3,16.0
2022-09-14 18:43:16.053829,2022-09-14 18:43:16.077031,2022-09-14 18:53:06.408973,0:09:50.355094,16.7,16.0
2022-09-14 18:43:16.082526,2022-09-14 18:43:16.088907,2022-09-14 18:53:06.419858,0:09:50.337283,25.0,16.0
2022-09-14 18:43:16.076152,2022-09-14 18:43:16.095220,2022-09-14 18:53:06.432307,0:09:50.356104,16.7,16.0
2022-09-14 18:43:16.075891,2022-09-14 18:43:16.083102,2022-09-14 18:53:06.449040,0:09:50.373099,20.0,16.0
2022-09-14 18:43:16.059252,2022-09-14 18:43:16.060187,2022-09-14 18:53:06.454431,0:09:50.395130,25.0,16.0
2022-09-14 18:43:16.076367,2022-09-14 18:43:16.095143,2022-09-14 18:53:06.474508,0:09:50.398091,18.2,16.0
2022-09-14 18:43:16.105931,2022-09-14 18:43:16.107183,2022-09-14 18:53:06.496716,0:09:50.390735,15.4,16.0
2022-09-14 18:43:16.122291,2022-09-14 18:43:16.139893,2022-09-14 18:53:06.520980,0:09:50.398639,15.4,16.0
2022-09-14 18:43:16.122464,2022-09-14 18:43:16.128899,2022-09-14 18:53:06.543388,0:09:50.420856,26.7,16.0
2022-09-14 18:43:16.133596,2022-09-14 18:43:16.151274,2022-09-14 18:53:06.602321,0:09:50.468672,17.1,16.0
2022-09-14 18:43:16.150340,2022-09-14 18:43:16.167442,2022-09-14 18:53:06.610448,0:09:50.460056,20.0,16.0
2022-09-14 18:43:16.139118,2022-09-14 18:43:16.167502,2022-09-14 18:53:06.618427,0:09:50.479259,25.0,16.0
2022-09-14 18:43:16.144908,2022-09-14 18:43:16.162296,2022-09-14 18:53:06.634680,0:09:50.489715,20.0,16.0
2022-09-14 18:43:16.150555,2022-09-14 18:43:16.167559,2022-09-14 18:53:06.653181,0:09:50.502576,18.2,16.0
2022-09-14 18:43:16.128061,2022-09-14 18:43:16.151255,2022-09-14 18:53:06.661314,0:09:50.533204,20.0,16.0
2022-09-14 18:43:16.155809,2022-09-14 18:43:16.167442,2022-09-14 18:53:06.690225,0:09:50.534367,17.6,16.0
2022-09-14 18:43:16.200078,2022-09-14 18:43:16.201260,2022-09-14 18:53:06.719447,0:09:50.519319,22.2,16.0
2022-09-14 18:43:16.167684,2022-09-14 18:43:16.174122,2022-09-14 18:53:06.736564,0:09:50.568830,20.0,16.0
2022-09-14 18:43:16.211439,2022-09-14 18:43:16.218346,2022-09-14 18:53:06.757485,0:09:50.545995,16.7,16.0
2022-09-14 18:43:16.216817,2022-09-14 18:43:16.217926,2022-09-14 18:53:06.777570,0:09:50.560704,16.7,16.0
2022-09-14 18:43:16.189695,2022-09-14 18:43:16.206531,2022-09-14 18:53:06.785810,0:09:50.596067,40.0,16.0
2022-09-14 18:43:16.189481,2022-09-14 18:43:16.190457,2022-09-14 18:53:06.793824,0:09:50.604293,20.0,16.0
2022-09-14 18:43:16.211562,2022-09-14 18:43:16.229351,2022-09-14 18:53:06.801871,0:09:50.590261,20.0,16.0
2022-09-14 18:43:16.200203,2022-09-14 18:43:16.206776,2022-09-14 18:53:06.814298,0:09:50.614046,25.0,16.0
2022-09-14 18:43:16.206168,2022-09-14 18:43:16.234808,2022-09-14 18:53:06.834696,0:09:50.628479,18.2,16.0
2022-09-14 18:43:16.256037,2022-09-14 18:43:16.257264,2022-09-14 18:53:06.866886,0:09:50.610800,15.8,16.0
2022-09-14 18:43:16.227918,2022-09-14 18:43:16.228959,2022-09-14 18:53:06.882763,0:09:50.654782,20.0,16.0
2022-09-14 18:43:16.234633,2022-09-14 18:43:16.257471,2022-09-14 18:53:06.890816,0:09:50.656134,25.0,16.0
2022-09-14 18:43:16.250106,2022-09-14 18:43:16.251072,2022-09-14 18:53:06.918123,0:09:50.667969,13.3,16.0
2022-09-14 18:43:16.263004,2022-09-14 18:43:16.269374,2022-09-14 18:53:06.930862,0:09:50.667808,30.0,16.0
2022-09-14 18:43:16.262398,2022-09-14 18:43:16.269374,2022-09-14 18:53:06.946874,0:09:50.684427,12.5,16.0
2022-09-14 18:43:16.274529,2022-09-14 18:43:16.292001,2022-09-14 18:53:07.004122,0:09:50.729536,20.6,15.9
2022-09-14 18:43:16.274678,2022-09-14 18:43:16.286256,2022-09-14 18:53:07.009650,0:09:50.734903,25.0,15.9
2022-09-14 18:43:16.307334,2022-09-14 18:43:16.313695,2022-09-14 18:53:07.046179,0:09:50.738792,21.7,15.9
2022-09-14 18:43:16.318469,2022-09-14 18:43:16.319351,2022-09-14 18:53:07.054224,0:09:50.735704,40.0,15.9
2022-09-14 18:43:16.285250,2022-09-14 18:43:16.292001,2022-09-14 18:53:07.062262,0:09:50.776962,20.0,15.9
2022-09-14 18:43:16.307161,2022-09-14 18:43:16.318931,2022-09-14 18:53:07.073952,0:09:50.766738,25.0,15.9
2022-09-14 18:43:16.318153,2022-09-14 18:43:16.325276,2022-09-14 18:53:07.093145,0:09:50.774941,25.0,15.9
2022-09-14 18:43:16.290808,2022-09-14 18:43:16.297427,2022-09-14 18:53:07.101202,0:09:50.810343,0.0,15.9
2022-09-14 18:43:16.334757,2022-09-14 18:43:16.341195,2022-09-14 18:53:07.121798,0:09:50.786986,23.1,15.9
2022-09-14 18:43:16.323944,2022-09-14 18:43:16.341356,2022-09-14 18:53:07.150148,0:09:50.826151,22.2,15.9
2022-09-14 18:43:16.341177,2022-09-14 18:43:16.353152,2022-09-14 18:53:07.188035,0:09:50.846805,18.2,16.0
2022-09-14 18:43:16.351968,2022-09-14 18:43:16.353043,2022-09-14 18:53:07.195964,0:09:50.843946,20.0,16.0
2022-09-14 18:43:16.352788,2022-09-14 18:43:16.353748,2022-09-14 18:53:07.206189,0:09:50.853352,16.7,16.0
2022-09-14 18:43:16.323793,2022-09-14 18:43:16.341808,2022-09-14 18:53:07.247475,0:09:50.923632,20.0,16.0
2022-09-14 18:43:16.369226,2022-09-14 18:43:16.392251,2022-09-14 18:53:07.298622,0:09:50.929341,16.7,16.0
2022-09-14 18:43:16.369082,2022-09-14 18:43:16.375548,2022-09-14 18:53:07.304133,0:09:50.934998,33.3,16.0
2022-09-14 18:43:16.380237,2022-09-14 18:43:16.397872,2022-09-14 18:53:07.309667,0:09:50.929373,0.0,16.0
2022-09-14 18:43:16.402431,2022-09-14 18:43:16.403413,2022-09-14 18:53:07.317663,0:09:50.915175,50.0,16.0
2022-09-14 18:43:16.408306,2022-09-14 18:43:16.414495,2022-09-14 18:53:07.333451,0:09:50.925097,27.3,16.0
2022-09-14 18:43:16.391562,2022-09-14 18:43:16.403558,2022-09-14 18:53:07.345498,0:09:50.953888,25.0,16.0
2022-09-14 18:43:16.413639,2022-09-14 18:43:16.420536,2022-09-14 18:53:07.361682,0:09:50.947994,22.2,16.0
2022-09-14 18:43:16.420494,2022-09-14 18:43:16.433279,2022-09-14 18:53:07.386016,0:09:50.965472,25.0,16.0
2022-09-14 18:43:16.385646,2022-09-14 18:43:16.403047,2022-09-14 18:53:07.402074,0:09:51.016378,27.3,16.0
2022-09-14 18:43:16.413811,2022-09-14 18:43:16.415192,2022-09-14 18:53:07.423988,0:09:51.010127,23.1,16.0
2022-09-14 18:43:16.431772,2022-09-14 18:43:16.438741,2022-09-14 18:53:07.437875,0:09:51.006054,12.5,16.0
2022-09-14 18:43:16.432066,2022-09-14 18:43:16.438741,2022-09-14 18:53:07.453882,0:09:51.021761,20.0,16.0
2022-09-14 18:43:16.449313,2022-09-14 18:43:16.456514,2022-09-14 18:53:07.465938,0:09:51.016577,16.7,16.0
2022-09-14 18:43:16.455260,2022-09-14 18:43:16.456331,2022-09-14 18:53:07.485818,0:09:51.030510,23.1,16.0
2022-09-14 18:43:16.482637,2022-09-14 18:43:16.484160,2022-09-14 18:53:07.521222,0:09:51.038536,22.7,16.0
2022-09-14 18:43:16.482467,2022-09-14 18:43:16.484255,2022-09-14 18:53:07.540204,0:09:51.057688,18.2,16.0
2022-09-14 18:43:16.449758,2022-09-14 18:43:16.484099,2022-09-14 18:53:07.552406,0:09:51.102599,25.0,16.0
2022-09-14 18:43:16.483617,2022-09-14 18:43:16.500293,2022-09-14 18:53:07.584366,0:09:51.100701,16.7,16.0
2022-09-14 18:43:16.499783,2022-09-14 18:43:16.500660,2022-09-14 18:53:07.604732,0:09:51.104900,16.7,16.0
2022-09-14 18:43:16.511110,2022-09-14 18:43:16.512089,2022-09-14 18:53:07.612592,0:09:51.101433,20.0,16.0
2022-09-14 18:43:16.471957,2022-09-14 18:43:16.483994,2022-09-14 18:53:07.620812,0:09:51.148806,0.0,16.0
2022-09-14 18:43:16.517063,2022-09-14 18:43:16.523378,2022-09-14 18:53:07.636744,0:09:51.119633,20.0,16.0
2022-09-14 18:43:16.500262,2022-09-14 18:43:16.512270,2022-09-14 18:53:07.654844,0:09:51.154533,18.2,16.0
2022-09-14 18:43:16.466582,2022-09-14 18:43:16.512257,2022-09-14 18:53:07.685249,0:09:51.218618,22.2,16.0
2022-09-14 18:43:16.510969,2022-09-14 18:43:16.540452,2022-09-14 18:53:07.715336,0:09:51.204317,16.7,16.0
2022-09-14 18:43:16.550586,2022-09-14 18:43:16.551925,2022-09-14 18:53:07.725181,0:09:51.174546,16.7,16.0
2022-09-14 18:43:16.550718,2022-09-14 18:43:16.552002,2022-09-14 18:53:07.736586,0:09:51.185819,28.6,16.0
2022-09-14 18:43:16.540051,2022-09-14 18:43:16.551982,2022-09-14 18:53:07.754943,0:09:51.214842,25.0,16.0
2022-09-14 18:43:16.557038,2022-09-14 18:43:16.563439,2022-09-14 18:53:07.784866,0:09:51.227777,12.5,16.0
2022-09-14 18:43:16.568104,2022-09-14 18:43:16.574611,2022-09-14 18:53:07.797817,0:09:51.229664,25.0,16.0
2022-09-14 18:43:16.574172,2022-09-14 18:43:16.585918,2022-09-14 18:53:07.807788,0:09:51.233566,16.7,16.0
2022-09-14 18:43:16.573677,2022-09-14 18:43:16.585999,2022-09-14 18:53:07.817623,0:09:51.243897,16.7,16.0
2022-09-14 18:43:16.539189,2022-09-14 18:43:16.552308,2022-09-14 18:53:07.831676,0:09:51.292430,25.0,16.0
2022-09-14 18:43:16.574034,2022-09-14 18:43:16.580197,2022-09-14 18:53:07.865975,0:09:51.291892,19.0,16.0
2022-09-14 18:43:16.602480,2022-09-14 18:43:16.608996,2022-09-14 18:53:07.895708,0:09:51.293177,22.2,16.0
2022-09-14 18:43:16.614101,2022-09-14 18:43:16.615118,2022-09-14 18:53:07.912673,0:09:51.298516,11.1,16.0
2022-09-14 18:43:16.585317,2022-09-14 18:43:16.603262,2022-09-14 18:53:07.920661,0:09:51.335288,20.0,16.0
2022-09-14 18:43:16.619682,2022-09-14 18:43:16.620691,2022-09-14 18:53:07.936721,0:09:51.316989,27.3,16.0
2022-09-14 18:43:16.614384,2022-09-14 18:43:16.621874,2022-09-14 18:53:07.951027,0:09:51.336594,14.3,16.0
2022-09-14 18:43:16.602697,2022-09-14 18:43:16.620691,2022-09-14 18:53:07.972866,0:09:51.370121,15.4,16.0
2022-09-14 18:43:16.648490,2022-09-14 18:43:16.654744,2022-09-14 18:53:08.012451,0:09:51.363907,17.4,16.0
2022-09-14 18:43:16.632479,2022-09-14 18:43:16.643565,2022-09-14 18:53:08.037864,0:09:51.405332,20.0,16.0
2022-09-14 18:43:16.648646,2022-09-14 18:43:16.655164,2022-09-14 18:53:08.045975,0:09:51.397278,20.0,16.0
2022-09-14 18:43:16.654153,2022-09-14 18:43:16.661011,2022-09-14 18:53:08.062016,0:09:51.407813,22.2,16.0
2022-09-14 18:43:16.648066,2022-09-14 18:43:16.655072,2022-09-14 18:53:08.067327,0:09:51.419212,25.0,16.0
2022-09-14 18:43:16.665816,2022-09-14 18:43:16.666868,2022-09-14 18:53:08.082255,0:09:51.416390,12.5,16.0
2022-09-14 18:43:16.677276,2022-09-14 18:43:16.689111,2022-09-14 18:53:08.122352,0:09:51.445024,17.4,16.0
2022-09-14 18:43:16.693670,2022-09-14 18:43:16.700378,2022-09-14 18:53:08.130323,0:09:51.436603,33.3,16.0
2022-09-14 18:43:16.699081,2022-09-14 18:43:16.700378,2022-09-14 18:53:08.160053,0:09:51.460921,21.1,16.0
2022-09-14 18:43:16.711147,2022-09-14 18:43:16.717178,2022-09-14 18:53:08.170257,0:09:51.459061,20.0,16.0
2022-09-14 18:43:16.665561,2022-09-14 18:43:16.672742,2022-09-14 18:53:08.202830,0:09:51.537215,20.0,16.0
2022-09-14 18:43:16.727233,2022-09-14 18:43:16.728905,2022-09-14 18:53:08.234006,0:09:51.506715,16.7,16.0
2022-09-14 18:43:16.727691,2022-09-14 18:43:16.734243,2022-09-14 18:53:08.242553,0:09:51.514810,33.3,16.0
2022-09-14 18:43:16.721832,2022-09-14 18:43:16.727896,2022-09-14 18:53:08.251057,0:09:51.529171,33.3,16.0
2022-09-14 18:43:16.721675,2022-09-14 18:43:16.734767,2022-09-14 18:53:08.274156,0:09:51.552420,15.4,16.0
2022-09-14 18:43:16.727506,2022-09-14 18:43:16.734243,2022-09-14 18:53:08.283146,0:09:51.555585,33.3,15.9
2022-09-14 18:43:16.733682,2022-09-14 18:43:16.735179,2022-09-14 18:53:08.297984,0:09:51.564243,12.5,15.9
2022-09-14 18:43:16.761877,2022-09-14 18:43:16.762934,2022-09-14 18:53:08.342564,0:09:51.580629,19.2,15.9
2022-09-14 18:43:16.762327,2022-09-14 18:43:16.773811,2022-09-14 18:53:08.350914,0:09:51.588533,33.3,15.9
2022-09-14 18:43:16.772729,2022-09-14 18:43:16.773728,2022-09-14 18:53:08.359181,0:09:51.586396,0.0,15.9
2022-09-14 18:43:16.750644,2022-09-14 18:43:16.763266,2022-09-14 18:53:08.377890,0:09:51.627188,18.2,16.0
2022-09-14 18:43:16.784539,2022-09-14 18:43:16.791138,2022-09-14 18:53:08.425037,0:09:51.640436,20.7,16.0
2022-09-14 18:43:16.789988,2022-09-14 18:43:16.791439,2022-09-14 18:53:08.437802,0:09:51.647755,25.0,16.0
2022-09-14 18:43:16.789814,2022-09-14 18:43:16.797923,2022-09-14 18:53:08.452200,0:09:51.662326,22.2,16.0
2022-09-14 18:43:16.796822,2022-09-14 18:43:16.798060,2022-09-14 18:53:08.473220,0:09:51.676341,16.7,16.0
2022-09-14 18:43:16.790130,2022-09-14 18:43:16.797723,2022-09-14 18:53:08.478572,0:09:51.688390,33.3,16.0
2022-09-14 18:43:16.796350,2022-09-14 18:43:16.826099,2022-09-14 18:53:08.500213,0:09:51.703807,21.4,16.0
2022-09-14 18:43:16.824947,2022-09-14 18:43:16.837339,2022-09-14 18:53:08.523608,0:09:51.698606,16.7,16.0
2022-09-14 18:43:16.836448,2022-09-14 18:43:16.842818,2022-09-14 18:53:08.558066,0:09:51.721562,19.0,16.0
2022-09-14 18:43:16.819403,2022-09-14 18:43:16.853898,2022-09-14 18:53:08.574985,0:09:51.755528,20.0,16.0
2022-09-14 18:43:16.853231,2022-09-14 18:43:16.854645,2022-09-14 18:53:08.580410,0:09:51.727126,25.0,16.0
2022-09-14 18:43:16.852628,2022-09-14 18:43:16.853525,2022-09-14 18:53:08.595084,0:09:51.742401,12.5,16.0
2022-09-14 18:43:16.859186,2022-09-14 18:43:16.866185,2022-09-14 18:53:08.638072,0:09:51.778823,16.7,16.0
2022-09-14 18:43:16.865606,2022-09-14 18:43:16.866529,2022-09-14 18:53:08.643750,0:09:51.778088,40.0,16.0
2022-09-14 18:43:16.836048,2022-09-14 18:43:16.854448,2022-09-14 18:53:08.649157,0:09:51.813057,33.3,16.0
2022-09-14 18:43:16.887641,2022-09-14 18:43:16.888619,2022-09-14 18:53:08.707931,0:09:51.820228,17.1,16.0
2022-09-14 18:43:16.898656,2022-09-14 18:43:16.899847,2022-09-14 18:53:08.718061,0:09:51.819349,16.7,16.0
2022-09-14 18:43:16.887898,2022-09-14 18:43:16.900082,2022-09-14 18:53:08.752949,0:09:51.864994,23.8,16.0
2022-09-14 18:43:16.921409,2022-09-14 18:43:16.922278,2022-09-14 18:53:08.764110,0:09:51.842646,16.7,16.0
2022-09-14 18:43:16.859375,2022-09-14 18:43:16.867016,2022-09-14 18:53:08.769651,0:09:51.910214,25.0,16.0
2022-09-14 18:43:16.847305,2022-09-14 18:43:16.883185,2022-09-14 18:53:08.785944,0:09:51.938583,20.0,16.0
2022-09-14 18:43:16.909865,2022-09-14 18:43:16.922062,2022-09-14 18:53:08.794197,0:09:51.884282,33.3,16.0
2022-09-14 18:43:16.909582,2022-09-14 18:43:16.910489,2022-09-14 18:53:08.804352,0:09:51.894720,33.3,16.0
2022-09-14 18:43:16.920827,2022-09-14 18:43:16.922485,2022-09-14 18:53:08.839559,0:09:51.918675,15.0,16.0
2022-09-14 18:43:16.928273,2022-09-14 18:43:16.939810,2022-09-14 18:53:08.854364,0:09:51.926034,12.5,16.0
2022-09-14 18:43:16.915532,2022-09-14 18:43:16.951256,2022-09-14 18:53:08.884691,0:09:51.969102,25.0,16.0
2022-09-14 18:43:16.949927,2022-09-14 18:43:16.951411,2022-09-14 18:53:08.895325,0:09:51.945342,28.6,16.0
2022-09-14 18:43:16.949778,2022-09-14 18:43:16.951068,2022-09-14 18:53:08.912556,0:09:51.962718,11.1,16.0
2022-09-14 18:43:16.977483,2022-09-14 18:43:16.984198,2022-09-14 18:53:08.957659,0:09:51.980110,18.5,16.0
2022-09-14 18:43:16.921624,2022-09-14 18:43:16.928367,2022-09-14 18:53:08.968857,0:09:52.047177,28.6,16.0
2022-09-14 18:43:16.989387,2022-09-14 18:43:16.995739,2022-09-14 18:53:08.984879,0:09:51.995432,27.3,16.0
2022-09-14 18:43:16.983188,2022-09-14 18:43:16.984534,2022-09-14 18:53:09.028681,0:09:52.045418,16.0,16.0
2022-09-14 18:43:16.983894,2022-09-14 18:43:16.990484,2022-09-14 18:53:09.036356,0:09:52.052401,25.0,16.0
2022-09-14 18:43:16.983053,2022-09-14 18:43:16.995739,2022-09-14 18:53:09.047173,0:09:52.064065,28.6,16.0
2022-09-14 18:43:16.977335,2022-09-14 18:43:17.007066,2022-09-14 18:53:09.059592,0:09:52.082208,25.0,16.0
2022-09-14 18:43:16.983577,2022-09-14 18:43:17.007187,2022-09-14 18:53:09.069985,0:09:52.086359,0.0,16.0
2022-09-14 18:43:17.012102,2022-09-14 18:43:17.013151,2022-09-14 18:53:09.084098,0:09:52.071947,30.0,16.0
2022-09-14 18:43:16.989237,2022-09-14 18:43:17.007409,2022-09-14 18:53:09.104822,0:09:52.115534,16.7,16.0
2022-09-14 18:43:17.018576,2022-09-14 18:43:17.025639,2022-09-14 18:53:09.116881,0:09:52.098255,16.7,16.0
2022-09-14 18:43:17.040574,2022-09-14 18:43:17.055552,2022-09-14 18:53:09.165375,0:09:52.124750,20.0,16.0
2022-09-14 18:43:17.054559,2022-09-14 18:43:17.061604,2022-09-14 18:53:09.189213,0:09:52.134603,21.4,16.0
2022-09-14 18:43:17.046699,2022-09-14 18:43:17.056245,2022-09-14 18:53:09.221723,0:09:52.174971,20.0,16.0
2022-09-14 18:43:17.055149,2022-09-14 18:43:17.061667,2022-09-14 18:53:09.230024,0:09:52.174824,20.0,16.0
2022-09-14 18:43:17.072468,2022-09-14 18:43:17.078841,2022-09-14 18:53:09.248739,0:09:52.176218,30.8,16.0
2022-09-14 18:43:17.046012,2022-09-14 18:43:17.055624,2022-09-14 18:53:09.254172,0:09:52.208110,0.0,16.0
2022-09-14 18:43:17.046502,2022-09-14 18:43:17.061667,2022-09-14 18:53:09.274925,0:09:52.228372,23.1,16.0
2022-09-14 18:43:17.071891,2022-09-14 18:43:17.073520,2022-09-14 18:53:09.280124,0:09:52.208184,33.3,16.0
2022-09-14 18:43:17.054953,2022-09-14 18:43:17.072927,2022-09-14 18:53:09.288275,0:09:52.233272,20.0,16.0
2022-09-14 18:43:17.111500,2022-09-14 18:43:17.118065,2022-09-14 18:53:09.345313,0:09:52.233761,25.0,16.0
2022-09-14 18:43:17.117826,2022-09-14 18:43:17.119381,2022-09-14 18:53:09.371595,0:09:52.253718,18.7,16.0
2022-09-14 18:43:17.111148,2022-09-14 18:43:17.118977,2022-09-14 18:53:09.393674,0:09:52.282468,15.4,16.0
2022-09-14 18:43:17.089130,2022-09-14 18:43:17.095425,2022-09-14 18:53:09.403702,0:09:52.314522,33.3,16.0
2022-09-14 18:43:17.111301,2022-09-14 18:43:17.118445,2022-09-14 18:53:09.417860,0:09:52.306510,12.5,16.0
2022-09-14 18:43:17.155575,2022-09-14 18:43:17.157045,2022-09-14 18:53:09.440053,0:09:52.284429,26.7,16.0
2022-09-14 18:43:17.118033,2022-09-14 18:43:17.119085,2022-09-14 18:53:09.448032,0:09:52.329950,25.0,16.0
2022-09-14 18:43:17.139841,2022-09-14 18:43:17.151191,2022-09-14 18:53:09.456025,0:09:52.316136,20.0,16.0
2022-09-14 18:43:17.139728,2022-09-14 18:43:17.156634,2022-09-14 18:53:09.466464,0:09:52.326687,16.7,16.0
2022-09-14 18:43:17.117433,2022-09-14 18:43:17.140740,2022-09-14 18:53:09.474651,0:09:52.357163,0.0,16.0
2022-09-14 18:43:17.117249,2022-09-14 18:43:17.119434,2022-09-14 18:53:09.492927,0:09:52.375630,18.2,16.0
2022-09-14 18:43:17.176963,2022-09-14 18:43:17.178718,2022-09-14 18:53:09.538300,0:09:52.361284,19.2,16.0
2022-09-14 18:43:17.176667,2022-09-14 18:43:17.178870,2022-09-14 18:53:09.571374,0:09:52.394656,23.8,16.0
2022-09-14 18:43:17.177515,2022-09-14 18:43:17.190127,2022-09-14 18:53:09.591589,0:09:52.414021,23.1,16.0
2022-09-14 18:43:17.177342,2022-09-14 18:43:17.178700,2022-09-14 18:53:09.601601,0:09:52.424210,0.0,16.0
2022-09-14 18:43:17.189619,2022-09-14 18:43:17.201022,2022-09-14 18:53:09.609872,0:09:52.420198,33.3,16.0
2022-09-14 18:43:17.183663,2022-09-14 18:43:17.189849,2022-09-14 18:53:09.622671,0:09:52.438946,25.0,16.0
2022-09-14 18:43:17.205878,2022-09-14 18:43:17.206788,2022-09-14 18:53:09.654322,0:09:52.448391,11.8,16.0
2022-09-14 18:43:17.222555,2022-09-14 18:43:17.224130,2022-09-14 18:53:09.659572,0:09:52.436966,50.0,16.0
2022-09-14 18:43:17.217135,2022-09-14 18:43:17.223918,2022-09-14 18:53:09.667744,0:09:52.450559,20.0,16.0
2022-09-14 18:43:17.177689,2022-09-14 18:43:17.178718,2022-09-14 18:53:09.676004,0:09:52.498254,20.0,16.0
2022-09-14 18:43:17.245321,2022-09-14 18:43:17.251736,2022-09-14 18:53:09.726015,0:09:52.480641,20.0,16.0
2022-09-14 18:43:17.239812,2022-09-14 18:43:17.251861,2022-09-14 18:53:09.734343,0:09:52.494479,33.3,16.0
2022-09-14 18:43:17.250967,2022-09-14 18:43:17.252035,2022-09-14 18:53:09.754520,0:09:52.503502,16.7,16.0
2022-09-14 18:43:17.256961,2022-09-14 18:43:17.259149,2022-09-14 18:53:09.781938,0:09:52.524926,18.7,16.0
2022-09-14 18:43:17.258096,2022-09-14 18:43:17.264541,2022-09-14 18:53:09.811479,0:09:52.553328,17.6,16.0
2022-09-14 18:43:17.245494,2022-09-14 18:43:17.259111,2022-09-14 18:53:09.819674,0:09:52.574120,20.0,16.0
2022-09-14 18:43:17.245612,2022-09-14 18:43:17.257598,2022-09-14 18:53:09.832893,0:09:52.587233,14.3,16.0
2022-09-14 18:43:17.269089,2022-09-14 18:43:17.280677,2022-09-14 18:53:09.861869,0:09:52.592731,17.6,16.0
2022-09-14 18:43:17.309690,2022-09-14 18:43:17.310555,2022-09-14 18:53:09.870073,0:09:52.560334,33.3,16.0
2022-09-14 18:43:17.309405,2022-09-14 18:43:17.310664,2022-09-14 18:53:09.902476,0:09:52.593020,20.0,16.0
2022-09-14 18:43:17.287919,2022-09-14 18:43:17.299637,2022-09-14 18:53:09.921165,0:09:52.633191,18.2,16.0
2022-09-14 18:43:17.315460,2022-09-14 18:43:17.317344,2022-09-14 18:53:09.935942,0:09:52.620432,22.2,16.0
2022-09-14 18:43:17.279883,2022-09-14 18:43:17.310408,2022-09-14 18:53:09.946466,0:09:52.666533,28.6,16.0
2022-09-14 18:43:17.322570,2022-09-14 18:43:17.329029,2022-09-14 18:53:09.962430,0:09:52.639811,22.2,16.0
2022-09-14 18:43:17.315704,2022-09-14 18:43:17.317344,2022-09-14 18:53:09.970455,0:09:52.654701,20.0,16.0
2022-09-14 18:43:17.321987,2022-09-14 18:43:17.328845,2022-09-14 18:53:09.990621,0:09:52.668584,23.1,16.0
2022-09-14 18:43:17.328824,2022-09-14 18:43:17.335434,2022-09-14 18:53:10.025433,0:09:52.696558,20.0,16.0
2022-09-14 18:43:17.340776,2022-09-14 18:43:17.347157,2022-09-14 18:53:10.039595,0:09:52.698768,22.2,16.0
2022-09-14 18:43:17.351745,2022-09-14 18:43:17.352827,2022-09-14 18:53:10.077139,0:09:52.725339,18.2,16.0
2022-09-14 18:43:17.378984,2022-09-14 18:43:17.380628,2022-09-14 18:53:10.085621,0:09:52.706587,20.0,16.0
2022-09-14 18:43:17.379123,2022-09-14 18:43:17.380609,2022-09-14 18:53:10.105305,0:09:52.726129,18.2,16.0
2022-09-14 18:43:17.373633,2022-09-14 18:43:17.392254,2022-09-14 18:53:10.132275,0:09:52.758593,23.5,16.0
2022-09-14 18:43:17.352064,2022-09-14 18:43:17.363433,2022-09-14 18:53:10.171416,0:09:52.819303,17.4,16.0
2022-09-14 18:43:17.379329,2022-09-14 18:43:17.380887,2022-09-14 18:53:10.176691,0:09:52.797312,25.0,16.0
2022-09-14 18:43:17.413410,2022-09-14 18:43:17.415200,2022-09-14 18:53:10.187013,0:09:52.773554,16.7,16.0
2022-09-14 18:43:17.396931,2022-09-14 18:43:17.397885,2022-09-14 18:53:10.218308,0:09:52.821327,16.7,16.0
2022-09-14 18:43:17.414002,2022-09-14 18:43:17.415421,2022-09-14 18:53:10.247138,0:09:52.833086,26.3,16.0
2022-09-14 18:43:17.391347,2022-09-14 18:43:17.415532,2022-09-14 18:53:10.259957,0:09:52.868561,14.3,16.0
2022-09-14 18:43:17.397313,2022-09-14 18:43:17.403685,2022-09-14 18:53:10.265168,0:09:52.867807,0.0,16.0
2022-09-14 18:43:17.413230,2022-09-14 18:43:17.436460,2022-09-14 18:53:10.285069,0:09:52.871791,23.1,16.0
2022-09-14 18:43:17.452515,2022-09-14 18:43:17.458652,2022-09-14 18:53:10.297115,0:09:52.844551,16.7,16.0
2022-09-14 18:43:17.446416,2022-09-14 18:43:17.452965,2022-09-14 18:53:10.333324,0:09:52.886858,21.7,16.0
2022-09-14 18:43:17.463308,2022-09-14 18:43:17.469696,2022-09-14 18:53:10.341226,0:09:52.877869,25.0,16.0
2022-09-14 18:43:17.441088,2022-09-14 18:43:17.452776,2022-09-14 18:53:10.352476,0:09:52.911340,25.0,16.0
2022-09-14 18:43:17.474188,2022-09-14 18:43:17.482063,2022-09-14 18:53:10.365278,0:09:52.891040,14.3,16.0
2022-09-14 18:43:17.480132,2022-09-14 18:43:17.481949,2022-09-14 18:53:10.379609,0:09:52.899426,22.2,16.0
2022-09-14 18:43:17.440895,2022-09-14 18:43:17.482101,2022-09-14 18:53:10.406093,0:09:52.965148,14.3,16.0
2022-09-14 18:43:17.474554,2022-09-14 18:43:17.488348,2022-09-14 18:53:10.416145,0:09:52.941540,28.6,16.0
2022-09-14 18:43:17.480420,2022-09-14 18:43:17.488019,2022-09-14 18:53:10.443827,0:09:52.963357,17.6,16.0
2022-09-14 18:43:17.509670,2022-09-14 18:43:17.521591,2022-09-14 18:53:10.467803,0:09:52.958083,21.4,16.0
2022-09-14 18:43:17.479974,2022-09-14 18:43:17.488675,2022-09-14 18:53:10.502128,0:09:53.022102,19.0,16.0
2022-09-14 18:43:17.509484,2022-09-14 18:43:17.521932,2022-09-14 18:53:10.538983,0:09:53.029447,22.7,16.0
2022-09-14 18:43:17.515067,2022-09-14 18:43:17.532828,2022-09-14 18:53:10.546931,0:09:53.031814,20.0,16.0
2022-09-14 18:43:17.515225,2022-09-14 18:43:17.521889,2022-09-14 18:53:10.561185,0:09:53.045911,12.5,16.0
2022-09-14 18:43:17.537172,2022-09-14 18:43:17.550155,2022-09-14 18:53:10.569183,0:09:53.031962,40.0,16.0
2022-09-14 18:43:17.537331,2022-09-14 18:43:17.538300,2022-09-14 18:53:10.579228,0:09:53.041848,28.6,16.0
2022-09-14 18:43:17.548068,2022-09-14 18:43:17.549290,2022-09-14 18:53:10.601253,0:09:53.053135,15.4,16.0
2022-09-14 18:43:17.548623,2022-09-14 18:43:17.549971,2022-09-14 18:53:10.625243,0:09:53.076570,21.4,16.0
2022-09-14 18:43:17.548220,2022-09-14 18:43:17.555319,2022-09-14 18:53:10.647608,0:09:53.099339,21.4,16.0
2022-09-14 18:43:17.580946,2022-09-14 18:43:17.581831,2022-09-14 18:53:10.663798,0:09:53.082804,20.0,16.0
2022-09-14 18:43:17.580390,2022-09-14 18:43:17.582459,2022-09-14 18:53:10.675801,0:09:53.095362,14.3,16.0
2022-09-14 18:43:17.548805,2022-09-14 18:43:17.567270,2022-09-14 18:53:10.685780,0:09:53.136926,20.0,16.0
2022-09-14 18:43:17.602944,2022-09-14 18:43:17.604221,2022-09-14 18:53:10.707862,0:09:53.104870,21.4,16.0
2022-09-14 18:43:17.580549,2022-09-14 18:43:17.582419,2022-09-14 18:53:10.718866,0:09:53.138268,16.7,16.0
2022-09-14 18:43:17.574906,2022-09-14 18:43:17.593240,2022-09-14 18:53:10.724071,0:09:53.149116,33.3,16.0
2022-09-14 18:43:17.614014,2022-09-14 18:43:17.615558,2022-09-14 18:53:10.764367,0:09:53.150303,20.0,16.0
2022-09-14 18:43:17.613814,2022-09-14 18:43:17.616196,2022-09-14 18:53:10.776317,0:09:53.162454,14.3,16.0
2022-09-14 18:43:17.613450,2022-09-14 18:43:17.615981,2022-09-14 18:53:10.798286,0:09:53.184786,16.7,16.0
2022-09-14 18:43:17.613612,2022-09-14 18:43:17.615353,2022-09-14 18:53:10.808447,0:09:53.194785,37.5,16.0
2022-09-14 18:43:17.615628,2022-09-14 18:43:17.638146,2022-09-14 18:53:10.822370,0:09:53.206693,12.5,16.0
2022-09-14 18:43:17.636937,2022-09-14 18:43:17.637985,2022-09-14 18:53:10.838383,0:09:53.201396,22.2,16.0
2022-09-14 18:43:17.643814,2022-09-14 18:43:17.645147,2022-09-14 18:53:10.854335,0:09:53.210472,20.0,16.0
2022-09-14 18:43:17.644053,2022-09-14 18:43:17.650674,2022-09-14 18:53:10.886565,0:09:53.242463,16.7,16.0
2022-09-14 18:43:17.644207,2022-09-14 18:43:17.651001,2022-09-14 18:53:10.898591,0:09:53.254336,25.0,16.0
2022-09-14 18:43:17.666096,2022-09-14 18:43:17.667214,2022-09-14 18:53:10.937000,0:09:53.270855,17.4,16.0
2022-09-14 18:43:17.683031,2022-09-14 18:43:17.689408,2022-09-14 18:53:10.952846,0:09:53.269767,22.2,16.0
2022-09-14 18:43:17.677334,2022-09-14 18:43:17.689408,2022-09-14 18:53:10.966936,0:09:53.289554,22.2,16.0
2022-09-14 18:43:17.677646,2022-09-14 18:43:17.689408,2022-09-14 18:53:11.009102,0:09:53.331399,16.7,16.0
2022-09-14 18:43:17.705890,2022-09-14 18:43:17.707223,2022-09-14 18:53:11.019153,0:09:53.313212,16.7,16.0
2022-09-14 18:43:17.711928,2022-09-14 18:43:17.712829,2022-09-14 18:53:11.042750,0:09:53.330751,21.4,16.0
2022-09-14 18:43:17.700479,2022-09-14 18:43:17.707081,2022-09-14 18:53:11.067928,0:09:53.367398,14.3,16.0
2022-09-14 18:43:17.677504,2022-09-14 18:43:17.707081,2022-09-14 18:53:11.082362,0:09:53.404810,22.2,16.0
2022-09-14 18:43:17.706027,2022-09-14 18:43:17.723819,2022-09-14 18:53:11.087901,0:09:53.381825,25.0,16.0
2022-09-14 18:43:17.683244,2022-09-14 18:43:17.689509,2022-09-14 18:53:11.099207,0:09:53.415911,28.6,16.0
2022-09-14 18:43:17.728296,2022-09-14 18:43:17.729254,2022-09-14 18:53:11.134308,0:09:53.405962,19.0,16.0
2022-09-14 18:43:17.744919,2022-09-14 18:43:17.757360,2022-09-14 18:53:11.160208,0:09:53.415236,25.0,16.0
2022-09-14 18:43:17.767286,2022-09-14 18:43:17.768509,2022-09-14 18:53:11.179790,0:09:53.412454,16.7,16.0
2022-09-14 18:43:17.739041,2022-09-14 18:43:17.757478,2022-09-14 18:53:11.210615,0:09:53.471525,16.7,16.0
2022-09-14 18:43:17.755638,2022-09-14 18:43:17.756922,2022-09-14 18:53:11.225416,0:09:53.469729,12.5,16.0
2022-09-14 18:43:17.767418,2022-09-14 18:43:17.774585,2022-09-14 18:53:11.230695,0:09:53.463229,33.3,16.0
2022-09-14 18:43:17.789815,2022-09-14 18:43:17.790777,2022-09-14 18:53:11.246991,0:09:53.457127,20.0,16.0
2022-09-14 18:43:17.739559,2022-09-14 18:43:17.756886,2022-09-14 18:53:11.252266,0:09:53.512658,0.0,16.0
2022-09-14 18:43:17.773298,2022-09-14 18:43:17.791106,2022-09-14 18:53:11.262963,0:09:53.489616,14.3,16.0
2022-09-14 18:43:17.773455,2022-09-14 18:43:17.779916,2022-09-14 18:53:11.280052,0:09:53.506548,20.0,16.0
2022-09-14 18:43:17.789569,2022-09-14 18:43:17.791912,2022-09-14 18:53:11.306333,0:09:53.516716,14.3,16.0
2022-09-14 18:43:17.801985,2022-09-14 18:43:17.803036,2022-09-14 18:53:11.317515,0:09:53.515482,33.3,16.0
2022-09-14 18:43:17.819439,2022-09-14 18:43:17.820451,2022-09-14 18:53:11.371550,0:09:53.552062,18.8,16.0
2022-09-14 18:43:17.830449,2022-09-14 18:43:17.831433,2022-09-14 18:53:11.387721,0:09:53.557223,20.0,16.0
2022-09-14 18:43:17.808426,2022-09-14 18:43:17.836810,2022-09-14 18:53:11.398067,0:09:53.589592,20.0,16.0
2022-09-14 18:43:17.858017,2022-09-14 18:43:17.870159,2022-09-14 18:53:11.438162,0:09:53.580093,20.0,16.0
2022-09-14 18:43:17.808092,2022-09-14 18:43:17.814749,2022-09-14 18:53:11.455975,0:09:53.647834,27.3,16.0
2022-09-14 18:43:17.852059,2022-09-14 18:43:17.853039,2022-09-14 18:53:11.466976,0:09:53.614866,16.7,16.0
2022-09-14 18:43:17.858417,2022-09-14 18:43:17.870420,2022-09-14 18:53:11.485119,0:09:53.626650,18.2,16.0
2022-09-14 18:43:17.835968,2022-09-14 18:43:17.847420,2022-09-14 18:53:11.500754,0:09:53.664738,20.0,16.0
2022-09-14 18:43:17.836163,2022-09-14 18:43:17.852772,2022-09-14 18:53:11.509155,0:09:53.672944,25.0,16.0
2022-09-14 18:43:17.869484,2022-09-14 18:43:17.881578,2022-09-14 18:53:11.517026,0:09:53.647494,20.0,16.0
2022-09-14 18:43:17.880210,2022-09-14 18:43:17.886953,2022-09-14 18:53:11.533120,0:09:53.652861,20.0,16.0
2022-09-14 18:43:17.914440,2022-09-14 18:43:17.915572,2022-09-14 18:53:11.560984,0:09:53.646494,18.7,16.0
2022-09-14 18:43:17.909065,2022-09-14 18:43:17.927210,2022-09-14 18:53:11.583193,0:09:53.674078,21.4,16.0
2022-09-14 18:43:17.880531,2022-09-14 18:43:17.887638,2022-09-14 18:53:11.596618,0:09:53.716038,14.3,16.0
2022-09-14 18:43:17.863726,2022-09-14 18:43:17.870342,2022-09-14 18:53:11.632779,0:09:53.768998,18.2,16.0
2022-09-14 18:43:17.925827,2022-09-14 18:43:17.927581,2022-09-14 18:53:11.651648,0:09:53.725762,18.2,16.0
2022-09-14 18:43:17.925504,2022-09-14 18:43:17.933372,2022-09-14 18:53:11.666400,0:09:53.740844,12.5,16.0
2022-09-14 18:43:17.943189,2022-09-14 18:43:17.949244,2022-09-14 18:53:11.676319,0:09:53.733081,16.7,16.0
2022-09-14 18:43:17.932332,2022-09-14 18:43:17.949274,2022-09-14 18:53:11.687358,0:09:53.754977,28.6,16.0
2022-09-14 18:43:17.908749,2022-09-14 18:43:17.920863,2022-09-14 18:53:11.692541,0:09:53.783743,0.0,16.0
2022-09-14 18:43:17.925671,2022-09-14 18:43:17.943835,2022-09-14 18:53:11.728853,0:09:53.803133,18.2,16.0
2022-09-14 18:43:17.948791,2022-09-14 18:43:17.966629,2022-09-14 18:53:11.746746,0:09:53.797884,20.0,16.0
2022-09-14 18:43:17.977166,2022-09-14 18:43:17.978089,2022-09-14 18:53:11.759271,0:09:53.782056,14.3,16.0
2022-09-14 18:43:17.920189,2022-09-14 18:43:17.955084,2022-09-14 18:53:11.770479,0:09:53.850239,14.3,16.0
2022-09-14 18:43:17.976451,2022-09-14 18:43:17.978838,2022-09-14 18:53:11.825595,0:09:53.849092,18.7,16.0
2022-09-14 18:43:17.994550,2022-09-14 18:43:17.996195,2022-09-14 18:53:11.837849,0:09:53.843247,33.3,16.0
2022-09-14 18:43:18.000991,2022-09-14 18:43:18.001944,2022-09-14 18:53:11.848653,0:09:53.847598,16.7,16.0
2022-09-14 18:43:17.976681,2022-09-14 18:43:17.989967,2022-09-14 18:53:11.853872,0:09:53.877143,33.3,16.0
2022-09-14 18:43:17.994755,2022-09-14 18:43:18.001681,2022-09-14 18:53:11.862079,0:09:53.867275,20.0,16.0
2022-09-14 18:43:17.989020,2022-09-14 18:43:18.001471,2022-09-14 18:53:11.870059,0:09:53.880991,20.0,16.0
2022-09-14 18:43:18.024412,2022-09-14 18:43:18.025486,2022-09-14 18:53:11.930405,0:09:53.905942,21.6,16.0
2022-09-14 18:43:18.018498,2022-09-14 18:43:18.025061,2022-09-14 18:53:11.948323,0:09:53.929775,18.2,16.0
2022-09-14 18:43:18.040518,2022-09-14 18:43:18.052564,2022-09-14 18:53:11.975874,0:09:53.935306,18.7,16.0
2022-09-14 18:43:18.051638,2022-09-14 18:43:18.053030,2022-09-14 18:53:11.986687,0:09:53.934998,16.7,16.0
2022-09-14 18:43:18.040682,2022-09-14 18:43:18.052459,2022-09-14 18:53:11.994699,0:09:53.953968,20.0,16.0
2022-09-14 18:43:18.001859,2022-09-14 18:43:18.024633,2022-09-14 18:53:12.011263,0:09:54.009352,20.0,16.0
2022-09-14 18:43:18.040361,2022-09-14 18:43:18.064265,2022-09-14 18:53:12.036248,0:09:53.995836,20.0,16.0
2022-09-14 18:43:18.063582,2022-09-14 18:43:18.070020,2022-09-14 18:53:12.041641,0:09:53.977996,0.0,16.0
2022-09-14 18:43:18.063327,2022-09-14 18:43:18.081327,2022-09-14 18:53:12.071691,0:09:54.008314,21.1,16.0
2022-09-14 18:43:18.068935,2022-09-14 18:43:18.082038,2022-09-14 18:53:12.081929,0:09:54.012944,16.7,16.0
2022-09-14 18:43:18.081149,2022-09-14 18:43:18.082538,2022-09-14 18:53:12.100082,0:09:54.018883,20.0,16.0
2022-09-14 18:43:18.080605,2022-09-14 18:43:18.082206,2022-09-14 18:53:12.117833,0:09:54.037180,18.2,16.0
2022-09-14 18:43:18.087468,2022-09-14 18:43:18.093786,2022-09-14 18:53:12.143421,0:09:54.055904,20.0,16.0
2022-09-14 18:43:18.114314,2022-09-14 18:43:18.115561,2022-09-14 18:53:12.187194,0:09:54.072829,22.2,16.0
2022-09-14 18:43:18.108932,2022-09-14 18:43:18.115561,2022-09-14 18:53:12.208110,0:09:54.099127,16.7,16.0
2022-09-14 18:43:18.115055,2022-09-14 18:43:18.126412,2022-09-14 18:53:12.224771,0:09:54.109665,11.1,16.0
2022-09-14 18:43:18.114157,2022-09-14 18:43:18.121224,2022-09-14 18:53:12.244835,0:09:54.130628,16.7,16.0
2022-09-14 18:43:18.136601,2022-09-14 18:43:18.143231,2022-09-14 18:53:12.262704,0:09:54.126054,27.3,16.0
2022-09-14 18:43:18.131013,2022-09-14 18:43:18.137307,2022-09-14 18:53:12.275255,0:09:54.144191,14.3,16.0
2022-09-14 18:43:18.142418,2022-09-14 18:43:18.148943,2022-09-14 18:53:12.289786,0:09:54.147317,12.5,16.0
2022-09-14 18:43:18.160213,2022-09-14 18:43:18.171832,2022-09-14 18:53:12.318637,0:09:54.158367,22.2,16.0
2022-09-14 18:43:18.148387,2022-09-14 18:43:18.155191,2022-09-14 18:53:12.326675,0:09:54.178231,0.0,16.0
2022-09-14 18:43:18.182121,2022-09-14 18:43:18.184318,2022-09-14 18:53:12.365241,0:09:54.183071,17.4,16.0
2022-09-14 18:43:18.154048,2022-09-14 18:43:18.155635,2022-09-14 18:53:12.370534,0:09:54.216438,50.0,16.0
2022-09-14 18:43:18.182282,2022-09-14 18:43:18.184414,2022-09-14 18:53:12.385138,0:09:54.202808,12.5,16.0
2022-09-14 18:43:18.176534,2022-09-14 18:43:18.183328,2022-09-14 18:53:12.390412,0:09:54.213831,25.0,16.0
2022-09-14 18:43:18.210463,2022-09-14 18:43:18.211847,2022-09-14 18:53:12.423031,0:09:54.212515,21.1,16.0
2022-09-14 18:43:18.176669,2022-09-14 18:43:18.183328,2022-09-14 18:53:12.450093,0:09:54.273373,12.5,16.0
2022-09-14 18:43:18.205179,2022-09-14 18:43:18.211501,2022-09-14 18:53:12.501196,0:09:54.295958,20.0,16.0
2022-09-14 18:43:18.232383,2022-09-14 18:43:18.239058,2022-09-14 18:53:12.509961,0:09:54.277526,20.0,16.0
2022-09-14 18:43:18.210661,2022-09-14 18:43:18.238768,2022-09-14 18:53:12.520213,0:09:54.309503,28.6,16.0
2022-09-14 18:43:18.237856,2022-09-14 18:43:18.244686,2022-09-14 18:53:12.541449,0:09:54.303543,23.1,16.0
2022-09-14 18:43:18.238367,2022-09-14 18:43:18.244686,2022-09-14 18:53:12.546821,0:09:54.308405,40.0,16.0
2022-09-14 18:43:18.243854,2022-09-14 18:43:18.261345,2022-09-14 18:53:12.554849,0:09:54.310947,20.0,16.0
2022-09-14 18:43:18.222189,2022-09-14 18:43:18.244860,2022-09-14 18:53:12.574599,0:09:54.352361,18.2,16.0
2022-09-14 18:43:18.282917,2022-09-14 18:43:18.284232,2022-09-14 18:53:12.617861,0:09:54.334888,18.5,16.0
2022-09-14 18:43:18.211232,2022-09-14 18:43:18.238580,2022-09-14 18:53:12.623444,0:09:54.412155,33.3,16.0
2022-09-14 18:43:18.271942,2022-09-14 18:43:18.284294,2022-09-14 18:53:12.645733,0:09:54.373737,21.4,16.0
2022-09-14 18:43:18.265987,2022-09-14 18:43:18.267146,2022-09-14 18:53:12.657778,0:09:54.391740,25.0,16.0
2022-09-14 18:43:18.282619,2022-09-14 18:43:18.283651,2022-09-14 18:53:12.671099,0:09:54.388431,14.3,16.0
2022-09-14 18:43:18.260655,2022-09-14 18:43:18.278055,2022-09-14 18:53:12.689619,0:09:54.428916,18.2,16.0
2022-09-14 18:43:18.283221,2022-09-14 18:43:18.284957,2022-09-14 18:53:12.703860,0:09:54.420590,22.2,16.0
2022-09-14 18:43:18.305560,2022-09-14 18:43:18.312405,2022-09-14 18:53:12.729900,0:09:54.424290,18.8,16.0
2022-09-14 18:43:18.306183,2022-09-14 18:43:18.312836,2022-09-14 18:53:12.746120,0:09:54.439887,30.0,16.0
2022-09-14 18:43:18.305403,2022-09-14 18:43:18.306835,2022-09-14 18:53:12.754099,0:09:54.448647,20.0,16.0
2022-09-14 18:43:18.329157,2022-09-14 18:43:18.335326,2022-09-14 18:53:12.772350,0:09:54.443144,25.0,16.0
2022-09-14 18:43:18.348010,2022-09-14 18:43:18.354570,2022-09-14 18:53:12.802143,0:09:54.454079,12.5,16.0
2022-09-14 18:43:18.305774,2022-09-14 18:43:18.313120,2022-09-14 18:53:12.837079,0:09:54.531251,19.0,16.0
2022-09-14 18:43:18.340047,2022-09-14 18:43:18.340979,2022-09-14 18:53:12.847239,0:09:54.507140,28.6,16.0
2022-09-14 18:43:18.348438,2022-09-14 18:43:18.360009,2022-09-14 18:53:12.867412,0:09:54.518925,18.2,16.0
2022-09-14 18:43:18.370318,2022-09-14 18:43:18.371309,2022-09-14 18:53:12.885307,0:09:54.514940,18.2,16.0
2022-09-14 18:43:18.359037,2022-09-14 18:43:18.365513,2022-09-14 18:53:12.901543,0:09:54.542457,20.0,16.0
2022-09-14 18:43:18.371026,2022-09-14 18:43:18.382813,2022-09-14 18:53:12.915507,0:09:54.544432,25.0,16.0
2022-09-14 18:43:18.370665,2022-09-14 18:43:18.388744,2022-09-14 18:53:12.937202,0:09:54.566488,15.4,16.0
2022-09-14 18:43:18.340383,2022-09-14 18:43:18.365290,2022-09-14 18:53:12.945192,0:09:54.604761,25.0,16.0
2022-09-14 18:43:18.376649,2022-09-14 18:43:18.382969,2022-09-14 18:53:12.957242,0:09:54.580545,25.0,16.0
2022-09-14 18:43:18.404317,2022-09-14 18:43:18.405328,2022-09-14 18:53:12.997086,0:09:54.592719,20.0,16.0
2022-09-14 18:43:18.399048,2022-09-14 18:43:18.416755,2022-09-14 18:53:13.002375,0:09:54.603278,50.0,16.0
2022-09-14 18:43:18.426764,2022-09-14 18:43:18.438967,2022-09-14 18:53:13.061939,0:09:54.635120,19.4,16.0
2022-09-14 18:43:18.421265,2022-09-14 18:43:18.440011,2022-09-14 18:53:13.077375,0:09:54.656057,22.2,16.0
2022-09-14 18:43:18.432511,2022-09-14 18:43:18.439524,2022-09-14 18:53:13.093489,0:09:54.660928,20.0,16.0
2022-09-14 18:43:18.409888,2022-09-14 18:43:18.433592,2022-09-14 18:53:13.098846,0:09:54.688909,33.3,16.0
2022-09-14 18:43:18.432351,2022-09-14 18:43:18.439524,2022-09-14 18:53:13.120302,0:09:54.687901,23.1,16.1
2022-09-14 18:43:18.432173,2022-09-14 18:43:18.439449,2022-09-14 18:53:13.133216,0:09:54.700994,14.3,16.0
2022-09-14 18:43:18.438395,2022-09-14 18:43:18.450833,2022-09-14 18:53:13.145099,0:09:54.706656,25.0,16.0
2022-09-14 18:43:18.439113,2022-09-14 18:43:18.456317,2022-09-14 18:53:13.173359,0:09:54.734197,17.6,16.0
2022-09-14 18:43:18.466475,2022-09-14 18:43:18.472991,2022-09-14 18:53:13.183395,0:09:54.716871,33.3,16.0
2022-09-14 18:43:18.483411,2022-09-14 18:43:18.484473,2022-09-14 18:53:13.209546,0:09:54.726082,13.3,16.0
2022-09-14 18:43:18.477465,2022-09-14 18:43:18.478462,2022-09-14 18:53:13.219973,0:09:54.742458,28.6,16.0
2022-09-14 18:43:18.477294,2022-09-14 18:43:18.490047,2022-09-14 18:53:13.235956,0:09:54.758612,11.1,16.0
2022-09-14 18:43:18.505965,2022-09-14 18:43:18.512116,2022-09-14 18:53:13.262502,0:09:54.756488,20.0,16.0
2022-09-14 18:43:18.517016,2022-09-14 18:43:18.518056,2022-09-14 18:53:13.289004,0:09:54.771938,18.7,16.0
2022-09-14 18:43:18.500347,2022-09-14 18:43:18.512352,2022-09-14 18:53:13.299107,0:09:54.798711,28.6,16.0
2022-09-14 18:43:18.500078,2022-09-14 18:43:18.501009,2022-09-14 18:53:13.307411,0:09:54.807284,20.0,16.0
2022-09-14 18:43:18.523345,2022-09-14 18:43:18.524309,2022-09-14 18:53:13.321416,0:09:54.798023,14.3,16.0
2022-09-14 18:43:18.494574,2022-09-14 18:43:18.540979,2022-09-14 18:53:13.351829,0:09:54.857205,21.1,16.0
2022-09-14 18:43:18.539659,2022-09-14 18:43:18.541584,2022-09-14 18:53:13.365678,0:09:54.825962,12.5,16.0
2022-09-14 18:43:18.528802,2022-09-14 18:43:18.529731,2022-09-14 18:53:13.377828,0:09:54.848977,28.6,16.0
2022-09-14 18:43:18.546246,2022-09-14 18:43:18.547222,2022-09-14 18:53:13.393842,0:09:54.847548,20.0,16.0
2022-09-14 18:43:18.552413,2022-09-14 18:43:18.553840,2022-09-14 18:53:13.422038,0:09:54.869576,26.3,16.0
2022-09-14 18:43:18.564035,2022-09-14 18:43:18.570174,2022-09-14 18:53:13.446124,0:09:54.882040,21.4,16.0
2022-09-14 18:43:18.585169,2022-09-14 18:43:18.586348,2022-09-14 18:53:13.464237,0:09:54.879017,25.0,16.0
2022-09-14 18:43:18.558532,2022-09-14 18:43:18.559451,2022-09-14 18:53:13.488364,0:09:54.929779,21.4,16.0
2022-09-14 18:43:18.569593,2022-09-14 18:43:18.591850,2022-09-14 18:53:13.500573,0:09:54.930932,14.3,16.0
2022-09-14 18:43:18.569356,2022-09-14 18:43:18.592287,2022-09-14 18:53:13.510606,0:09:54.941200,16.7,16.0
2022-09-14 18:43:18.590886,2022-09-14 18:43:18.603259,2022-09-14 18:53:13.532682,0:09:54.941739,15.4,16.0
2022-09-14 18:43:18.613195,2022-09-14 18:43:18.614770,2022-09-14 18:53:13.559374,0:09:54.946130,20.0,16.0
2022-09-14 18:43:18.614027,2022-09-14 18:43:18.614941,2022-09-14 18:53:13.564670,0:09:54.950587,25.0,16.0
2022-09-14 18:43:18.602519,2022-09-14 18:43:18.614704,2022-09-14 18:53:13.595168,0:09:54.992599,16.7,16.0
2022-09-14 18:43:18.620444,2022-09-14 18:43:18.627202,2022-09-14 18:53:13.623990,0:09:55.003496,18.7,16.0
2022-09-14 18:43:18.637162,2022-09-14 18:43:18.638142,2022-09-14 18:53:13.629344,0:09:54.992133,0.0,16.0
2022-09-14 18:43:18.602332,2022-09-14 18:43:18.621471,2022-09-14 18:53:13.641199,0:09:55.038818,28.6,16.0
2022-09-14 18:43:18.659153,2022-09-14 18:43:18.681299,2022-09-14 18:53:13.693711,0:09:55.034506,18.7,16.0
2022-09-14 18:43:18.631757,2022-09-14 18:43:18.638266,2022-09-14 18:53:13.707740,0:09:55.075932,22.2,16.1
2022-09-14 18:43:18.664614,2022-09-14 18:43:18.675938,2022-09-14 18:53:13.720127,0:09:55.055463,14.3,16.1
2022-09-14 18:43:18.637598,2022-09-14 18:43:18.681448,2022-09-14 18:53:13.728177,0:09:55.090530,25.0,16.1
2022-09-14 18:43:18.681606,2022-09-14 18:43:18.682657,2022-09-14 18:53:13.755772,0:09:55.074110,17.6,16.1
2022-09-14 18:43:18.680317,2022-09-14 18:43:18.682610,2022-09-14 18:53:13.764005,0:09:55.083637,25.0,16.1
2022-09-14 18:43:18.680881,2022-09-14 18:43:18.694464,2022-09-14 18:53:13.783906,0:09:55.102976,16.7,16.1
2022-09-14 18:43:18.681345,2022-09-14 18:43:18.694349,2022-09-14 18:53:13.810376,0:09:55.128981,18.7,16.0
2022-09-14 18:43:18.681104,2022-09-14 18:43:18.682836,2022-09-14 18:53:13.832760,0:09:55.151606,23.1,16.0
2022-09-14 18:43:18.720708,2022-09-14 18:43:18.721726,2022-09-14 18:53:13.858649,0:09:55.137884,13.3,16.0
2022-09-14 18:43:18.699150,2022-09-14 18:43:18.721906,2022-09-14 18:53:13.902662,0:09:55.203456,19.2,16.0
2022-09-14 18:43:18.699337,2022-09-14 18:43:18.746995,2022-09-14 18:53:13.914695,0:09:55.215308,25.0,16.0
2022-09-14 18:43:18.746272,2022-09-14 18:43:18.757741,2022-09-14 18:53:13.924853,0:09:55.178532,16.7,16.0
2022-09-14 18:43:18.715334,2022-09-14 18:43:18.721795,2022-09-14 18:53:13.940947,0:09:55.225564,12.5,16.0
2022-09-14 18:43:18.745670,2022-09-14 18:43:18.773948,2022-09-14 18:53:13.952890,0:09:55.207172,25.0,16.0
2022-09-14 18:43:18.745827,2022-09-14 18:43:18.763410,2022-09-14 18:53:13.969082,0:09:55.223207,11.1,16.0
2022-09-14 18:43:18.762726,2022-09-14 18:43:18.774535,2022-09-14 18:53:13.977013,0:09:55.214239,33.3,16.0
2022-09-14 18:43:18.746008,2022-09-14 18:43:18.763444,2022-09-14 18:53:13.984893,0:09:55.238836,25.0,16.0
2022-09-14 18:43:18.756781,2022-09-14 18:43:18.763410,2022-09-14 18:53:13.992966,0:09:55.236136,20.0,16.0
2022-09-14 18:43:18.773349,2022-09-14 18:43:18.780231,2022-09-14 18:53:14.018398,0:09:55.244998,20.0,16.0
2022-09-14 18:43:18.762459,2022-09-14 18:43:18.797606,2022-09-14 18:53:14.037466,0:09:55.274957,25.0,16.0
2022-09-14 18:43:18.796258,2022-09-14 18:43:18.803376,2022-09-14 18:53:14.056041,0:09:55.259733,18.2,16.0
2022-09-14 18:43:18.808886,2022-09-14 18:43:18.820602,2022-09-14 18:53:14.093935,0:09:55.284995,18.2,16.0
2022-09-14 18:43:18.790665,2022-09-14 18:43:18.837416,2022-09-14 18:53:14.120775,0:09:55.330057,18.7,16.0
2022-09-14 18:43:18.814219,2022-09-14 18:43:18.820697,2022-09-14 18:53:14.147413,0:09:55.333142,18.8,16.0
2022-09-14 18:43:18.842220,2022-09-14 18:43:18.844071,2022-09-14 18:53:14.162244,0:09:55.319973,12.5,16.0
2022-09-14 18:43:18.836377,2022-09-14 18:43:18.837748,2022-09-14 18:53:14.170747,0:09:55.334302,42.9,16.0
2022-09-14 18:43:18.842590,2022-09-14 18:43:18.844034,2022-09-14 18:53:14.189491,0:09:55.346844,10.0,16.0
2022-09-14 18:43:18.836740,2022-09-14 18:43:18.843959,2022-09-14 18:53:14.208286,0:09:55.371490,18.2,16.0
2022-09-14 18:43:18.825686,2022-09-14 18:43:18.831746,2022-09-14 18:53:14.213962,0:09:55.388218,33.3,16.0
2022-09-14 18:43:18.814338,2022-09-14 18:43:18.820602,2022-09-14 18:53:14.235341,0:09:55.420949,15.4,16.0
2022-09-14 18:43:18.854580,2022-09-14 18:43:18.860945,2022-09-14 18:53:14.251324,0:09:55.396688,22.2,16.0
2022-09-14 18:43:18.860462,2022-09-14 18:43:18.861401,2022-09-14 18:53:14.274024,0:09:55.413506,21.4,16.0
2022-09-14 18:43:18.877355,2022-09-14 18:43:18.879014,2022-09-14 18:53:14.307065,0:09:55.429652,20.0,16.0
2022-09-14 18:43:18.877977,2022-09-14 18:43:18.879046,2022-09-14 18:53:14.312754,0:09:55.434721,0.0,16.0
2022-09-14 18:43:18.877600,2022-09-14 18:43:18.879435,2022-09-14 18:53:14.321103,0:09:55.443453,20.0,16.0
2022-09-14 18:43:18.905035,2022-09-14 18:43:18.907186,2022-09-14 18:53:14.360993,0:09:55.455906,24.0,16.0
2022-09-14 18:43:18.905958,2022-09-14 18:43:18.906970,2022-09-14 18:53:14.366432,0:09:55.460419,33.3,16.0
2022-09-14 18:43:18.905569,2022-09-14 18:43:18.907327,2022-09-14 18:53:14.403398,0:09:55.497776,21.7,16.0
2022-09-14 18:43:18.905787,2022-09-14 18:43:18.918911,2022-09-14 18:53:14.440780,0:09:55.534939,18.2,16.0
2022-09-14 18:43:18.939352,2022-09-14 18:43:18.946699,2022-09-14 18:53:14.465410,0:09:55.526005,20.0,16.0
2022-09-14 18:43:18.905369,2022-09-14 18:43:18.918751,2022-09-14 18:53:14.483737,0:09:55.578316,25.0,16.0
2022-09-14 18:43:18.917697,2022-09-14 18:43:18.918897,2022-09-14 18:53:14.489070,0:09:55.571320,0.0,16.0
2022-09-14 18:43:18.939495,2022-09-14 18:43:18.946122,2022-09-14 18:53:14.494280,0:09:55.554738,25.0,16.0
2022-09-14 18:43:18.933949,2022-09-14 18:43:18.940874,2022-09-14 18:53:14.499573,0:09:55.565576,33.3,16.0
2022-09-14 18:43:18.939631,2022-09-14 18:43:18.946122,2022-09-14 18:53:14.528203,0:09:55.588522,17.6,16.0
2022-09-14 18:43:18.984921,2022-09-14 18:43:18.985909,2022-09-14 18:53:14.567948,0:09:55.582974,17.4,16.0
2022-09-14 18:43:18.968197,2022-09-14 18:43:18.980346,2022-09-14 18:53:14.576030,0:09:55.607783,20.0,16.0
2022-09-14 18:43:18.978867,2022-09-14 18:43:18.980281,2022-09-14 18:53:14.608182,0:09:55.629264,16.7,16.0
2022-09-14 18:43:18.996119,2022-09-14 18:43:18.997285,2022-09-14 18:53:14.624537,0:09:55.628368,11.1,16.0
2022-09-14 18:43:18.979314,2022-09-14 18:43:18.996672,2022-09-14 18:53:14.634747,0:09:55.655369,28.6,16.0
2022-09-14 18:43:19.007253,2022-09-14 18:43:19.024490,2022-09-14 18:53:14.671146,0:09:55.663841,14.3,16.0
2022-09-14 18:43:18.967971,2022-09-14 18:43:19.002673,2022-09-14 18:53:14.683311,0:09:55.715288,16.7,16.0
2022-09-14 18:43:18.978674,2022-09-14 18:43:18.996706,2022-09-14 18:53:14.711577,0:09:55.732853,17.6,16.1
2022-09-14 18:43:19.001933,2022-09-14 18:43:19.008278,2022-09-14 18:53:14.728251,0:09:55.726267,20.0,16.0
2022-09-14 18:43:19.051075,2022-09-14 18:43:19.053070,2022-09-14 18:53:14.767825,0:09:55.716691,24.0,16.0
2022-09-14 18:43:19.028885,2022-09-14 18:43:19.035779,2022-09-14 18:53:14.779285,0:09:55.750346,16.7,16.0
2022-09-14 18:43:19.063030,2022-09-14 18:43:19.063943,2022-09-14 18:53:14.800104,0:09:55.737021,16.7,16.0
2022-09-14 18:43:19.051269,2022-09-14 18:43:19.052462,2022-09-14 18:53:14.808250,0:09:55.756931,20.0,16.1
2022-09-14 18:43:19.040564,2022-09-14 18:43:19.069710,2022-09-14 18:53:14.818230,0:09:55.777617,16.7,16.1
2022-09-14 18:43:19.034464,2022-09-14 18:43:19.051824,2022-09-14 18:53:14.826423,0:09:55.791892,20.0,16.1
2022-09-14 18:43:19.040411,2022-09-14 18:43:19.052300,2022-09-14 18:53:14.834600,0:09:55.794140,20.0,16.1
2022-09-14 18:43:19.057688,2022-09-14 18:43:19.063767,2022-09-14 18:53:14.855123,0:09:55.797386,18.2,16.1
2022-09-14 18:43:19.069363,2022-09-14 18:43:19.070550,2022-09-14 18:53:14.865535,0:09:55.796123,16.7,16.1
2022-09-14 18:43:19.040346,2022-09-14 18:43:19.070341,2022-09-14 18:53:14.873480,0:09:55.833085,33.3,16.1
2022-09-14 18:43:19.103495,2022-09-14 18:43:19.109713,2022-09-14 18:53:14.953751,0:09:55.850202,17.0,16.1
2022-09-14 18:43:19.108962,2022-09-14 18:43:19.109914,2022-09-14 18:53:14.969789,0:09:55.860775,20.0,16.0
2022-09-14 18:43:19.123460,2022-09-14 18:43:19.135166,2022-09-14 18:53:14.988618,0:09:55.865108,30.8,16.0
2022-09-14 18:43:19.123047,2022-09-14 18:43:19.124127,2022-09-14 18:53:14.993913,0:09:55.870817,0.0,16.0
2022-09-14 18:43:19.116675,2022-09-14 18:43:19.135403,2022-09-14 18:53:15.010080,0:09:55.893352,20.0,16.0
2022-09-14 18:43:19.134184,2022-09-14 18:43:19.140874,2022-09-14 18:53:15.025581,0:09:55.891345,22.2,16.0
2022-09-14 18:43:19.167714,2022-09-14 18:43:19.169039,2022-09-14 18:53:15.036822,0:09:55.869058,28.6,16.0
2022-09-14 18:43:19.097917,2022-09-14 18:43:19.104247,2022-09-14 18:53:15.048852,0:09:55.950886,25.0,16.0
2022-09-14 18:43:19.133949,2022-09-14 18:43:19.134841,2022-09-14 18:53:15.056942,0:09:55.922945,0.0,16.1
2022-09-14 18:43:19.123323,2022-09-14 18:43:19.135232,2022-09-14 18:53:15.087160,0:09:55.963784,22.2,16.1
2022-09-14 18:43:19.184107,2022-09-14 18:43:19.195992,2022-09-14 18:53:15.116081,0:09:55.931921,17.6,16.1
2022-09-14 18:43:19.183901,2022-09-14 18:43:19.201892,2022-09-14 18:53:15.134932,0:09:55.950978,25.0,16.0
2022-09-14 18:43:19.195312,2022-09-14 18:43:19.202321,2022-09-14 18:53:15.167895,0:09:55.972532,15.8,16.0
2022-09-14 18:43:19.194836,2022-09-14 18:43:19.207947,2022-09-14 18:53:15.179789,0:09:55.984897,25.0,16.0
2022-09-14 18:43:19.092651,2022-09-14 18:43:19.195863,2022-09-14 18:53:15.188114,0:09:56.095411,0.0,16.0
2022-09-14 18:43:19.161908,2022-09-14 18:43:19.196035,2022-09-14 18:53:15.196284,0:09:56.034328,25.0,16.0
2022-09-14 18:43:19.195565,2022-09-14 18:43:19.208263,2022-09-14 18:53:15.222662,0:09:56.027040,18.7,16.0
2022-09-14 18:43:19.201056,2022-09-14 18:43:19.202285,2022-09-14 18:53:15.232494,0:09:56.031388,16.7,16.0
2022-09-14 18:43:19.162061,2022-09-14 18:43:19.230293,2022-09-14 18:53:15.240796,0:09:56.078687,25.0,16.0
2022-09-14 18:43:19.195031,2022-09-14 18:43:19.213809,2022-09-14 18:53:15.272971,0:09:56.077890,20.0,16.0
2022-09-14 18:43:19.229071,2022-09-14 18:43:19.230293,2022-09-14 18:53:15.286959,0:09:56.057839,22.2,16.0
2022-09-14 18:43:19.228906,2022-09-14 18:43:19.241789,2022-09-14 18:53:15.296927,0:09:56.067971,20.0,16.0
2022-09-14 18:43:19.230198,2022-09-14 18:43:19.236359,2022-09-14 18:53:15.333372,0:09:56.103124,18.2,16.0
2022-09-14 18:43:19.258072,2022-09-14 18:43:19.265619,2022-09-14 18:53:15.376030,0:09:56.117908,16.0,16.0
2022-09-14 18:43:19.258268,2022-09-14 18:43:19.259444,2022-09-14 18:53:15.381285,0:09:56.122968,33.3,16.0
2022-09-14 18:43:19.264595,2022-09-14 18:43:19.266196,2022-09-14 18:53:15.396944,0:09:56.132300,22.2,16.0
2022-09-14 18:43:19.264017,2022-09-14 18:43:19.265496,2022-09-14 18:53:15.402340,0:09:56.138274,25.0,16.0
2022-09-14 18:43:19.252604,2022-09-14 18:43:19.259113,2022-09-14 18:53:15.407681,0:09:56.155022,33.3,16.0
2022-09-14 18:43:19.258444,2022-09-14 18:43:19.264777,2022-09-14 18:53:15.419749,0:09:56.161256,25.0,16.0
2022-09-14 18:43:19.264272,2022-09-14 18:43:19.278056,2022-09-14 18:53:15.455905,0:09:56.191584,19.0,16.0
2022-09-14 18:43:19.293087,2022-09-14 18:43:19.299535,2022-09-14 18:53:15.474034,0:09:56.180899,18.2,16.0
2022-09-14 18:43:19.329951,2022-09-14 18:43:19.336060,2022-09-14 18:53:15.532065,0:09:56.202064,20.0,16.0
2022-09-14 18:43:19.329489,2022-09-14 18:43:19.336095,2022-09-14 18:53:15.552330,0:09:56.222790,16.7,16.0
2022-09-14 18:43:19.314481,2022-09-14 18:43:19.324699,2022-09-14 18:53:15.572674,0:09:56.258136,16.7,16.0
2022-09-14 18:43:19.329623,2022-09-14 18:43:19.330741,2022-09-14 18:53:15.578049,0:09:56.248377,0.0,16.0
2022-09-14 18:43:19.323603,2022-09-14 18:43:19.324699,2022-09-14 18:53:15.596769,0:09:56.273118,25.0,16.0
2022-09-14 18:43:19.293244,2022-09-14 18:43:19.299535,2022-09-14 18:53:15.607153,0:09:56.313860,16.7,16.0
2022-09-14 18:43:19.323428,2022-09-14 18:43:19.353527,2022-09-14 18:53:15.635127,0:09:56.311635,18.7,16.0
2022-09-14 18:43:19.335449,2022-09-14 18:43:19.341998,2022-09-14 18:53:15.643053,0:09:56.307557,20.0,16.0
2022-09-14 18:43:19.368660,2022-09-14 18:43:19.369990,2022-09-14 18:53:15.676974,0:09:56.308265,15.8,16.0
2022-09-14 18:43:19.385595,2022-09-14 18:43:19.392260,2022-09-14 18:53:15.686918,0:09:56.301274,28.6,16.0
2022-09-14 18:43:19.391080,2022-09-14 18:43:19.398034,2022-09-14 18:53:15.714397,0:09:56.323269,18.7,16.0
2022-09-14 18:43:19.324047,2022-09-14 18:43:19.342341,2022-09-14 18:53:15.745096,0:09:56.421000,16.7,16.0
2022-09-14 18:43:19.358030,2022-09-14 18:43:19.375566,2022-09-14 18:53:15.750282,0:09:56.392204,33.3,16.0
2022-09-14 18:43:19.397055,2022-09-14 18:43:19.415387,2022-09-14 18:53:15.765215,0:09:56.368112,20.0,16.0
2022-09-14 18:43:19.391420,2022-09-14 18:43:19.415260,2022-09-14 18:53:15.785484,0:09:56.394015,18.2,16.0
2022-09-14 18:43:19.385826,2022-09-14 18:43:19.392425,2022-09-14 18:53:15.801808,0:09:56.415931,27.3,16.0
2022-09-14 18:43:19.403493,2022-09-14 18:43:19.415688,2022-09-14 18:53:15.813638,0:09:56.410087,14.3,16.0
2022-09-14 18:43:19.398041,2022-09-14 18:43:19.410158,2022-09-14 18:53:15.823936,0:09:56.425846,33.3,16.0
2022-09-14 18:43:19.391286,2022-09-14 18:43:19.415504,2022-09-14 18:53:15.833839,0:09:56.442504,16.7,16.0
2022-09-14 18:43:19.450779,2022-09-14 18:43:19.468566,2022-09-14 18:53:15.874460,0:09:56.423629,25.9,16.0
2022-09-14 18:43:19.461615,2022-09-14 18:43:19.469143,2022-09-14 18:53:15.911304,0:09:56.449637,18.2,16.0
2022-09-14 18:43:19.461275,2022-09-14 18:43:19.468580,2022-09-14 18:53:15.924717,0:09:56.463391,25.0,16.0
2022-09-14 18:43:19.467102,2022-09-14 18:43:19.468136,2022-09-14 18:53:15.932906,0:09:56.465754,0.0,16.0
2022-09-14 18:43:19.461437,2022-09-14 18:43:19.468168,2022-09-14 18:53:15.946946,0:09:56.485461,25.0,16.0
2022-09-14 18:43:19.426064,2022-09-14 18:43:19.445470,2022-09-14 18:53:15.960998,0:09:56.534885,22.2,16.0
2022-09-14 18:43:19.444429,2022-09-14 18:43:19.490738,2022-09-14 18:53:15.980889,0:09:56.536411,16.7,16.0
2022-09-14 18:43:19.479027,2022-09-14 18:43:19.490911,2022-09-14 18:53:15.988915,0:09:56.509840,25.0,16.0
2022-09-14 18:43:19.490579,2022-09-14 18:43:19.496754,2022-09-14 18:53:16.004230,0:09:56.513599,22.2,16.0
2022-09-14 18:43:19.467682,2022-09-14 18:43:19.490681,2022-09-14 18:53:16.025079,0:09:56.557347,23.1,16.0
2022-09-14 18:43:19.468074,2022-09-14 18:43:19.474528,2022-09-14 18:53:16.062446,0:09:56.594321,18.2,16.0
2022-09-14 18:43:19.528709,2022-09-14 18:43:19.529598,2022-09-14 18:53:16.091165,0:09:56.562405,17.6,16.0
2022-09-14 18:43:19.528996,2022-09-14 18:43:19.537261,2022-09-14 18:53:16.113199,0:09:56.584152,15.4,16.0
2022-09-14 18:43:19.507649,2022-09-14 18:43:19.513761,2022-09-14 18:53:16.123173,0:09:56.615472,20.0,16.0
2022-09-14 18:43:19.529363,2022-09-14 18:43:19.542775,2022-09-14 18:53:16.131273,0:09:56.601862,33.3,16.0
2022-09-14 18:43:19.529510,2022-09-14 18:43:19.536938,2022-09-14 18:53:16.149079,0:09:56.619520,10.0,16.0
2022-09-14 18:43:19.535615,2022-09-14 18:43:19.537070,2022-09-14 18:53:16.157456,0:09:56.621791,40.0,16.0
2022-09-14 18:43:19.529971,2022-09-14 18:43:19.536580,2022-09-14 18:53:16.167403,0:09:56.637380,16.7,16.0
2022-09-14 18:43:19.529797,2022-09-14 18:43:19.553906,2022-09-14 18:53:16.187448,0:09:56.657602,16.7,16.0
2022-09-14 18:43:19.541866,2022-09-14 18:43:19.554686,2022-09-14 18:53:16.209328,0:09:56.667412,23.1,16.0
2022-09-14 18:43:19.575813,2022-09-14 18:43:19.581931,2022-09-14 18:53:16.241926,0:09:56.666063,15.8,16.0
2022-09-14 18:43:19.591794,2022-09-14 18:43:19.599508,2022-09-14 18:53:16.272306,0:09:56.680462,22.2,16.0
2022-09-14 18:43:19.575534,2022-09-14 18:43:19.593789,2022-09-14 18:53:16.302409,0:09:56.726824,11.8,16.0
2022-09-14 18:43:19.592010,2022-09-14 18:43:19.593347,2022-09-14 18:53:16.312560,0:09:56.720500,28.6,16.0
2022-09-14 18:43:19.604146,2022-09-14 18:43:19.605123,2022-09-14 18:53:16.327518,0:09:56.723322,12.5,16.0
2022-09-14 18:43:19.592463,2022-09-14 18:43:19.593367,2022-09-14 18:53:16.332747,0:09:56.740217,33.3,16.0
2022-09-14 18:43:19.598822,2022-09-14 18:43:19.611204,2022-09-14 18:53:16.344789,0:09:56.745919,14.3,16.0
2022-09-14 18:43:19.610147,2022-09-14 18:43:19.621839,2022-09-14 18:53:16.373376,0:09:56.763178,17.6,16.0
2022-09-14 18:43:19.604393,2022-09-14 18:43:19.633537,2022-09-14 18:53:16.401570,0:09:56.797127,17.6,16.0
2022-09-14 18:43:19.638717,2022-09-14 18:43:19.650561,2022-09-14 18:53:16.415797,0:09:56.777030,30.0,16.0
2022-09-14 18:43:19.655163,2022-09-14 18:43:19.656108,2022-09-14 18:53:16.423809,0:09:56.768596,20.0,16.0
2022-09-14 18:43:19.638555,2022-09-14 18:43:19.639947,2022-09-14 18:53:16.440096,0:09:56.801490,11.1,16.0
2022-09-14 18:43:19.655533,2022-09-14 18:43:19.656869,2022-09-14 18:53:16.458165,0:09:56.802581,20.0,16.0
2022-09-14 18:43:19.661383,2022-09-14 18:43:19.662571,2022-09-14 18:53:16.476038,0:09:56.814606,18.2,16.0
2022-09-14 18:43:19.621349,2022-09-14 18:43:19.674514,2022-09-14 18:53:16.512253,0:09:56.890852,22.7,16.0
2022-09-14 18:43:19.667286,2022-09-14 18:43:19.674480,2022-09-14 18:53:16.520160,0:09:56.852824,20.0,16.0
2022-09-14 18:43:19.661738,2022-09-14 18:43:19.674131,2022-09-14 18:53:16.532075,0:09:56.870289,14.3,16.0
2022-09-14 18:43:19.673876,2022-09-14 18:43:19.686331,2022-09-14 18:53:16.558246,0:09:56.884320,20.0,16.0
2022-09-14 18:43:19.673170,2022-09-14 18:43:19.674834,2022-09-14 18:53:16.568366,0:09:56.895146,28.6,16.0
2022-09-14 18:43:19.702076,2022-09-14 18:43:19.713392,2022-09-14 18:53:16.606822,0:09:56.904690,17.4,16.0
2022-09-14 18:43:19.685761,2022-09-14 18:43:19.697179,2022-09-14 18:53:16.647581,0:09:56.961765,17.4,16.0
2022-09-14 18:43:19.740224,2022-09-14 18:43:19.741255,2022-09-14 18:53:16.659717,0:09:56.919441,14.3,16.1
2022-09-14 18:43:19.723045,2022-09-14 18:43:19.729518,2022-09-14 18:53:16.687743,0:09:56.964647,17.6,16.1
2022-09-14 18:43:19.728634,2022-09-14 18:43:19.746515,2022-09-14 18:53:16.696107,0:09:56.967410,20.0,16.0
2022-09-14 18:43:19.734245,2022-09-14 18:43:19.740921,2022-09-14 18:53:16.730596,0:09:56.996300,15.8,16.0
2022-09-14 18:43:19.767817,2022-09-14 18:43:19.780130,2022-09-14 18:53:16.754187,0:09:56.986320,21.4,16.0
2022-09-14 18:43:19.712446,2022-09-14 18:43:19.734811,2022-09-14 18:53:16.759454,0:09:57.046955,25.0,16.0
2022-09-14 18:43:19.745809,2022-09-14 18:43:19.768527,2022-09-14 18:53:16.764896,0:09:57.019039,0.0,16.0
2022-09-14 18:43:19.723253,2022-09-14 18:43:19.752042,2022-09-14 18:53:16.772925,0:09:57.049624,20.0,16.0
2022-09-14 18:43:19.734683,2022-09-14 18:43:19.774369,2022-09-14 18:53:16.791223,0:09:57.056491,25.0,16.0
2022-09-14 18:43:19.751224,2022-09-14 18:43:19.763115,2022-09-14 18:53:16.803249,0:09:57.051976,16.7,16.0
2022-09-14 18:43:19.774024,2022-09-14 18:43:19.785787,2022-09-14 18:53:16.827146,0:09:57.053071,14.3,16.0
2022-09-14 18:43:19.801595,2022-09-14 18:43:19.803149,2022-09-14 18:53:16.849032,0:09:57.047387,15.4,16.0
2022-09-14 18:43:19.784760,2022-09-14 18:43:19.791685,2022-09-14 18:53:16.883019,0:09:57.098210,20.0,16.0
2022-09-14 18:43:19.785049,2022-09-14 18:43:19.802864,2022-09-14 18:53:16.905225,0:09:57.120127,15.4,16.0
2022-09-14 18:43:19.791000,2022-09-14 18:43:19.808699,2022-09-14 18:53:16.913238,0:09:57.122189,25.0,16.0
2022-09-14 18:43:19.824804,2022-09-14 18:43:19.831470,2022-09-14 18:53:16.931231,0:09:57.106375,25.0,16.0
2022-09-14 18:43:19.808075,2022-09-14 18:43:19.825454,2022-09-14 18:53:16.941289,0:09:57.133165,16.7,16.0
2022-09-14 18:43:19.830535,2022-09-14 18:43:19.847840,2022-09-14 18:53:16.961230,0:09:57.130646,25.0,16.0
2022-09-14 18:43:19.801759,2022-09-14 18:43:19.825150,2022-09-14 18:53:16.969102,0:09:57.167295,33.3,16.0
2022-09-14 18:43:19.813711,2022-09-14 18:43:19.825204,2022-09-14 18:53:16.999031,0:09:57.185271,17.6,16.1
2022-09-14 18:43:19.846983,2022-09-14 18:43:19.859100,2022-09-14 18:53:17.007453,0:09:57.160417,20.0,16.0
2022-09-14 18:43:19.863968,2022-09-14 18:43:19.874651,2022-09-14 18:53:17.027900,0:09:57.163882,16.7,16.0
2022-09-14 18:43:19.873644,2022-09-14 18:43:19.874651,2022-09-14 18:53:17.064362,0:09:57.190667,18.2,16.0
2022-09-14 18:43:19.873439,2022-09-14 18:43:19.880379,2022-09-14 18:53:17.074566,0:09:57.201077,20.0,16.0
2022-09-14 18:43:19.864100,2022-09-14 18:43:19.886538,2022-09-14 18:53:17.098740,0:09:57.234577,20.0,16.0
2022-09-14 18:43:19.836557,2022-09-14 18:43:19.881182,2022-09-14 18:53:17.129963,0:09:57.293357,16.7,16.0
2022-09-14 18:43:19.902167,2022-09-14 18:43:19.903245,2022-09-14 18:53:17.145596,0:09:57.243379,20.0,16.0
2022-09-14 18:43:19.879757,2022-09-14 18:43:19.881058,2022-09-14 18:53:17.150876,0:09:57.271070,33.3,16.0
2022-09-14 18:43:19.879062,2022-09-14 18:43:19.919887,2022-09-14 18:53:17.166988,0:09:57.287874,11.1,16.0
2022-09-14 18:43:19.896784,2022-09-14 18:43:19.919672,2022-09-14 18:53:17.189080,0:09:57.292247,16.7,16.0
2022-09-14 18:43:19.907766,2022-09-14 18:43:19.914461,2022-09-14 18:53:17.197221,0:09:57.289407,20.0,16.0
2022-09-14 18:43:19.891311,2022-09-14 18:43:19.903186,2022-09-14 18:53:17.213046,0:09:57.321686,20.0,16.0
2022-09-14 18:43:19.947876,2022-09-14 18:43:19.949005,2022-09-14 18:53:17.259119,0:09:57.311191,21.4,16.0
2022-09-14 18:43:19.947006,2022-09-14 18:43:19.948256,2022-09-14 18:53:17.269180,0:09:57.322124,16.7,16.0
2022-09-14 18:43:19.941424,2022-09-14 18:43:19.949372,2022-09-14 18:53:17.277171,0:09:57.335698,40.0,16.0
2022-09-14 18:43:19.930035,2022-09-14 18:43:19.942361,2022-09-14 18:53:17.287262,0:09:57.357178,16.7,16.0
2022-09-14 18:43:19.936124,2022-09-14 18:43:19.948121,2022-09-14 18:53:17.303569,0:09:57.367396,20.0,16.0
2022-09-14 18:43:19.959769,2022-09-14 18:43:19.966409,2022-09-14 18:53:17.341963,0:09:57.382142,20.8,16.0
2022-09-14 18:43:19.947586,2022-09-14 18:43:19.949780,2022-09-14 18:53:17.349912,0:09:57.402277,25.0,16.0
2022-09-14 18:43:19.960038,2022-09-14 18:43:19.972225,2022-09-14 18:53:17.365943,0:09:57.405855,20.0,16.0
2022-09-14 18:43:19.971276,2022-09-14 18:43:19.983615,2022-09-14 18:53:17.388166,0:09:57.416840,21.4,16.0
2022-09-14 18:43:19.993468,2022-09-14 18:43:19.994383,2022-09-14 18:53:17.420651,0:09:57.427125,21.1,16.0
2022-09-14 18:43:19.965413,2022-09-14 18:43:19.982851,2022-09-14 18:53:17.440498,0:09:57.475034,16.7,16.0
2022-09-14 18:43:20.009972,2022-09-14 18:43:20.011058,2022-09-14 18:53:17.470652,0:09:57.460622,17.6,16.0
2022-09-14 18:43:20.020702,2022-09-14 18:43:20.021749,2022-09-14 18:53:17.488861,0:09:57.468109,18.2,16.0
2022-09-14 18:43:20.004485,2022-09-14 18:43:20.021957,2022-09-14 18:53:17.498897,0:09:57.494362,16.7,16.0
2022-09-14 18:43:20.026970,2022-09-14 18:43:20.028038,2022-09-14 18:53:17.506960,0:09:57.479941,20.0,16.0
2022-09-14 18:43:20.004639,2022-09-14 18:43:20.010669,2022-09-14 18:53:17.525250,0:09:57.520561,18.2,16.1
2022-09-14 18:43:20.033838,2022-09-14 18:43:20.034793,2022-09-14 18:53:17.553291,0:09:57.519403,18.7,16.1
2022-09-14 18:43:20.021312,2022-09-14 18:43:20.028038,2022-09-14 18:53:17.561288,0:09:57.539927,25.0,16.1
2022-09-14 18:43:20.026638,2022-09-14 18:43:20.028624,2022-09-14 18:53:17.571291,0:09:57.544605,28.6,16.1
2022-09-14 18:43:20.027712,2022-09-14 18:43:20.034945,2022-09-14 18:53:17.587557,0:09:57.559796,11.1,16.1
2022-09-14 18:43:20.066220,2022-09-14 18:43:20.072595,2022-09-14 18:53:17.623583,0:09:57.557312,19.0,16.1
2022-09-14 18:43:20.055874,2022-09-14 18:43:20.072425,2022-09-14 18:53:17.641821,0:09:57.585897,18.2,16.1
2022-09-14 18:43:20.071608,2022-09-14 18:43:20.072547,2022-09-14 18:53:17.657819,0:09:57.586160,20.0,16.1
2022-09-14 18:43:20.082740,2022-09-14 18:43:20.083834,2022-09-14 18:53:17.681723,0:09:57.598933,21.4,16.1
2022-09-14 18:43:20.098812,2022-09-14 18:43:20.110878,2022-09-14 18:53:17.697775,0:09:57.598913,27.3,16.1
2022-09-14 18:43:20.109778,2022-09-14 18:43:20.110918,2022-09-14 18:53:17.715909,0:09:57.606082,25.0,16.1
2022-09-14 18:43:20.083229,2022-09-14 18:43:20.099920,2022-09-14 18:53:17.756804,0:09:57.673524,20.8,16.1
2022-09-14 18:43:20.099046,2022-09-14 18:43:20.127470,2022-09-14 18:53:17.762076,0:09:57.662977,0.0,16.1
2022-09-14 18:43:20.109485,2022-09-14 18:43:20.127915,2022-09-14 18:53:17.782184,0:09:57.672649,28.6,16.0
2022-09-14 18:43:20.126607,2022-09-14 18:43:20.128076,2022-09-14 18:53:17.787390,0:09:57.660734,33.3,16.0
2022-09-14 18:43:20.109645,2022-09-14 18:43:20.127850,2022-09-14 18:53:17.808342,0:09:57.698649,23.1,16.0
2022-09-14 18:43:20.138411,2022-09-14 18:43:20.156332,2022-09-14 18:53:17.840574,0:09:57.702113,16.7,16.0
2022-09-14 18:43:20.144172,2022-09-14 18:43:20.150194,2022-09-14 18:53:17.858754,0:09:57.714511,18.2,16.0
2022-09-14 18:43:20.161239,2022-09-14 18:43:20.167225,2022-09-14 18:53:17.882839,0:09:57.721550,20.0,16.0
2022-09-14 18:43:20.160675,2022-09-14 18:43:20.167622,2022-09-14 18:53:17.898650,0:09:57.737918,12.5,16.0
2022-09-14 18:43:20.126781,2022-09-14 18:43:20.150787,2022-09-14 18:53:17.923496,0:09:57.796664,20.0,16.0
2022-09-14 18:43:20.143890,2022-09-14 18:43:20.161665,2022-09-14 18:53:17.931437,0:09:57.787498,20.0,16.0
2022-09-14 18:43:20.189027,2022-09-14 18:43:20.191321,2022-09-14 18:53:17.957386,0:09:57.768309,14.3,16.0
2022-09-14 18:43:20.182914,2022-09-14 18:43:20.190485,2022-09-14 18:53:17.968716,0:09:57.785754,25.0,16.0
2022-09-14 18:43:20.188434,2022-09-14 18:43:20.190669,2022-09-14 18:53:17.986062,0:09:57.797579,11.1,16.0
2022-09-14 18:43:20.172257,2022-09-14 18:43:20.183536,2022-09-14 18:53:17.991418,0:09:57.819112,40.0,16.0
2022-09-14 18:43:20.206820,2022-09-14 18:43:20.213193,2022-09-14 18:53:18.019536,0:09:57.812665,18.7,16.0
2022-09-14 18:43:20.212468,2022-09-14 18:43:20.219138,2022-09-14 18:53:18.034451,0:09:57.821934,12.5,16.0
2022-09-14 18:43:20.189173,2022-09-14 18:43:20.190140,2022-09-14 18:53:18.039837,0:09:57.850615,33.3,16.0
2022-09-14 18:43:20.206971,2022-09-14 18:43:20.219700,2022-09-14 18:53:18.061920,0:09:57.854899,21.4,16.0
2022-09-14 18:43:20.235377,2022-09-14 18:43:20.241463,2022-09-14 18:53:18.087731,0:09:57.852305,20.0,16.0
2022-09-14 18:43:20.235231,2022-09-14 18:43:20.241883,2022-09-14 18:53:18.117650,0:09:57.882363,16.7,16.0
2022-09-14 18:43:20.252240,2022-09-14 18:43:20.264079,2022-09-14 18:53:18.127884,0:09:57.875595,28.6,16.0
2022-09-14 18:43:20.257760,2022-09-14 18:43:20.258843,2022-09-14 18:53:18.135918,0:09:57.878111,25.0,16.0
2022-09-14 18:43:20.229545,2022-09-14 18:43:20.241883,2022-09-14 18:53:18.167839,0:09:57.938246,15.8,16.0
2022-09-14 18:43:20.246914,2022-09-14 18:43:20.275753,2022-09-14 18:53:18.195955,0:09:57.948992,23.5,16.0
2022-09-14 18:43:20.269183,2022-09-14 18:43:20.275983,2022-09-14 18:53:18.215975,0:09:57.946743,16.7,16.0
2022-09-14 18:43:20.275083,2022-09-14 18:43:20.276191,2022-09-14 18:53:18.221363,0:09:57.946231,0.0,16.0
2022-09-14 18:43:20.269392,2022-09-14 18:43:20.281705,2022-09-14 18:53:18.236113,0:09:57.966672,30.0,16.0
2022-09-14 18:43:20.274795,2022-09-14 18:43:20.298905,2022-09-14 18:53:18.262062,0:09:57.987218,18.7,16.0
2022-09-14 18:43:20.297614,2022-09-14 18:43:20.298817,2022-09-14 18:53:18.283034,0:09:57.985371,23.1,16.0
2022-09-14 18:43:20.292318,2022-09-14 18:43:20.299565,2022-09-14 18:53:18.288304,0:09:57.995933,33.3,16.0
2022-09-14 18:43:20.317793,2022-09-14 18:43:20.318735,2022-09-14 18:53:18.316816,0:09:57.998967,23.5,16.0
2022-09-14 18:43:20.312309,2022-09-14 18:43:20.340758,2022-09-14 18:53:18.340844,0:09:58.028486,20.0,16.0
2022-09-14 18:43:20.298295,2022-09-14 18:43:20.305772,2022-09-14 18:53:18.357082,0:09:58.058739,22.2,16.0
2022-09-14 18:43:20.318075,2022-09-14 18:43:20.329857,2022-09-14 18:53:18.373187,0:09:58.055063,20.0,16.0
2022-09-14 18:43:20.345338,2022-09-14 18:43:20.356766,2022-09-14 18:53:18.408829,0:09:58.063427,15.0,16.0
2022-09-14 18:43:20.361643,2022-09-14 18:43:20.369503,2022-09-14 18:53:18.427790,0:09:58.066079,25.0,16.0
2022-09-14 18:43:20.356074,2022-09-14 18:43:20.362763,2022-09-14 18:53:18.454720,0:09:58.098565,18.7,16.0
2022-09-14 18:43:20.361787,2022-09-14 18:43:20.363286,2022-09-14 18:53:18.469860,0:09:58.108008,12.5,16.0
2022-09-14 18:43:20.334583,2022-09-14 18:43:20.363189,2022-09-14 18:53:18.475742,0:09:58.141093,40.0,16.0
2022-09-14 18:43:20.345072,2022-09-14 18:43:20.363668,2022-09-14 18:53:18.486035,0:09:58.140899,0.0,16.0
2022-09-14 18:43:20.379204,2022-09-14 18:43:20.386071,2022-09-14 18:53:18.523024,0:09:58.143754,22.7,16.0
2022-09-14 18:43:20.362310,2022-09-14 18:43:20.387421,2022-09-14 18:53:18.531449,0:09:58.169075,20.0,16.0
2022-09-14 18:43:20.385376,2022-09-14 18:43:20.386833,2022-09-14 18:53:18.549716,0:09:58.164272,18.2,16.0
2022-09-14 18:43:20.408388,2022-09-14 18:43:20.409428,2022-09-14 18:53:18.592539,0:09:58.184084,23.1,16.0
2022-09-14 18:43:20.424572,2022-09-14 18:43:20.425507,2022-09-14 18:53:18.613361,0:09:58.188724,23.1,16.0
2022-09-14 18:43:20.379392,2022-09-14 18:43:20.380471,2022-09-14 18:53:18.641237,0:09:58.261784,22.2,16.0
2022-09-14 18:43:20.441426,2022-09-14 18:43:20.443422,2022-09-14 18:53:18.648590,0:09:58.207108,25.0,16.0
2022-09-14 18:43:20.430232,2022-09-14 18:43:20.436805,2022-09-14 18:53:18.657189,0:09:58.226902,33.3,16.0
2022-09-14 18:43:20.435869,2022-09-14 18:43:20.442547,2022-09-14 18:53:18.674076,0:09:58.238140,20.0,16.0
2022-09-14 18:43:20.441629,2022-09-14 18:43:20.442725,2022-09-14 18:53:18.704927,0:09:58.263225,21.1,16.0
2022-09-14 18:43:20.442150,2022-09-14 18:43:20.455026,2022-09-14 18:53:18.715317,0:09:58.273100,33.3,16.0
2022-09-14 18:43:20.414021,2022-09-14 18:43:20.420146,2022-09-14 18:53:18.732033,0:09:58.317944,20.0,16.0
2022-09-14 18:43:20.448528,2022-09-14 18:43:20.449533,2022-09-14 18:53:18.740363,0:09:58.291769,20.0,16.0
2022-09-14 18:43:20.435683,2022-09-14 18:43:20.449533,2022-09-14 18:53:18.753128,0:09:58.317379,14.3,16.0
2022-09-14 18:43:20.493103,2022-09-14 18:43:20.506357,2022-09-14 18:53:18.834641,0:09:58.341463,18.7,16.0
2022-09-14 18:43:20.498696,2022-09-14 18:43:20.505559,2022-09-14 18:53:18.854095,0:09:58.355330,16.7,16.0
2022-09-14 18:43:20.487684,2022-09-14 18:43:20.499709,2022-09-14 18:53:18.864782,0:09:58.377040,16.7,16.0
2022-09-14 18:43:20.498571,2022-09-14 18:43:20.499939,2022-09-14 18:53:18.874888,0:09:58.376262,42.9,16.0
2022-09-14 18:43:20.504470,2022-09-14 18:43:20.505449,2022-09-14 18:53:18.883249,0:09:58.378728,0.0,16.0
2022-09-14 18:43:20.510993,2022-09-14 18:43:20.512098,2022-09-14 18:53:18.893155,0:09:58.382113,16.7,16.0
2022-09-14 18:43:20.510818,2022-09-14 18:43:20.512419,2022-09-14 18:53:18.907591,0:09:58.396721,22.2,16.0
2022-09-14 18:43:20.493254,2022-09-14 18:43:20.499676,2022-09-14 18:53:18.928836,0:09:58.435529,16.7,16.0
2022-09-14 18:43:20.505348,2022-09-14 18:43:20.512098,2022-09-14 18:53:18.934280,0:09:58.428879,33.3,16.0
2022-09-14 18:43:20.505476,2022-09-14 18:43:20.512279,2022-09-14 18:53:18.954563,0:09:58.449037,23.1,16.0
2022-09-14 18:43:20.556092,2022-09-14 18:43:20.562770,2022-09-14 18:53:19.009907,0:09:58.453755,15.6,16.0
2022-09-14 18:43:20.561421,2022-09-14 18:43:20.562453,2022-09-14 18:53:19.045148,0:09:58.483670,22.7,16.0
2022-09-14 18:43:20.584207,2022-09-14 18:43:20.585260,2022-09-14 18:53:19.056133,0:09:58.471872,28.6,16.0
2022-09-14 18:43:20.550227,2022-09-14 18:43:20.551152,2022-09-14 18:53:19.066198,0:09:58.515920,16.7,16.0
2022-09-14 18:43:20.583940,2022-09-14 18:43:20.585260,2022-09-14 18:53:19.084409,0:09:58.500419,27.3,16.0
2022-09-14 18:43:20.555930,2022-09-14 18:43:20.562490,2022-09-14 18:53:19.092579,0:09:58.536601,0.0,16.0
2022-09-14 18:43:20.578378,2022-09-14 18:43:20.585893,2022-09-14 18:53:19.107986,0:09:58.529556,30.0,16.0
2022-09-14 18:43:20.567357,2022-09-14 18:43:20.579443,2022-09-14 18:53:19.113321,0:09:58.545914,0.0,16.0
2022-09-14 18:43:20.561910,2022-09-14 18:43:20.579104,2022-09-14 18:53:19.121492,0:09:58.559534,20.0,16.0
2022-09-14 18:43:20.572866,2022-09-14 18:43:20.586543,2022-09-14 18:53:19.163799,0:09:58.590883,23.1,16.0
2022-09-14 18:43:20.628972,2022-09-14 18:43:20.630011,2022-09-14 18:53:19.179893,0:09:58.550871,20.0,16.0
2022-09-14 18:43:20.613029,2022-09-14 18:43:20.619062,2022-09-14 18:53:19.187939,0:09:58.574861,20.0,16.0
2022-09-14 18:43:20.640085,2022-09-14 18:43:20.652483,2022-09-14 18:53:19.232786,0:09:58.592647,19.2,16.0
2022-09-14 18:43:20.645940,2022-09-14 18:43:20.652483,2022-09-14 18:53:19.251427,0:09:58.605435,18.2,16.0
2022-09-14 18:43:20.618324,2022-09-14 18:43:20.624554,2022-09-14 18:53:19.276044,0:09:58.657667,14.3,16.0
2022-09-14 18:43:20.623637,2022-09-14 18:43:20.664083,2022-09-14 18:53:19.302154,0:09:58.678463,20.0,16.0
2022-09-14 18:43:20.640441,2022-09-14 18:43:20.658143,2022-09-14 18:53:19.310310,0:09:58.669817,20.0,16.0
2022-09-14 18:43:20.679002,2022-09-14 18:43:20.680330,2022-09-14 18:53:19.328572,0:09:58.649515,18.2,16.0
2022-09-14 18:43:20.645757,2022-09-14 18:43:20.658091,2022-09-14 18:53:19.337044,0:09:58.691235,33.3,16.0
2022-09-14 18:43:20.679150,2022-09-14 18:43:20.680330,2022-09-14 18:53:19.347545,0:09:58.668346,28.6,16.0
2022-09-14 18:43:20.651509,2022-09-14 18:43:20.680446,2022-09-14 18:53:19.373651,0:09:58.722085,14.3,16.0
2022-09-14 18:43:20.639878,2022-09-14 18:43:20.646961,2022-09-14 18:53:19.383944,0:09:58.744017,28.6,16.0
2022-09-14 18:43:20.690917,2022-09-14 18:43:20.703385,2022-09-14 18:53:19.400425,0:09:58.709458,11.1,16.0
2022-09-14 18:43:20.713839,2022-09-14 18:43:20.715672,2022-09-14 18:53:19.456399,0:09:58.742506,18.2,16.0
2022-09-14 18:43:20.702005,2022-09-14 18:43:20.714833,2022-09-14 18:53:19.464628,0:09:58.762572,20.0,16.0
2022-09-14 18:43:20.696390,2022-09-14 18:43:20.703933,2022-09-14 18:53:19.472839,0:09:58.776397,20.0,16.0
2022-09-14 18:43:20.702131,2022-09-14 18:43:20.703056,2022-09-14 18:53:19.481297,0:09:58.779114,20.0,16.0
2022-09-14 18:43:20.720640,2022-09-14 18:43:20.721756,2022-09-14 18:53:19.500106,0:09:58.779413,18.2,16.0
2022-09-14 18:43:20.714282,2022-09-14 18:43:20.715766,2022-09-14 18:53:19.510640,0:09:58.796301,16.7,16.0
2022-09-14 18:43:20.744308,2022-09-14 18:43:20.750679,2022-09-14 18:53:19.557975,0:09:58.813614,18.5,16.0
2022-09-14 18:43:20.713609,2022-09-14 18:43:20.715766,2022-09-14 18:53:19.566172,0:09:58.852514,33.3,16.0
2022-09-14 18:43:20.744528,2022-09-14 18:43:20.750679,2022-09-14 18:53:19.583700,0:09:58.839121,25.0,16.0
2022-09-14 18:43:20.755543,2022-09-14 18:43:20.756563,2022-09-14 18:53:19.610686,0:09:58.855091,13.3,16.0
2022-09-14 18:43:20.761292,2022-09-14 18:43:20.784341,2022-09-14 18:53:19.650102,0:09:58.888755,17.4,16.0
2022-09-14 18:43:20.777407,2022-09-14 18:43:20.778768,2022-09-14 18:53:19.660187,0:09:58.882729,33.3,16.0
2022-09-14 18:43:20.783839,2022-09-14 18:43:20.795486,2022-09-14 18:53:19.668251,0:09:58.884362,20.0,16.0
2022-09-14 18:43:20.766838,2022-09-14 18:43:20.778180,2022-09-14 18:53:19.688855,0:09:58.921966,23.1,16.0
2022-09-14 18:43:20.767045,2022-09-14 18:43:20.806571,2022-09-14 18:53:19.713109,0:09:58.946013,20.0,16.0
2022-09-14 18:43:20.783181,2022-09-14 18:43:20.784382,2022-09-14 18:53:19.721346,0:09:58.938115,25.0,16.0
2022-09-14 18:43:20.777566,2022-09-14 18:43:20.778768,2022-09-14 18:53:19.740558,0:09:58.962942,23.1,16.0
2022-09-14 18:43:20.806355,2022-09-14 18:43:20.807408,2022-09-14 18:53:19.745819,0:09:58.939415,0.0,16.0
2022-09-14 18:43:20.805911,2022-09-14 18:43:20.807423,2022-09-14 18:53:19.762428,0:09:58.956467,27.3,16.0
2022-09-14 18:43:20.832202,2022-09-14 18:43:20.849274,2022-09-14 18:53:19.817444,0:09:58.985188,15.6,16.0
2022-09-14 18:43:20.859067,2022-09-14 18:43:20.866403,2022-09-14 18:53:19.854842,0:09:58.995721,21.7,16.0
2022-09-14 18:43:20.837817,2022-09-14 18:43:20.843842,2022-09-14 18:53:19.860134,0:09:59.022267,0.0,16.0
2022-09-14 18:43:20.837626,2022-09-14 18:43:20.843960,2022-09-14 18:53:19.872079,0:09:59.034405,25.0,16.0
2022-09-14 18:43:20.853798,2022-09-14 18:43:20.865619,2022-09-14 18:53:19.890360,0:09:59.036507,11.1,16.0
2022-09-14 18:43:20.853575,2022-09-14 18:43:20.854583,2022-09-14 18:53:19.900682,0:09:59.047051,28.6,16.0
2022-09-14 18:43:20.871453,2022-09-14 18:43:20.872605,2022-09-14 18:53:19.924620,0:09:59.053117,23.5,16.0
2022-09-14 18:43:20.832337,2022-09-14 18:43:20.871948,2022-09-14 18:53:19.932645,0:09:59.100253,25.0,16.0
2022-09-14 18:43:20.864943,2022-09-14 18:43:20.866191,2022-09-14 18:53:19.942470,0:09:59.077478,0.0,16.0
2022-09-14 18:43:20.871989,2022-09-14 18:43:20.883773,2022-09-14 18:53:19.960657,0:09:59.088612,18.2,16.0
2022-09-14 18:43:20.903063,2022-09-14 18:43:20.904205,2022-09-14 18:53:19.996986,0:09:59.093872,22.7,16.0
2022-09-14 18:43:20.902808,2022-09-14 18:43:20.904046,2022-09-14 18:53:20.014703,0:09:59.111842,18.2,16.0
2022-09-14 18:43:20.914117,2022-09-14 18:43:20.937076,2022-09-14 18:53:20.063174,0:09:59.149003,17.9,16.0
2022-09-14 18:43:20.920094,2022-09-14 18:43:20.926454,2022-09-14 18:53:20.073999,0:09:59.153855,16.7,16.0
2022-09-14 18:43:20.941759,2022-09-14 18:43:20.947958,2022-09-14 18:53:20.095934,0:09:59.154124,26.7,16.0
2022-09-14 18:43:20.947353,2022-09-14 18:43:20.948949,2022-09-14 18:53:20.106003,0:09:59.158582,0.0,16.0
2022-09-14 18:43:20.936130,2022-09-14 18:43:20.948459,2022-09-14 18:53:20.118318,0:09:59.182138,25.0,16.0
2022-09-14 18:43:20.903293,2022-09-14 18:43:20.914795,2022-09-14 18:53:20.126211,0:09:59.222869,33.3,16.0
2022-09-14 18:43:20.919961,2022-09-14 18:43:20.942256,2022-09-14 18:53:20.153315,0:09:59.233304,18.7,16.0
2022-09-14 18:43:20.925484,2022-09-14 18:43:20.936782,2022-09-14 18:53:20.166118,0:09:59.240584,25.0,16.0
2022-09-14 18:43:20.970486,2022-09-14 18:43:20.971490,2022-09-14 18:53:20.192395,0:09:59.221859,23.5,16.0
2022-09-14 18:43:20.976022,2022-09-14 18:43:20.982418,2022-09-14 18:53:20.204391,0:09:59.228319,16.7,16.0
2022-09-14 18:43:20.964909,2022-09-14 18:43:20.983449,2022-09-14 18:53:20.214719,0:09:59.249749,16.7,16.0
2022-09-14 18:43:20.982087,2022-09-14 18:43:20.983207,2022-09-14 18:53:20.230851,0:09:59.248714,20.0,16.0
2022-09-14 18:43:20.964385,2022-09-14 18:43:20.977205,2022-09-14 18:53:20.264764,0:09:59.300328,15.8,16.0
2022-09-14 18:43:21.009911,2022-09-14 18:43:21.016578,2022-09-14 18:53:20.274864,0:09:59.264904,16.7,16.0
2022-09-14 18:43:20.999024,2022-09-14 18:43:21.016546,2022-09-14 18:53:20.300710,0:09:59.301636,18.7,16.0
2022-09-14 18:43:21.032986,2022-09-14 18:43:21.033973,2022-09-14 18:53:20.319636,0:09:59.286592,25.0,16.0
2022-09-14 18:43:21.045051,2022-09-14 18:43:21.046024,2022-09-14 18:53:20.349529,0:09:59.304428,17.6,16.0
2022-09-14 18:43:21.044702,2022-09-14 18:43:21.046024,2022-09-14 18:53:20.369447,0:09:59.324696,23.1,16.0
2022-09-14 18:43:20.988087,2022-09-14 18:43:21.005212,2022-09-14 18:53:20.393414,0:09:59.405277,21.4,16.0
2022-09-14 18:43:21.010443,2022-09-14 18:43:21.027986,2022-09-14 18:53:20.419596,0:09:59.409102,18.8,16.0
2022-09-14 18:43:21.032740,2022-09-14 18:43:21.051580,2022-09-14 18:53:20.440997,0:09:59.408202,23.1,16.0
2022-09-14 18:43:21.062199,2022-09-14 18:43:21.073635,2022-09-14 18:53:20.446334,0:09:59.384087,33.3,16.0
2022-09-14 18:43:21.026970,2022-09-14 18:43:21.057781,2022-09-14 18:53:20.451640,0:09:59.424612,25.0,16.0
2022-09-14 18:43:21.072733,2022-09-14 18:43:21.073935,2022-09-14 18:53:20.477741,0:09:59.404958,20.0,16.0
2022-09-14 18:43:21.051352,2022-09-14 18:43:21.073466,2022-09-14 18:53:20.491806,0:09:59.440404,22.2,16.0
2022-09-14 18:43:20.988380,2022-09-14 18:43:21.034464,2022-09-14 18:53:20.499863,0:09:59.511435,20.0,16.0
2022-09-14 18:43:21.105945,2022-09-14 18:43:21.112417,2022-09-14 18:53:20.541247,0:09:59.435250,16.7,16.0
2022-09-14 18:43:21.095852,2022-09-14 18:43:21.118165,2022-09-14 18:53:20.557308,0:09:59.461406,20.0,16.0
2022-09-14 18:43:21.051154,2022-09-14 18:43:21.090406,2022-09-14 18:53:20.579400,0:09:59.528196,28.6,16.0
2022-09-14 18:43:21.106182,2022-09-14 18:43:21.118018,2022-09-14 18:53:20.592058,0:09:59.485827,14.3,16.0
2022-09-14 18:43:21.111733,2022-09-14 18:43:21.123842,2022-09-14 18:53:20.597602,0:09:59.485821,0.0,16.0
2022-09-14 18:43:21.084047,2022-09-14 18:43:21.096386,2022-09-14 18:53:20.627619,0:09:59.543522,22.2,16.0
2022-09-14 18:43:21.128769,2022-09-14 18:43:21.141118,2022-09-14 18:53:20.657641,0:09:59.528816,16.7,16.0
2022-09-14 18:43:21.111922,2022-09-14 18:43:21.124300,2022-09-14 18:53:20.671522,0:09:59.559551,25.0,16.0
2022-09-14 18:43:21.139503,2022-09-14 18:43:21.140711,2022-09-14 18:53:20.679359,0:09:59.539808,20.0,16.0
2022-09-14 18:43:21.151209,2022-09-14 18:43:21.152268,2022-09-14 18:53:20.689627,0:09:59.538370,0.0,16.0
2022-09-14 18:43:21.094741,2022-09-14 18:43:21.141060,2022-09-14 18:53:20.741604,0:09:59.646813,19.4,16.0
2022-09-14 18:43:21.179380,2022-09-14 18:43:21.180316,2022-09-14 18:53:20.761910,0:09:59.582479,23.1,16.0
2022-09-14 18:43:21.184885,2022-09-14 18:43:21.186144,2022-09-14 18:53:20.770112,0:09:59.585178,20.0,16.0
2022-09-14 18:43:21.117310,2022-09-14 18:43:21.163327,2022-09-14 18:53:20.785996,0:09:59.668638,22.2,16.0
2022-09-14 18:43:21.156863,2022-09-14 18:43:21.174652,2022-09-14 18:53:20.804022,0:09:59.647109,25.0,16.0
2022-09-14 18:43:21.178974,2022-09-14 18:43:21.186019,2022-09-14 18:53:20.818377,0:09:59.639354,22.2,16.0
2022-09-14 18:43:21.168505,2022-09-14 18:43:21.186296,2022-09-14 18:53:20.829627,0:09:59.661073,16.7,16.0
2022-09-14 18:43:21.179177,2022-09-14 18:43:21.192056,2022-09-14 18:53:20.846974,0:09:59.667746,27.3,16.0
2022-09-14 18:43:21.185633,2022-09-14 18:43:21.192565,2022-09-14 18:53:20.865199,0:09:59.679517,18.2,16.0
2022-09-14 18:43:21.213515,2022-09-14 18:43:21.214613,2022-09-14 18:53:20.877189,0:09:59.663625,37.5,16.0
2022-09-14 18:43:21.191499,2022-09-14 18:43:21.214114,2022-09-14 18:53:20.891315,0:09:59.699766,22.2,16.0
2022-09-14 18:43:21.202569,2022-09-14 18:43:21.214230,2022-09-14 18:53:20.901208,0:09:59.698584,0.0,16.0
2022-09-14 18:43:21.230762,2022-09-14 18:43:21.237322,2022-09-14 18:53:20.927640,0:09:59.696821,23.5,16.0
2022-09-14 18:43:21.253160,2022-09-14 18:43:21.254171,2022-09-14 18:53:20.963485,0:09:59.710275,19.0,16.0
2022-09-14 18:43:21.241807,2022-09-14 18:43:21.248459,2022-09-14 18:53:20.999889,0:09:59.758032,18.2,16.0
2022-09-14 18:43:21.258792,2022-09-14 18:43:21.265468,2022-09-14 18:53:21.014968,0:09:59.756124,22.2,16.0
2022-09-14 18:43:21.219987,2022-09-14 18:43:21.237151,2022-09-14 18:53:21.020376,0:09:59.800340,0.0,16.0
2022-09-14 18:43:21.247545,2022-09-14 18:43:21.254358,2022-09-14 18:53:21.028426,0:09:59.780827,0.0,16.0
2022-09-14 18:43:21.241967,2022-09-14 18:43:21.271117,2022-09-14 18:53:21.048837,0:09:59.806821,16.7,16.0
2022-09-14 18:43:21.286641,2022-09-14 18:43:21.288353,2022-09-14 18:53:21.081259,0:09:59.794569,21.1,16.1
2022-09-14 18:43:21.264906,2022-09-14 18:43:21.271391,2022-09-14 18:53:21.091362,0:09:59.826407,28.6,16.1
2022-09-14 18:43:21.253441,2022-09-14 18:43:21.288231,2022-09-14 18:53:21.103593,0:09:59.850084,14.3,16.1
2022-09-14 18:43:21.286829,2022-09-14 18:43:21.294855,2022-09-14 18:53:21.111836,0:09:59.824958,40.0,16.1
2022-09-14 18:43:21.293919,2022-09-14 18:43:21.294826,2022-09-14 18:53:21.128104,0:09:59.834137,11.1,16.1
2022-09-14 18:43:21.305648,2022-09-14 18:43:21.313881,2022-09-14 18:53:21.180095,0:09:59.874397,16.1,16.1
2022-09-14 18:43:21.329491,2022-09-14 18:43:21.336139,2022-09-14 18:53:21.196391,0:09:59.866848,22.2,16.0
2022-09-14 18:43:21.329061,2022-09-14 18:43:21.335759,2022-09-14 18:53:21.206401,0:09:59.877289,16.7,16.0
2022-09-14 18:43:21.329255,2022-09-14 18:43:21.335609,2022-09-14 18:53:21.233743,0:09:59.904436,23.5,16.1
2022-09-14 18:43:21.305504,2022-09-14 18:43:21.335609,2022-09-14 18:53:21.248383,0:09:59.942830,22.2,16.1
2022-09-14 18:43:21.318438,2022-09-14 18:43:21.335609,2022-09-14 18:53:21.258441,0:09:59.939955,16.7,16.1
2022-09-14 18:43:21.335247,2022-09-14 18:43:21.342344,2022-09-14 18:53:21.274511,0:09:59.939214,22.2,16.1
2022-09-14 18:43:21.351963,2022-09-14 18:43:21.358017,2022-09-14 18:53:21.304693,0:09:59.952680,25.0,16.1
2022-09-14 18:43:21.389643,2022-09-14 18:43:21.396531,2022-09-14 18:53:21.353100,0:09:59.963407,17.9,16.0
2022-09-14 18:43:21.389823,2022-09-14 18:43:21.402984,2022-09-14 18:53:21.361160,0:09:59.971288,20.0,16.0
2022-09-14 18:43:21.390233,2022-09-14 18:43:21.396531,2022-09-14 18:53:21.369265,0:09:59.978983,40.0,16.0
2022-09-14 18:43:21.367958,2022-09-14 18:43:21.390343,2022-09-14 18:53:21.393219,0:10:00.025211,14.3,16.0
2022-09-14 18:43:21.401539,2022-09-14 18:43:21.402463,2022-09-14 18:53:21.411682,0:10:00.010085,25.0,16.0
2022-09-14 18:43:21.378443,2022-09-14 18:43:21.384848,2022-09-14 18:53:21.421590,0:10:00.043098,16.7,16.0
2022-09-14 18:43:21.396243,2022-09-14 18:43:21.408906,2022-09-14 18:53:21.429720,0:10:00.033429,25.0,16.0
2022-09-14 18:43:21.384322,2022-09-14 18:43:21.408906,2022-09-14 18:53:21.443597,0:10:00.059226,22.2,16.0
2022-09-14 18:43:21.362625,2022-09-14 18:43:21.384747,2022-09-14 18:53:21.463789,0:10:00.101115,16.7,16.0
2022-09-14 18:43:21.419698,2022-09-14 18:43:21.426443,2022-09-14 18:53:21.497069,0:10:00.077322,15.8,16.0
2022-09-14 18:43:21.425490,2022-09-14 18:43:21.437605,2022-09-14 18:53:21.513830,0:10:00.088290,20.0,16.1
2022-09-14 18:43:21.431368,2022-09-14 18:43:21.437605,2022-09-14 18:53:21.524987,0:10:00.093570,28.6,16.1
2022-09-14 18:43:21.453457,2022-09-14 18:43:21.460154,2022-09-14 18:53:21.570228,0:10:00.116718,18.5,16.1
2022-09-14 18:43:21.447422,2022-09-14 18:43:21.454616,2022-09-14 18:53:21.580424,0:10:00.132951,16.7,16.1
2022-09-14 18:43:21.453597,2022-09-14 18:43:21.460613,2022-09-14 18:53:21.592274,0:10:00.138629,14.3,16.1
2022-09-14 18:43:21.459648,2022-09-14 18:43:21.460562,2022-09-14 18:53:21.604510,0:10:00.144814,16.7,16.1
2022-09-14 18:43:21.453297,2022-09-14 18:43:21.460072,2022-09-14 18:53:21.620508,0:10:00.167164,20.0,16.1
2022-09-14 18:43:21.447265,2022-09-14 18:43:21.448678,2022-09-14 18:53:21.636563,0:10:00.189250,22.2,16.1
2022-09-14 18:43:21.476756,2022-09-14 18:43:21.488455,2022-09-14 18:53:21.664408,0:10:00.187604,12.5,16.1
2022-09-14 18:43:21.487667,2022-09-14 18:43:21.494077,2022-09-14 18:53:21.672624,0:10:00.184905,20.0,16.1
2022-09-14 18:43:21.487835,2022-09-14 18:43:21.494258,2022-09-14 18:53:21.688430,0:10:00.200546,22.2,16.1
2022-09-14 18:43:21.509880,2022-09-14 18:43:21.511149,2022-09-14 18:53:21.732784,0:10:00.222853,18.5,16.1
2022-09-14 18:43:21.516339,2022-09-14 18:43:21.517630,2022-09-14 18:53:21.754999,0:10:00.238610,16.7,16.1
2022-09-14 18:43:21.516957,2022-09-14 18:43:21.517967,2022-09-14 18:53:21.772975,0:10:00.255969,18.2,16.1
2022-09-14 18:43:21.510161,2022-09-14 18:43:21.517078,2022-09-14 18:53:21.789286,0:10:00.279075,20.0,16.1
2022-09-14 18:43:21.522713,2022-09-14 18:43:21.534039,2022-09-14 18:53:21.807598,0:10:00.284830,18.2,16.1
2022-09-14 18:43:21.516047,2022-09-14 18:43:21.517551,2022-09-14 18:53:21.819238,0:10:00.303141,28.6,16.1
2022-09-14 18:43:21.509675,2022-09-14 18:43:21.523479,2022-09-14 18:53:21.840047,0:10:00.330323,16.7,16.0
2022-09-14 18:43:21.555127,2022-09-14 18:43:21.556166,2022-09-14 18:53:21.881922,0:10:00.326745,16.7,16.0
2022-09-14 18:43:21.575061,2022-09-14 18:43:21.582430,2022-09-14 18:53:21.900009,0:10:00.324897,25.0,16.0
2022-09-14 18:43:21.575654,2022-09-14 18:43:21.587831,2022-09-14 18:53:21.922223,0:10:00.346520,15.4,16.0
2022-09-14 18:43:21.549375,2022-09-14 18:43:21.561695,2022-09-14 18:53:21.933054,0:10:00.383630,16.7,16.1
2022-09-14 18:43:21.581356,2022-09-14 18:43:21.587831,2022-09-14 18:53:21.938273,0:10:00.356868,33.3,16.1
2022-09-14 18:43:21.592373,2022-09-14 18:43:21.599524,2022-09-14 18:53:21.974270,0:10:00.381847,26.1,16.1
2022-09-14 18:43:21.554769,2022-09-14 18:43:21.576766,2022-09-14 18:53:21.982194,0:10:00.427377,33.3,16.1
2022-09-14 18:43:21.620775,2022-09-14 18:43:21.621972,2022-09-14 18:53:22.008448,0:10:00.387620,18.7,16.1
2022-09-14 18:43:21.575218,2022-09-14 18:43:21.598647,2022-09-14 18:53:22.021731,0:10:00.446459,25.0,16.1
2022-09-14 18:43:21.615296,2022-09-14 18:43:21.622022,2022-09-14 18:53:22.027061,0:10:00.411715,33.3,16.1
2022-09-14 18:43:21.598334,2022-09-14 18:43:21.599438,2022-09-14 18:53:22.037177,0:10:00.438795,16.7,16.1
2022-09-14 18:43:21.637353,2022-09-14 18:43:21.644288,2022-09-14 18:53:22.063506,0:10:00.426103,13.3,16.1
2022-09-14 18:43:21.637514,2022-09-14 18:43:21.644288,2022-09-14 18:53:22.100959,0:10:00.463396,18.2,16.1
2022-09-14 18:43:21.614915,2022-09-14 18:43:21.615916,2022-09-14 18:53:22.123831,0:10:00.508867,21.4,16.1
2022-09-14 18:43:21.643711,2022-09-14 18:43:21.655659,2022-09-14 18:53:22.133889,0:10:00.490126,16.7,16.1
2022-09-14 18:43:21.581215,2022-09-14 18:43:21.660909,2022-09-14 18:53:22.161959,0:10:00.580694,18.7,16.0
2022-09-14 18:43:21.643571,2022-09-14 18:43:21.661180,2022-09-14 18:53:22.170058,0:10:00.526437,20.0,16.0
2022-09-14 18:43:21.637819,2022-09-14 18:43:21.661085,2022-09-14 18:53:22.194259,0:10:00.556391,25.0,16.0
2022-09-14 18:43:21.682241,2022-09-14 18:43:21.693951,2022-09-14 18:53:22.216331,0:10:00.534040,28.6,16.0
2022-09-14 18:43:21.654533,2022-09-14 18:43:21.671991,2022-09-14 18:53:22.224258,0:10:00.569677,0.0,16.0
2022-09-14 18:43:21.692956,2022-09-14 18:43:21.693899,2022-09-14 18:53:22.264541,0:10:00.571535,17.4,16.0
2022-09-14 18:43:21.692758,2022-09-14 18:43:21.700083,2022-09-14 18:53:22.291341,0:10:00.598533,23.5,16.0
2022-09-14 18:43:21.698693,2022-09-14 18:43:21.706020,2022-09-14 18:53:22.296695,0:10:00.597953,0.0,16.0
2022-09-14 18:43:21.705098,2022-09-14 18:43:21.717419,2022-09-14 18:53:22.312607,0:10:00.607460,22.2,16.0
2022-09-14 18:43:21.704805,2022-09-14 18:43:21.716952,2022-09-14 18:53:22.322652,0:10:00.617790,0.0,16.0
2022-09-14 18:43:21.710806,2022-09-14 18:43:21.728189,2022-09-14 18:53:22.327881,0:10:00.617027,33.3,16.0
2022-09-14 18:43:21.676649,2022-09-14 18:43:21.699864,2022-09-14 18:53:22.333152,0:10:00.656455,25.0,16.0
2022-09-14 18:43:21.716316,2022-09-14 18:43:21.717609,2022-09-14 18:53:22.353065,0:10:00.636700,18.2,16.0
2022-09-14 18:43:21.704680,2022-09-14 18:43:21.717609,2022-09-14 18:53:22.368895,0:10:00.664166,20.0,16.0
2022-09-14 18:43:21.738827,2022-09-14 18:43:21.745806,2022-09-14 18:53:22.387260,0:10:00.648385,18.2,16.0
2022-09-14 18:43:21.750677,2022-09-14 18:43:21.762345,2022-09-14 18:53:22.419557,0:10:00.668829,16.7,16.0
2022-09-14 18:43:21.767474,2022-09-14 18:43:21.768861,2022-09-14 18:53:22.436183,0:10:00.668654,20.0,16.0
2022-09-14 18:43:21.761740,2022-09-14 18:43:21.762768,2022-09-14 18:53:22.448948,0:10:00.687155,14.3,16.0
2022-09-14 18:43:21.774328,2022-09-14 18:43:21.780385,2022-09-14 18:53:22.482074,0:10:00.707690,20.0,16.1
2022-09-14 18:43:21.767325,2022-09-14 18:43:21.768721,2022-09-14 18:53:22.490127,0:10:00.722751,20.0,16.1
2022-09-14 18:43:21.761282,2022-09-14 18:43:21.780419,2022-09-14 18:53:22.507180,0:10:00.745846,27.3,16.1
2022-09-14 18:43:21.767959,2022-09-14 18:43:21.769107,2022-09-14 18:53:22.536617,0:10:00.768607,17.6,16.1
2022-09-14 18:43:21.767164,2022-09-14 18:43:21.813214,2022-09-14 18:53:22.549520,0:10:00.782306,25.0,16.1
2022-09-14 18:43:21.779724,2022-09-14 18:43:21.797054,2022-09-14 18:53:22.559835,0:10:00.780061,16.7,16.1
2022-09-14 18:43:21.817880,2022-09-14 18:43:21.819603,2022-09-14 18:53:22.588954,0:10:00.771024,22.2,16.1
2022-09-14 18:43:21.830158,2022-09-14 18:43:21.841918,2022-09-14 18:53:22.632203,0:10:00.801993,16.0,16.1
2022-09-14 18:43:21.829949,2022-09-14 18:43:21.836589,2022-09-14 18:53:22.642065,0:10:00.812066,16.7,16.1
2022-09-14 18:43:21.812438,2022-09-14 18:43:21.818540,2022-09-14 18:53:22.680852,0:10:00.868362,24.0,16.1
2022-09-14 18:43:21.829396,2022-09-14 18:43:21.847064,2022-09-14 18:53:22.686036,0:10:00.856590,0.0,16.1
2022-09-14 18:43:21.835460,2022-09-14 18:43:21.841918,2022-09-14 18:53:22.700860,0:10:00.865350,30.0,16.1
2022-09-14 18:43:21.829263,2022-09-14 18:43:21.853811,2022-09-14 18:53:22.706078,0:10:00.876766,0.0,16.1
2022-09-14 18:43:21.835642,2022-09-14 18:43:21.853502,2022-09-14 18:53:22.716232,0:10:00.880541,28.6,16.1
2022-09-14 18:43:21.829578,2022-09-14 18:43:21.847064,2022-09-14 18:53:22.724231,0:10:00.894604,20.0,16.1
2022-09-14 18:43:21.846439,2022-09-14 18:43:21.853995,2022-09-14 18:53:22.752397,0:10:00.905909,13.3,16.1
2022-09-14 18:43:21.877861,2022-09-14 18:43:21.900558,2022-09-14 18:53:22.800681,0:10:00.922763,20.0,16.1
2022-09-14 18:43:21.894461,2022-09-14 18:43:21.900531,2022-09-14 18:53:22.830997,0:10:00.936485,16.7,16.1
2022-09-14 18:43:21.905781,2022-09-14 18:43:21.918063,2022-09-14 18:53:22.841012,0:10:00.935181,20.0,16.1
2022-09-14 18:43:21.893892,2022-09-14 18:43:21.900765,2022-09-14 18:53:22.851254,0:10:00.957313,28.6,16.1
2022-09-14 18:43:21.883251,2022-09-14 18:43:21.889367,2022-09-14 18:53:22.861319,0:10:00.978019,16.7,16.1
2022-09-14 18:43:21.911356,2022-09-14 18:43:21.923269,2022-09-14 18:53:22.889168,0:10:00.977763,23.5,16.1
2022-09-14 18:43:21.900107,2022-09-14 18:43:21.935385,2022-09-14 18:53:22.899508,0:10:00.999351,28.6,16.1
2022-09-14 18:43:21.906050,2022-09-14 18:43:21.912019,2022-09-14 18:53:22.915369,0:10:01.009270,11.1,16.1
2022-09-14 18:43:21.894276,2022-09-14 18:43:21.906768,2022-09-14 18:53:22.943636,0:10:01.049303,18.7,16.1
2022-09-14 18:43:21.943728,2022-09-14 18:43:21.944991,2022-09-14 18:53:22.977614,0:10:01.033838,15.0,16.1
2022-09-14 18:43:21.955325,2022-09-14 18:43:21.977905,2022-09-14 18:53:22.989603,0:10:01.034229,28.6,16.1
2022-09-14 18:43:21.965985,2022-09-14 18:43:21.977790,2022-09-14 18:53:23.001598,0:10:01.035565,25.0,16.0
2022-09-14 18:43:21.954956,2022-09-14 18:43:21.972454,2022-09-14 18:53:23.031903,0:10:01.076894,22.2,16.0
2022-09-14 18:43:21.900475,2022-09-14 18:43:21.935525,2022-09-14 18:53:23.037507,0:10:01.136980,25.0,16.0
2022-09-14 18:43:21.977719,2022-09-14 18:43:21.994917,2022-09-14 18:53:23.042975,0:10:01.065204,25.0,16.0
2022-09-14 18:43:21.955174,2022-09-14 18:43:21.978065,2022-09-14 18:53:23.051076,0:10:01.095850,25.0,16.0
2022-09-14 18:43:21.971382,2022-09-14 18:43:21.978144,2022-09-14 18:53:23.085457,0:10:01.114025,15.0,16.0
2022-09-14 18:43:21.965817,2022-09-14 18:43:21.978256,2022-09-14 18:53:23.093654,0:10:01.127779,20.0,16.0
2022-09-14 18:43:22.016514,2022-09-14 18:43:22.023117,2022-09-14 18:53:23.127467,0:10:01.110899,23.8,16.0
2022-09-14 18:43:22.004919,2022-09-14 18:43:22.023197,2022-09-14 18:53:23.160882,0:10:01.155911,15.8,16.0
2022-09-14 18:43:22.027931,2022-09-14 18:43:22.043427,2022-09-14 18:53:23.168935,0:10:01.140950,20.0,16.0
2022-09-14 18:43:21.971508,2022-09-14 18:43:22.006350,2022-09-14 18:53:23.183022,0:10:01.211465,22.2,16.0
2022-09-14 18:43:21.971716,2022-09-14 18:43:22.006350,2022-09-14 18:53:23.197428,0:10:01.225662,14.3,16.0
2022-09-14 18:43:22.028127,2022-09-14 18:43:22.049145,2022-09-14 18:53:23.242575,0:10:01.214394,18.5,16.0
2022-09-14 18:43:22.028344,2022-09-14 18:43:22.037796,2022-09-14 18:53:23.252831,0:10:01.224436,16.7,16.0
2022-09-14 18:43:22.063906,2022-09-14 18:43:22.070474,2022-09-14 18:53:23.268863,0:10:01.204906,20.0,16.0
2022-09-14 18:43:22.036674,2022-09-14 18:43:22.064930,2022-09-14 18:53:23.277177,0:10:01.240453,20.0,16.0
2022-09-14 18:43:22.036518,2022-09-14 18:43:22.048975,2022-09-14 18:53:23.285151,0:10:01.248584,25.0,16.0
2022-09-14 18:43:22.058631,2022-09-14 18:43:22.070737,2022-09-14 18:53:23.301170,0:10:01.242490,20.0,16.0
2022-09-14 18:43:22.081000,2022-09-14 18:43:22.082161,2022-09-14 18:53:23.333759,0:10:01.252707,20.0,16.0
2022-09-14 18:43:22.093188,2022-09-14 18:43:22.094156,2022-09-14 18:53:23.352300,0:10:01.259060,25.0,16.0
2022-09-14 18:43:22.042326,2022-09-14 18:43:22.070667,2022-09-14 18:53:23.360283,0:10:01.317908,20.0,16.0
2022-09-14 18:43:22.092598,2022-09-14 18:43:22.094191,2022-09-14 18:53:23.393086,0:10:01.300438,16.7,16.0
2022-09-14 18:43:22.069660,2022-09-14 18:43:22.093788,2022-09-14 18:53:23.398502,0:10:01.328793,25.0,16.0
2022-09-14 18:43:22.104431,2022-09-14 18:43:22.105422,2022-09-14 18:53:23.416770,0:10:01.312289,20.0,16.0
2022-09-14 18:43:22.126508,2022-09-14 18:43:22.127412,2022-09-14 18:53:23.436993,0:10:01.310435,16.7,16.0
2022-09-14 18:43:22.143055,2022-09-14 18:43:22.149370,2022-09-14 18:53:23.461175,0:10:01.318070,20.0,16.0
2022-09-14 18:43:22.092762,2022-09-14 18:43:22.121926,2022-09-14 18:53:23.478943,0:10:01.386131,27.3,16.0
2022-09-14 18:43:22.099150,2022-09-14 18:43:22.121958,2022-09-14 18:53:23.514161,0:10:01.414961,14.3,16.0
2022-09-14 18:43:22.170111,2022-09-14 18:43:22.171746,2022-09-14 18:53:23.539443,0:10:01.369282,20.0,16.0
2022-09-14 18:43:22.131982,2022-09-14 18:43:22.170862,2022-09-14 18:53:23.563552,0:10:01.431516,14.3,16.0
2022-09-14 18:43:22.148807,2022-09-14 18:43:22.171417,2022-09-14 18:53:23.568970,0:10:01.420114,0.0,16.0
2022-09-14 18:43:22.170533,2022-09-14 18:43:22.172102,2022-09-14 18:53:23.576939,0:10:01.406358,40.0,16.0
2022-09-14 18:43:22.154258,2022-09-14 18:43:22.171066,2022-09-14 18:53:23.587934,0:10:01.433628,28.6,16.0
2022-09-14 18:43:22.171210,2022-09-14 18:43:22.172274,2022-09-14 18:53:23.608164,0:10:01.436904,16.7,16.0
2022-09-14 18:43:22.209846,2022-09-14 18:43:22.216314,2022-09-14 18:53:23.644164,0:10:01.434268,18.2,16.0
2022-09-14 18:43:22.170393,2022-09-14 18:43:22.178710,2022-09-14 18:53:23.652655,0:10:01.482206,20.0,16.0
2022-09-14 18:43:22.209118,2022-09-14 18:43:22.210914,2022-09-14 18:53:23.681824,0:10:01.472657,17.6,16.0
2022-09-14 18:43:22.171958,2022-09-14 18:43:22.178710,2022-09-14 18:53:23.696766,0:10:01.524758,22.2,16.0
2022-09-14 18:43:22.209615,2022-09-14 18:43:22.216650,2022-09-14 18:53:23.714796,0:10:01.505131,20.0,16.0
2022-09-14 18:43:22.236384,2022-09-14 18:43:22.248507,2022-09-14 18:53:23.749376,0:10:01.512943,15.0,16.0
2022-09-14 18:43:22.235500,2022-09-14 18:43:22.236538,2022-09-14 18:53:23.754666,0:10:01.519109,25.0,16.0
2022-09-14 18:43:22.215567,2022-09-14 18:43:22.236616,2022-09-14 18:53:23.768215,0:10:01.552600,14.3,16.0
2022-09-14 18:43:22.209328,2022-09-14 18:43:22.210999,2022-09-14 18:53:23.773518,0:10:01.564139,33.3,16.0
2022-09-14 18:43:22.236122,2022-09-14 18:43:22.248221,2022-09-14 18:53:23.778899,0:10:01.542730,25.0,16.0
2022-09-14 18:43:22.269906,2022-09-14 18:43:22.271242,2022-09-14 18:53:23.831612,0:10:01.561655,19.4,16.0
2022-09-14 18:43:22.246831,2022-09-14 18:43:22.248104,2022-09-14 18:53:23.836922,0:10:01.590042,0.0,16.0
2022-09-14 18:43:22.270299,2022-09-14 18:43:22.282490,2022-09-14 18:53:23.862918,0:10:01.592566,25.0,16.0
2022-09-14 18:43:22.276231,2022-09-14 18:43:22.282645,2022-09-14 18:53:23.877054,0:10:01.600774,12.5,16.0
2022-09-14 18:43:22.281638,2022-09-14 18:43:22.293426,2022-09-14 18:53:23.891450,0:10:01.609754,22.2,16.0
2022-09-14 18:43:22.270075,2022-09-14 18:43:22.293537,2022-09-14 18:53:23.899555,0:10:01.629431,20.0,16.0
2022-09-14 18:43:22.247562,2022-09-14 18:43:22.288070,2022-09-14 18:53:23.929551,0:10:01.681939,17.6,16.0
2022-09-14 18:43:22.298303,2022-09-14 18:43:22.305446,2022-09-14 18:53:23.941792,0:10:01.643440,25.0,16.0
2022-09-14 18:43:22.309956,2022-09-14 18:43:22.311103,2022-09-14 18:53:23.961870,0:10:01.651865,16.7,16.0
2022-09-14 18:43:22.298628,2022-09-14 18:43:22.305146,2022-09-14 18:53:23.969916,0:10:01.671239,25.0,16.0
2022-09-14 18:43:22.332738,2022-09-14 18:43:22.339145,2022-09-14 18:53:24.003743,0:10:01.670954,19.0,16.0
2022-09-14 18:43:22.332525,2022-09-14 18:43:22.339145,2022-09-14 18:53:24.022126,0:10:01.689551,20.0,16.0
2022-09-14 18:43:22.349318,2022-09-14 18:43:22.350466,2022-09-14 18:53:24.038441,0:10:01.689073,27.3,16.0
2022-09-14 18:43:22.326428,2022-09-14 18:43:22.327857,2022-09-14 18:53:24.052608,0:10:01.726131,22.2,16.0
2022-09-14 18:43:22.338151,2022-09-14 18:43:22.351028,2022-09-14 18:53:24.097474,0:10:01.759272,18.5,16.0
2022-09-14 18:43:22.349156,2022-09-14 18:43:22.350823,2022-09-14 18:53:24.102793,0:10:01.753586,33.3,16.0
2022-09-14 18:43:22.369301,2022-09-14 18:43:22.370727,2022-09-14 18:53:24.120800,0:10:01.751449,10.0,16.0
2022-09-14 18:43:22.363817,2022-09-14 18:43:22.370371,2022-09-14 18:53:24.137217,0:10:01.773350,30.0,16.0
2022-09-14 18:43:22.363633,2022-09-14 18:43:22.370584,2022-09-14 18:53:24.151237,0:10:01.787555,22.2,16.0
2022-09-14 18:43:22.397639,2022-09-14 18:43:22.403914,2022-09-14 18:53:24.199299,0:10:01.801601,17.9,15.9
2022-09-14 18:43:22.386047,2022-09-14 18:43:22.392475,2022-09-14 18:53:24.207555,0:10:01.821457,20.0,15.9
2022-09-14 18:43:22.403170,2022-09-14 18:43:22.415275,2022-09-14 18:53:24.215893,0:10:01.812673,20.0,15.9
2022-09-14 18:43:22.397271,2022-09-14 18:43:22.404100,2022-09-14 18:53:24.229867,0:10:01.832547,12.5,15.9
2022-09-14 18:43:22.408644,2022-09-14 18:43:22.432048,2022-09-14 18:53:24.273164,0:10:01.864464,19.2,15.9
2022-09-14 18:43:22.425487,2022-09-14 18:43:22.432501,2022-09-14 18:53:24.278651,0:10:01.853104,33.3,15.9
2022-09-14 18:43:22.413909,2022-09-14 18:43:22.415420,2022-09-14 18:53:24.303106,0:10:01.889145,26.7,16.0
2022-09-14 18:43:22.414086,2022-09-14 18:43:22.449255,2022-09-14 18:53:24.317368,0:10:01.903231,12.5,16.0
2022-09-14 18:43:22.430910,2022-09-14 18:43:22.438162,2022-09-14 18:53:24.325320,0:10:01.894360,33.3,16.0
2022-09-14 18:43:22.431929,2022-09-14 18:43:22.438162,2022-09-14 18:53:24.359674,0:10:01.927689,19.0,16.0
2022-09-14 18:43:22.464939,2022-09-14 18:43:22.477031,2022-09-14 18:53:24.391796,0:10:01.926806,16.7,16.0
2022-09-14 18:43:22.476244,2022-09-14 18:43:22.483023,2022-09-14 18:53:24.412520,0:10:01.936225,16.7,16.0
2022-09-14 18:43:22.459144,2022-09-14 18:43:22.466264,2022-09-14 18:53:24.422588,0:10:01.963395,16.7,16.0
2022-09-14 18:43:22.470688,2022-09-14 18:43:22.483023,2022-09-14 18:53:24.438800,0:10:01.968062,20.0,16.0
2022-09-14 18:43:22.458997,2022-09-14 18:43:22.466200,2022-09-14 18:53:24.448749,0:10:01.989703,20.0,16.0
2022-09-14 18:43:22.481756,2022-09-14 18:43:22.482837,2022-09-14 18:53:24.468726,0:10:01.986921,16.7,16.0
2022-09-14 18:43:22.476379,2022-09-14 18:43:22.488660,2022-09-14 18:53:24.490778,0:10:02.014349,23.1,16.0
2022-09-14 18:43:22.493592,2022-09-14 18:43:22.494627,2022-09-14 18:53:24.500506,0:10:02.006864,0.0,16.0
2022-09-14 18:43:22.504407,2022-09-14 18:43:22.505789,2022-09-14 18:53:24.540876,0:10:02.036418,20.0,16.0
2022-09-14 18:43:22.504803,2022-09-14 18:43:22.516165,2022-09-14 18:53:24.558823,0:10:02.053969,20.0,16.0
2022-09-14 18:43:22.521329,2022-09-14 18:43:22.528118,2022-09-14 18:53:24.571000,0:10:02.049621,14.3,16.0
2022-09-14 18:43:22.533294,2022-09-14 18:43:22.539587,2022-09-14 18:53:24.596215,0:10:02.062871,20.0,16.0
2022-09-14 18:43:22.526645,2022-09-14 18:43:22.528279,2022-09-14 18:53:24.606914,0:10:02.080220,16.7,16.0
2022-09-14 18:43:22.544524,2022-09-14 18:43:22.545522,2022-09-14 18:53:24.617198,0:10:02.072625,16.7,16.0
2022-09-14 18:43:22.526923,2022-09-14 18:43:22.528279,2022-09-14 18:53:24.633193,0:10:02.106221,20.0,16.0
2022-09-14 18:43:22.538599,2022-09-14 18:43:22.556086,2022-09-14 18:53:24.651083,0:10:02.112435,27.3,16.0
2022-09-14 18:43:22.554832,2022-09-14 18:43:22.572170,2022-09-14 18:53:24.695504,0:10:02.140622,21.4,16.0
2022-09-14 18:43:22.571155,2022-09-14 18:43:22.589831,2022-09-14 18:53:24.721520,0:10:02.150315,14.3,16.0
2022-09-14 18:43:22.599667,2022-09-14 18:43:22.600737,2022-09-14 18:53:24.733560,0:10:02.133843,25.0,16.0
2022-09-14 18:43:22.555156,2022-09-14 18:43:22.572675,2022-09-14 18:53:24.743599,0:10:02.188394,28.6,16.0
2022-09-14 18:43:22.588421,2022-09-14 18:43:22.589992,2022-09-14 18:53:24.763931,0:10:02.175460,18.2,16.0
2022-09-14 18:43:22.588784,2022-09-14 18:43:22.611490,2022-09-14 18:53:24.806329,0:10:02.217487,16.0,16.0
2022-09-14 18:43:22.610340,2022-09-14 18:43:22.617636,2022-09-14 18:53:24.817758,0:10:02.207362,28.6,16.0
2022-09-14 18:43:22.588585,2022-09-14 18:43:22.611323,2022-09-14 18:53:24.828731,0:10:02.240095,14.3,16.0
2022-09-14 18:43:22.571650,2022-09-14 18:43:22.589238,2022-09-14 18:53:24.836838,0:10:02.265139,25.0,16.0
2022-09-14 18:43:22.610923,2022-09-14 18:43:22.617796,2022-09-14 18:53:24.845028,0:10:02.234057,0.0,16.0
2022-09-14 18:43:22.633937,2022-09-14 18:43:22.635376,2022-09-14 18:53:24.859313,0:10:02.225327,22.2,16.0
2022-09-14 18:43:22.616921,2022-09-14 18:43:22.629024,2022-09-14 18:53:24.885064,0:10:02.268094,18.7,16.0
2022-09-14 18:43:22.653940,2022-09-14 18:43:22.654973,2022-09-14 18:53:24.903272,0:10:02.249283,20.0,16.0
2022-09-14 18:43:22.622387,2022-09-14 18:43:22.629274,2022-09-14 18:53:24.929873,0:10:02.307435,18.7,16.0
2022-09-14 18:43:22.671199,2022-09-14 18:43:22.672242,2022-09-14 18:53:24.947921,0:10:02.276672,18.2,16.0
2022-09-14 18:43:22.640231,2022-09-14 18:43:22.666209,2022-09-14 18:53:24.963551,0:10:02.323270,22.2,16.0
2022-09-14 18:43:22.677053,2022-09-14 18:43:22.678310,2022-09-14 18:53:24.990316,0:10:02.313213,18.7,16.0
2022-09-14 18:43:22.665251,2022-09-14 18:43:22.677678,2022-09-14 18:53:24.998501,0:10:02.333202,20.0,16.0
2022-09-14 18:43:22.665460,2022-09-14 18:43:22.684191,2022-09-14 18:53:25.014582,0:10:02.349072,12.5,16.0
2022-09-14 18:43:22.677471,2022-09-14 18:43:22.684191,2022-09-14 18:53:25.022692,0:10:02.345172,20.0,16.0
2022-09-14 18:43:22.665622,2022-09-14 18:43:22.695693,2022-09-14 18:53:25.046816,0:10:02.381142,20.0,16.0
2022-09-14 18:43:22.682924,2022-09-14 18:43:22.683959,2022-09-14 18:53:25.067588,0:10:02.384614,16.7,16.0
2022-09-14 18:43:22.694718,2022-09-14 18:43:22.707213,2022-09-14 18:53:25.091748,0:10:02.396979,21.4,16.0
2022-09-14 18:43:22.700797,2022-09-14 18:43:22.707213,2022-09-14 18:53:25.101930,0:10:02.401083,16.7,16.0
2022-09-14 18:43:22.728390,2022-09-14 18:43:22.729604,2022-09-14 18:53:25.122227,0:10:02.393785,23.1,16.0
2022-09-14 18:43:22.734243,2022-09-14 18:43:22.741165,2022-09-14 18:53:25.163544,0:10:02.429246,20.0,16.0
2022-09-14 18:43:22.717134,2022-09-14 18:43:22.718285,2022-09-14 18:53:25.174601,0:10:02.457414,16.7,16.0
2022-09-14 18:43:22.740146,2022-09-14 18:43:22.741219,2022-09-14 18:53:25.199545,0:10:02.459330,20.0,16.0
2022-09-14 18:43:22.746147,2022-09-14 18:43:22.747434,2022-09-14 18:53:25.212418,0:10:02.466206,25.0,16.0
2022-09-14 18:43:22.728614,2022-09-14 18:43:22.747017,2022-09-14 18:53:25.227393,0:10:02.498713,22.2,16.0
2022-09-14 18:43:22.746529,2022-09-14 18:43:22.753106,2022-09-14 18:53:25.248888,0:10:02.502286,16.7,16.0
2022-09-14 18:43:22.768296,2022-09-14 18:43:22.780433,2022-09-14 18:53:25.278504,0:10:02.510135,17.6,16.0
2022-09-14 18:43:22.728862,2022-09-14 18:43:22.764030,2022-09-14 18:53:25.303689,0:10:02.574750,20.0,16.0
2022-09-14 18:43:22.768546,2022-09-14 18:43:22.774873,2022-09-14 18:53:25.331674,0:10:02.563049,17.6,16.0
2022-09-14 18:43:22.801508,2022-09-14 18:43:22.808993,2022-09-14 18:53:25.364715,0:10:02.563138,21.1,16.0
2022-09-14 18:43:22.790361,2022-09-14 18:43:22.801479,2022-09-14 18:53:25.373006,0:10:02.582580,20.0,16.0
2022-09-14 18:43:22.807270,2022-09-14 18:43:22.808724,2022-09-14 18:53:25.397576,0:10:02.590237,14.3,16.0
2022-09-14 18:43:22.800795,2022-09-14 18:43:22.801964,2022-09-14 18:53:25.406607,0:10:02.605754,33.3,16.0
2022-09-14 18:43:22.807079,2022-09-14 18:43:22.825008,2022-09-14 18:53:25.417261,0:10:02.610125,16.7,16.0
2022-09-14 18:43:22.807495,2022-09-14 18:43:22.814470,2022-09-14 18:53:25.452056,0:10:02.644503,22.7,16.0
2022-09-14 18:43:22.852123,2022-09-14 18:43:22.853222,2022-09-14 18:53:25.470292,0:10:02.618113,20.0,16.0
2022-09-14 18:43:22.829923,2022-09-14 18:43:22.836427,2022-09-14 18:53:25.481598,0:10:02.651624,14.3,16.0
2022-09-14 18:43:22.801307,2022-09-14 18:43:22.808657,2022-09-14 18:53:25.492629,0:10:02.691274,37.5,16.0
2022-09-14 18:43:22.829582,2022-09-14 18:43:22.836426,2022-09-14 18:53:25.515363,0:10:02.685725,15.4,16.0
2022-09-14 18:43:22.863350,2022-09-14 18:43:22.875375,2022-09-14 18:53:25.539827,0:10:02.676418,20.0,16.0
2022-09-14 18:43:22.790152,2022-09-14 18:43:22.808897,2022-09-14 18:53:25.568943,0:10:02.778721,17.6,16.0
2022-09-14 18:43:22.868670,2022-09-14 18:43:22.875115,2022-09-14 18:53:25.587389,0:10:02.718651,20.0,16.0
2022-09-14 18:43:22.885050,2022-09-14 18:43:22.892203,2022-09-14 18:53:25.604588,0:10:02.719471,20.0,16.0
2022-09-14 18:43:22.851963,2022-09-14 18:43:22.892170,2022-09-14 18:53:25.610040,0:10:02.758014,25.0,16.0
2022-09-14 18:43:22.890762,2022-09-14 18:43:22.897549,2022-09-14 18:53:25.638751,0:10:02.747905,17.6,16.0
2022-09-14 18:43:22.891144,2022-09-14 18:43:22.909048,2022-09-14 18:53:25.646937,0:10:02.755729,25.0,16.0
2022-09-14 18:43:22.863198,2022-09-14 18:43:22.891784,2022-09-14 18:53:25.655479,0:10:02.792217,20.0,16.0
2022-09-14 18:43:22.874420,2022-09-14 18:43:22.902925,2022-09-14 18:53:25.669725,0:10:02.795240,12.5,16.0
2022-09-14 18:43:22.868837,2022-09-14 18:43:22.891784,2022-09-14 18:53:25.690190,0:10:02.821284,23.1,16.0
2022-09-14 18:43:22.925017,2022-09-14 18:43:22.926561,2022-09-14 18:53:25.724900,0:10:02.799817,23.8,16.0
2022-09-14 18:43:22.925178,2022-09-14 18:43:22.927339,2022-09-14 18:53:25.755970,0:10:02.830727,21.1,16.0
2022-09-14 18:43:22.932019,2022-09-14 18:43:22.938352,2022-09-14 18:53:25.784970,0:10:02.852892,17.6,16.0
2022-09-14 18:43:22.925349,2022-09-14 18:43:22.944229,2022-09-14 18:53:25.805195,0:10:02.879790,16.7,16.0
2022-09-14 18:43:22.937569,2022-09-14 18:43:22.938517,2022-09-14 18:53:25.817303,0:10:02.879682,28.6,16.0
2022-09-14 18:43:22.926399,2022-09-14 18:43:22.944094,2022-09-14 18:53:25.825323,0:10:02.898872,33.3,16.0
2022-09-14 18:43:22.954227,2022-09-14 18:43:22.955430,2022-09-14 18:53:25.851010,0:10:02.896732,20.0,16.0
2022-09-14 18:43:22.965667,2022-09-14 18:43:22.966626,2022-09-14 18:53:25.861881,0:10:02.896165,14.3,16.0
2022-09-14 18:43:22.987088,2022-09-14 18:43:22.988418,2022-09-14 18:53:25.872051,0:10:02.884914,33.3,16.0
2022-09-14 18:43:22.948772,2022-09-14 18:43:22.955232,2022-09-14 18:53:25.880062,0:10:02.931243,0.0,16.0
2022-09-14 18:43:22.943015,2022-09-14 18:43:22.944094,2022-09-14 18:53:25.915901,0:10:02.972838,18.2,16.0
2022-09-14 18:43:22.987734,2022-09-14 18:43:22.995021,2022-09-14 18:53:25.926053,0:10:02.938270,33.3,16.0
2022-09-14 18:43:22.988201,2022-09-14 18:43:22.989595,2022-09-14 18:53:25.942025,0:10:02.953775,20.0,16.0
2022-09-14 18:43:22.987304,2022-09-14 18:43:22.994917,2022-09-14 18:53:25.983004,0:10:02.995649,20.0,16.0
2022-09-14 18:43:23.004894,2022-09-14 18:43:23.011456,2022-09-14 18:53:26.001102,0:10:02.996157,20.0,16.0
2022-09-14 18:43:23.010486,2022-09-14 18:43:23.022797,2022-09-14 18:53:26.011237,0:10:03.000699,28.6,16.0
2022-09-14 18:43:23.010778,2022-09-14 18:43:23.023052,2022-09-14 18:53:26.021229,0:10:03.010401,20.0,16.0
2022-09-14 18:43:23.016363,2022-09-14 18:43:23.023875,2022-09-14 18:53:26.039221,0:10:03.022808,18.2,16.0
2022-09-14 18:43:23.050165,2022-09-14 18:43:23.052055,2022-09-14 18:53:26.075509,0:10:03.025293,19.0,16.0
2022-09-14 18:43:23.051048,2022-09-14 18:43:23.051947,2022-09-14 18:53:26.085432,0:10:03.034335,0.0,16.0
2022-09-14 18:43:23.034031,2022-09-14 18:43:23.050765,2022-09-14 18:53:26.104668,0:10:03.070577,23.1,16.0
2022-09-14 18:43:23.022158,2022-09-14 18:43:23.023429,2022-09-14 18:53:26.115764,0:10:03.093556,16.7,16.0
2022-09-14 18:43:23.050801,2022-09-14 18:43:23.074432,2022-09-14 18:53:26.129692,0:10:03.078840,14.3,16.0
2022-09-14 18:43:23.050003,2022-09-14 18:43:23.052055,2022-09-14 18:53:26.151750,0:10:03.101696,21.4,16.0
2022-09-14 18:43:23.073295,2022-09-14 18:43:23.085924,2022-09-14 18:53:26.171640,0:10:03.098288,23.1,16.0
2022-09-14 18:43:23.079442,2022-09-14 18:43:23.091338,2022-09-14 18:53:26.207800,0:10:03.128308,22.7,16.0
2022-09-14 18:43:23.096580,2022-09-14 18:43:23.098009,2022-09-14 18:53:26.217798,0:10:03.121168,16.7,16.0
2022-09-14 18:43:23.073711,2022-09-14 18:43:23.080533,2022-09-14 18:53:26.226081,0:10:03.152321,20.0,16.0
2022-09-14 18:43:23.097120,2022-09-14 18:43:23.103683,2022-09-14 18:53:26.241191,0:10:03.144023,22.2,16.0
2022-09-14 18:43:23.090667,2022-09-14 18:43:23.097851,2022-09-14 18:53:26.254010,0:10:03.163294,14.3,16.0
2022-09-14 18:43:23.119388,2022-09-14 18:43:23.131669,2022-09-14 18:53:26.305486,0:10:03.186048,21.9,16.0
2022-09-14 18:43:23.113692,2022-09-14 18:43:23.125735,2022-09-14 18:53:26.321744,0:10:03.208002,20.0,16.0
2022-09-14 18:43:23.119169,2022-09-14 18:43:23.147552,2022-09-14 18:53:26.358768,0:10:03.239529,21.7,16.0
2022-09-14 18:43:23.146926,2022-09-14 18:43:23.153418,2022-09-14 18:53:26.368867,0:10:03.221892,0.0,16.0
2022-09-14 18:43:23.141452,2022-09-14 18:43:23.153767,2022-09-14 18:53:26.378978,0:10:03.237476,28.6,16.0
2022-09-14 18:43:23.141244,2022-09-14 18:43:23.153361,2022-09-14 18:53:26.403518,0:10:03.262220,14.3,16.0
2022-09-14 18:43:23.152337,2022-09-14 18:43:23.159240,2022-09-14 18:53:26.420871,0:10:03.268466,20.0,16.0
2022-09-14 18:43:23.130489,2022-09-14 18:43:23.158906,2022-09-14 18:53:26.428335,0:10:03.297796,20.0,16.0
2022-09-14 18:43:23.180401,2022-09-14 18:43:23.181829,2022-09-14 18:53:26.456373,0:10:03.275922,18.7,16.0
2022-09-14 18:43:23.158261,2022-09-14 18:43:23.175442,2022-09-14 18:53:26.464610,0:10:03.306300,0.0,16.0
2022-09-14 18:43:23.163751,2022-09-14 18:43:23.181747,2022-09-14 18:53:26.484008,0:10:03.320207,18.2,16.0
2022-09-14 18:43:23.191904,2022-09-14 18:43:23.210247,2022-09-14 18:53:26.510728,0:10:03.318760,18.7,16.0
2022-09-14 18:43:23.203813,2022-09-14 18:43:23.215668,2022-09-14 18:53:26.533788,0:10:03.329926,21.4,16.0
2022-09-14 18:43:23.181539,2022-09-14 18:43:23.198802,2022-09-14 18:53:26.539193,0:10:03.357605,25.0,16.0
2022-09-14 18:43:23.180224,2022-09-14 18:43:23.204420,2022-09-14 18:53:26.555160,0:10:03.374886,22.2,16.0
2022-09-14 18:43:23.209120,2022-09-14 18:43:23.210217,2022-09-14 18:53:26.565056,0:10:03.355887,16.7,16.0
2022-09-14 18:43:23.214769,2022-09-14 18:43:23.221500,2022-09-14 18:53:26.583342,0:10:03.368521,18.2,16.0
2022-09-14 18:43:23.203445,2022-09-14 18:43:23.227126,2022-09-14 18:53:26.601406,0:10:03.397913,18.2,16.0
2022-09-14 18:43:23.226483,2022-09-14 18:43:23.227853,2022-09-14 18:53:26.631907,0:10:03.405372,22.2,16.0
2022-09-14 18:43:23.243329,2022-09-14 18:43:23.244426,2022-09-14 18:53:26.646026,0:10:03.402647,12.5,16.0
2022-09-14 18:43:23.243489,2022-09-14 18:43:23.256050,2022-09-14 18:53:26.657920,0:10:03.414382,14.3,16.0
2022-09-14 18:43:23.265799,2022-09-14 18:43:23.267262,2022-09-14 18:53:26.666094,0:10:03.400248,40.0,16.0
2022-09-14 18:43:23.243787,2022-09-14 18:43:23.250188,2022-09-14 18:53:26.719031,0:10:03.475194,21.2,16.0
2022-09-14 18:43:23.254821,2022-09-14 18:43:23.273299,2022-09-14 18:53:26.724235,0:10:03.469366,0.0,16.0
2022-09-14 18:43:23.255163,2022-09-14 18:43:23.273299,2022-09-14 18:53:26.735198,0:10:03.479986,28.6,16.0
2022-09-14 18:43:23.271775,2022-09-14 18:43:23.284469,2022-09-14 18:53:26.740514,0:10:03.468691,0.0,16.0
2022-09-14 18:43:23.277795,2022-09-14 18:43:23.278794,2022-09-14 18:53:26.750409,0:10:03.472565,16.7,16.0
2022-09-14 18:43:23.266241,2022-09-14 18:43:23.278479,2022-09-14 18:53:26.792708,0:10:03.526415,20.0,16.0
2022-09-14 18:43:23.295050,2022-09-14 18:43:23.306433,2022-09-14 18:53:26.808859,0:10:03.513758,11.1,16.0
2022-09-14 18:43:23.305702,2022-09-14 18:43:23.312047,2022-09-14 18:53:26.818749,0:10:03.512984,16.7,16.0
2022-09-14 18:43:23.311299,2022-09-14 18:43:23.322888,2022-09-14 18:53:26.830820,0:10:03.519471,28.6,16.0
2022-09-14 18:43:23.321804,2022-09-14 18:43:23.322810,2022-09-14 18:53:26.843003,0:10:03.521150,14.3,16.0
2022-09-14 18:43:23.321648,2022-09-14 18:43:23.346440,2022-09-14 18:53:26.891123,0:10:03.569425,14.3,16.0
2022-09-14 18:43:23.339995,2022-09-14 18:43:23.340934,2022-09-14 18:53:26.911282,0:10:03.571237,18.2,16.0
2022-09-14 18:43:23.334329,2022-09-14 18:43:23.346762,2022-09-14 18:53:26.919251,0:10:03.584874,20.0,16.0
2022-09-14 18:43:23.322210,2022-09-14 18:43:23.323194,2022-09-14 18:53:26.929148,0:10:03.606890,16.7,16.0
2022-09-14 18:43:23.334553,2022-09-14 18:43:23.346693,2022-09-14 18:53:26.957164,0:10:03.622562,18.7,16.0
2022-09-14 18:43:23.328404,2022-09-14 18:43:23.352156,2022-09-14 18:53:26.965154,0:10:03.636700,20.0,16.0
2022-09-14 18:43:23.368185,2022-09-14 18:43:23.379615,2022-09-14 18:53:26.991258,0:10:03.623024,23.5,16.0
2022-09-14 18:43:23.356695,2022-09-14 18:43:23.357661,2022-09-14 18:53:27.018018,0:10:03.661270,14.3,16.0
2022-09-14 18:43:23.384504,2022-09-14 18:43:23.385968,2022-09-14 18:53:27.042288,0:10:03.657731,25.0,16.0
2022-09-14 18:43:23.390809,2022-09-14 18:43:23.397962,2022-09-14 18:53:27.056233,0:10:03.665374,22.2,16.0
2022-09-14 18:43:23.390662,2022-09-14 18:43:23.414227,2022-09-14 18:53:27.072700,0:10:03.681987,12.5,16.0
2022-09-14 18:43:23.396325,2022-09-14 18:43:23.408676,2022-09-14 18:53:27.088927,0:10:03.692554,20.0,16.0
2022-09-14 18:43:23.396549,2022-09-14 18:43:23.408676,2022-09-14 18:53:27.103521,0:10:03.706924,22.2,16.0
2022-09-14 18:43:23.396880,2022-09-14 18:43:23.398227,2022-09-14 18:53:27.109036,0:10:03.712107,0.0,16.0
2022-09-14 18:43:23.384339,2022-09-14 18:43:23.391885,2022-09-14 18:53:27.135475,0:10:03.751085,20.0,16.0
2022-09-14 18:43:23.419877,2022-09-14 18:43:23.432069,2022-09-14 18:53:27.157743,0:10:03.737813,15.4,16.0
2022-09-14 18:43:23.408212,2022-09-14 18:43:23.414634,2022-09-14 18:53:27.180397,0:10:03.772125,26.7,16.0
2022-09-14 18:43:23.430824,2022-09-14 18:43:23.453957,2022-09-14 18:53:27.220190,0:10:03.789305,17.4,16.0
2022-09-14 18:43:23.458880,2022-09-14 18:43:23.464907,2022-09-14 18:53:27.241300,0:10:03.782362,16.7,16.0
2022-09-14 18:43:23.447268,2022-09-14 18:43:23.448325,2022-09-14 18:53:27.256047,0:10:03.808724,22.2,16.0
2022-09-14 18:43:23.470194,2022-09-14 18:43:23.471452,2022-09-14 18:53:27.272274,0:10:03.802029,20.0,16.0
2022-09-14 18:43:23.452760,2022-09-14 18:43:23.453903,2022-09-14 18:53:27.280439,0:10:03.827629,20.0,16.0
2022-09-14 18:43:23.464358,2022-09-14 18:43:23.476856,2022-09-14 18:53:27.300746,0:10:03.836336,18.2,16.0
2022-09-14 18:43:23.469779,2022-09-14 18:43:23.471452,2022-09-14 18:53:27.312754,0:10:03.842925,12.5,16.0
2022-09-14 18:43:23.481788,2022-09-14 18:43:23.503943,2022-09-14 18:53:27.332950,0:10:03.851113,16.7,16.0
2022-09-14 18:43:23.518086,2022-09-14 18:43:23.529760,2022-09-14 18:53:27.350968,0:10:03.832833,20.0,16.0
2022-09-14 18:43:23.453408,2022-09-14 18:43:23.482358,2022-09-14 18:53:27.372923,0:10:03.919466,15.4,16.0
2022-09-14 18:43:23.447110,2022-09-14 18:43:23.459496,2022-09-14 18:53:27.380821,0:10:03.933663,20.0,16.0
2022-09-14 18:43:23.534087,2022-09-14 18:43:23.535850,2022-09-14 18:53:27.413034,0:10:03.878897,21.1,16.0
2022-09-14 18:43:23.534422,2022-09-14 18:43:23.541470,2022-09-14 18:53:27.455213,0:10:03.920739,19.2,16.0
2022-09-14 18:43:23.540567,2022-09-14 18:43:23.547092,2022-09-14 18:53:27.471176,0:10:03.930559,22.2,16.0
2022-09-14 18:43:23.523567,2022-09-14 18:43:23.546879,2022-09-14 18:53:27.486112,0:10:03.962496,12.5,16.0
2022-09-14 18:43:23.546096,2022-09-14 18:43:23.558004,2022-09-14 18:53:27.494194,0:10:03.948049,20.0,16.0
2022-09-14 18:43:23.534765,2022-09-14 18:43:23.563338,2022-09-14 18:53:27.499484,0:10:03.964671,25.0,16.0
2022-09-14 18:43:23.534282,2022-09-14 18:43:23.563363,2022-09-14 18:53:27.513870,0:10:03.979539,14.3,16.0
2022-09-14 18:43:23.518215,2022-09-14 18:43:23.557977,2022-09-14 18:53:27.523843,0:10:04.005579,37.5,16.0
2022-09-14 18:43:23.534631,2022-09-14 18:43:23.541696,2022-09-14 18:53:27.537916,0:10:04.003232,12.5,16.0
2022-09-14 18:43:23.580534,2022-09-14 18:43:23.592454,2022-09-14 18:53:27.572593,0:10:03.992008,23.8,16.0
2022-09-14 18:43:23.597055,2022-09-14 18:43:23.603657,2022-09-14 18:53:27.600641,0:10:04.003529,12.5,16.0
2022-09-14 18:43:23.597431,2022-09-14 18:43:23.598328,2022-09-14 18:53:27.643269,0:10:04.045787,19.2,16.0
2022-09-14 18:43:23.614222,2022-09-14 18:43:23.626173,2022-09-14 18:53:27.653551,0:10:04.039278,20.0,16.0
2022-09-14 18:43:23.580111,2022-09-14 18:43:23.592190,2022-09-14 18:53:27.671712,0:10:04.091551,18.2,16.0
2022-09-14 18:43:23.603025,2022-09-14 18:43:23.632195,2022-09-14 18:53:27.696639,0:10:04.093557,20.0,16.0
2022-09-14 18:43:23.591197,2022-09-14 18:43:23.598101,2022-09-14 18:53:27.701904,0:10:04.110658,0.0,16.0
2022-09-14 18:43:23.613884,2022-09-14 18:43:23.626049,2022-09-14 18:53:27.712120,0:10:04.098186,33.3,16.0
2022-09-14 18:43:23.619501,2022-09-14 18:43:23.626049,2022-09-14 18:53:27.727572,0:10:04.108021,11.1,16.0
2022-09-14 18:43:23.603221,2022-09-14 18:43:23.626093,2022-09-14 18:53:27.738367,0:10:04.135097,16.7,16.0
2022-09-14 18:43:23.659315,2022-09-14 18:43:23.665416,2022-09-14 18:53:27.780362,0:10:04.120997,23.1,16.0
2022-09-14 18:43:23.642681,2022-09-14 18:43:23.654809,2022-09-14 18:53:27.795032,0:10:04.152294,22.2,16.0
2022-09-14 18:43:23.681159,2022-09-14 18:43:23.682720,2022-09-14 18:53:27.834371,0:10:04.153150,17.4,16.0
2022-09-14 18:43:23.664756,2022-09-14 18:43:23.682590,2022-09-14 18:53:27.853175,0:10:04.188350,18.2,16.0
2022-09-14 18:43:23.687225,2022-09-14 18:43:23.688235,2022-09-14 18:53:27.867505,0:10:04.180211,22.2,16.0
2022-09-14 18:43:23.681349,2022-09-14 18:43:23.699457,2022-09-14 18:53:27.878096,0:10:04.196681,28.6,16.0
2022-09-14 18:43:23.653578,2022-09-14 18:43:23.654595,2022-09-14 18:53:27.888314,0:10:04.234670,20.0,16.0
2022-09-14 18:43:23.642558,2022-09-14 18:43:23.665773,2022-09-14 18:53:27.902796,0:10:04.260173,22.2,16.0
2022-09-14 18:43:23.670293,2022-09-14 18:43:23.693587,2022-09-14 18:53:27.929386,0:10:04.259025,18.7,16.0
2022-09-14 18:43:23.681025,2022-09-14 18:43:23.682858,2022-09-14 18:53:27.939658,0:10:04.258559,16.7,16.0
2022-09-14 18:43:23.704397,2022-09-14 18:43:23.711121,2022-09-14 18:53:27.948200,0:10:04.243740,20.0,16.0
2022-09-14 18:43:23.704273,2022-09-14 18:43:23.711402,2022-09-14 18:53:27.984836,0:10:04.280494,19.0,16.0
2022-09-14 18:43:23.722621,2022-09-14 18:43:23.734524,2022-09-14 18:53:28.001308,0:10:04.278615,20.0,16.0
2022-09-14 18:43:23.728186,2022-09-14 18:43:23.734523,2022-09-14 18:53:28.009739,0:10:04.281486,20.0,16.0
2022-09-14 18:43:23.717200,2022-09-14 18:43:23.723623,2022-09-14 18:53:28.024626,0:10:04.307356,30.0,16.0
2022-09-14 18:43:23.733689,2022-09-14 18:43:23.735116,2022-09-14 18:53:28.033388,0:10:04.299637,20.0,16.0
2022-09-14 18:43:23.758394,2022-09-14 18:43:23.764996,2022-09-14 18:53:28.104622,0:10:04.346168,20.9,16.0
2022-09-14 18:43:23.752535,2022-09-14 18:43:23.753924,2022-09-14 18:53:28.112894,0:10:04.360307,0.0,16.0
2022-09-14 18:43:23.752738,2022-09-14 18:43:23.758971,2022-09-14 18:53:28.135173,0:10:04.382383,21.4,16.0
2022-09-14 18:43:23.752902,2022-09-14 18:43:23.759042,2022-09-14 18:53:28.143239,0:10:04.390286,25.0,16.0
2022-09-14 18:43:23.775096,2022-09-14 18:43:23.781455,2022-09-14 18:53:28.155654,0:10:04.380501,14.3,16.0
2022-09-14 18:43:23.769488,2022-09-14 18:43:23.775688,2022-09-14 18:53:28.167675,0:10:04.398131,14.3,16.0
2022-09-14 18:43:23.780557,2022-09-14 18:43:23.782380,2022-09-14 18:53:28.183737,0:10:04.403130,20.0,16.0
2022-09-14 18:43:23.798034,2022-09-14 18:43:23.798984,2022-09-14 18:53:28.225844,0:10:04.427759,20.0,16.0
2022-09-14 18:43:23.798815,2022-09-14 18:43:23.804903,2022-09-14 18:53:28.239240,0:10:04.440375,25.0,16.0
2022-09-14 18:43:23.817915,2022-09-14 18:43:23.819226,2022-09-14 18:53:28.293507,0:10:04.475542,18.2,16.0
2022-09-14 18:43:23.829784,2022-09-14 18:43:23.841636,2022-09-14 18:53:28.303744,0:10:04.473907,16.7,16.0
2022-09-14 18:43:23.840505,2022-09-14 18:43:23.841460,2022-09-14 18:53:28.311760,0:10:04.471205,25.0,16.0
2022-09-14 18:43:23.823809,2022-09-14 18:43:23.830374,2022-09-14 18:53:28.321644,0:10:04.497779,16.7,16.0
2022-09-14 18:43:23.818288,2022-09-14 18:43:23.819226,2022-09-14 18:53:28.346356,0:10:04.528002,20.0,16.0
2022-09-14 18:43:23.867816,2022-09-14 18:43:23.879995,2022-09-14 18:53:28.373872,0:10:04.506007,18.8,16.0
2022-09-14 18:43:23.809700,2022-09-14 18:43:23.841404,2022-09-14 18:53:28.399092,0:10:04.589344,25.0,16.0
2022-09-14 18:43:23.862110,2022-09-14 18:43:23.879956,2022-09-14 18:53:28.412039,0:10:04.549880,14.3,16.0
2022-09-14 18:43:23.879709,2022-09-14 18:43:23.880653,2022-09-14 18:53:28.427982,0:10:04.548224,20.0,16.0
2022-09-14 18:43:23.840267,2022-09-14 18:43:23.846915,2022-09-14 18:53:28.438069,0:10:04.597754,16.7,16.0
2022-09-14 18:43:23.891660,2022-09-14 18:43:23.892570,2022-09-14 18:53:28.450869,0:10:04.559161,33.3,16.0
2022-09-14 18:43:23.851475,2022-09-14 18:43:23.874492,2022-09-14 18:53:28.456078,0:10:04.604555,0.0,16.0
2022-09-14 18:43:23.879372,2022-09-14 18:43:23.886344,2022-09-14 18:53:28.465957,0:10:04.586537,28.6,16.0
2022-09-14 18:43:23.885856,2022-09-14 18:43:23.886935,2022-09-14 18:53:28.479875,0:10:04.593971,22.2,16.0
2022-09-14 18:43:23.914623,2022-09-14 18:43:23.915565,2022-09-14 18:53:28.525880,0:10:04.611206,18.5,16.0
2022-09-14 18:43:23.914054,2022-09-14 18:43:23.915298,2022-09-14 18:53:28.538570,0:10:04.624467,25.0,16.0
2022-09-14 18:43:23.903107,2022-09-14 18:43:23.915001,2022-09-14 18:53:28.550374,0:10:04.647219,14.3,16.0
2022-09-14 18:43:23.908724,2022-09-14 18:43:23.920963,2022-09-14 18:53:28.563846,0:10:04.655074,40.0,16.0
2022-09-14 18:43:23.942532,2022-09-14 18:43:23.943511,2022-09-14 18:53:28.601908,0:10:04.659327,18.2,16.0
2022-09-14 18:43:23.931522,2022-09-14 18:43:23.937891,2022-09-14 18:53:28.618086,0:10:04.686515,20.0,16.0
2022-09-14 18:43:23.926086,2022-09-14 18:43:23.937900,2022-09-14 18:53:28.642207,0:10:04.716054,25.0,16.0
2022-09-14 18:43:23.953930,2022-09-14 18:43:23.955047,2022-09-14 18:53:28.659199,0:10:04.705220,20.0,16.0
2022-09-14 18:43:23.959910,2022-09-14 18:43:23.961047,2022-09-14 18:53:28.664526,0:10:04.704569,33.3,16.0
2022-09-14 18:43:23.953747,2022-09-14 18:43:23.960908,2022-09-14 18:53:28.672434,0:10:04.718639,20.0,16.0
2022-09-14 18:43:23.965898,2022-09-14 18:43:23.972584,2022-09-14 18:53:28.701650,0:10:04.735696,12.5,16.0
2022-09-14 18:43:23.977177,2022-09-14 18:43:23.978830,2022-09-14 18:53:28.724678,0:10:04.747444,21.4,16.0
2022-09-14 18:43:23.977832,2022-09-14 18:43:23.984754,2022-09-14 18:53:28.734599,0:10:04.756718,16.7,16.0
2022-09-14 18:43:23.984200,2022-09-14 18:43:23.985418,2022-09-14 18:53:28.742829,0:10:04.758580,20.0,16.0
2022-09-14 18:43:24.005564,2022-09-14 18:43:24.011839,2022-09-14 18:53:28.768644,0:10:04.763024,20.0,16.0
2022-09-14 18:43:24.005761,2022-09-14 18:43:24.017677,2022-09-14 18:53:28.816323,0:10:04.810510,14.8,16.1
2022-09-14 18:43:23.995380,2022-09-14 18:43:24.017850,2022-09-14 18:53:28.845342,0:10:04.849912,17.6,16.0
2022-09-14 18:43:24.027996,2022-09-14 18:43:24.039963,2022-09-14 18:53:28.853627,0:10:04.825580,20.0,16.1
2022-09-14 18:43:24.017300,2022-09-14 18:43:24.023538,2022-09-14 18:53:28.867790,0:10:04.850441,30.0,16.1
2022-09-14 18:43:24.044643,2022-09-14 18:43:24.045623,2022-09-14 18:53:28.880074,0:10:04.835382,14.3,16.1
2022-09-14 18:43:24.016406,2022-09-14 18:43:24.045599,2022-09-14 18:53:28.891981,0:10:04.875526,28.6,16.1
2022-09-14 18:43:24.038837,2022-09-14 18:43:24.039819,2022-09-14 18:53:28.902074,0:10:04.863189,16.7,16.0
2022-09-14 18:43:24.033410,2022-09-14 18:43:24.039490,2022-09-14 18:53:28.923970,0:10:04.890509,21.4,16.0
2022-09-14 18:43:24.045069,2022-09-14 18:43:24.062668,2022-09-14 18:53:28.933993,0:10:04.888875,20.0,16.0
2022-09-14 18:43:24.067145,2022-09-14 18:43:24.073903,2022-09-14 18:53:28.959598,0:10:04.892403,18.8,16.0
2022-09-14 18:43:24.061507,2022-09-14 18:43:24.080153,2022-09-14 18:53:29.012004,0:10:04.950446,19.4,16.1
2022-09-14 18:43:24.090409,2022-09-14 18:43:24.096648,2022-09-14 18:53:29.022060,0:10:04.931601,16.7,16.1
2022-09-14 18:43:24.084808,2022-09-14 18:43:24.086051,2022-09-14 18:53:29.037193,0:10:04.952334,30.0,16.1
2022-09-14 18:43:24.079048,2022-09-14 18:43:24.080221,2022-09-14 18:53:29.048220,0:10:04.969123,28.6,16.0
2022-09-14 18:43:24.113102,2022-09-14 18:43:24.119445,2022-09-14 18:53:29.091954,0:10:04.978789,15.4,16.0
2022-09-14 18:43:24.112811,2022-09-14 18:43:24.114133,2022-09-14 18:53:29.108336,0:10:04.995476,20.0,16.0
2022-09-14 18:43:24.101409,2022-09-14 18:43:24.113366,2022-09-14 18:53:29.127326,0:10:05.025865,25.0,16.0
2022-09-14 18:43:24.078821,2022-09-14 18:43:24.085577,2022-09-14 18:53:29.132676,0:10:05.053797,0.0,16.0
2022-09-14 18:43:24.129641,2022-09-14 18:43:24.136178,2022-09-14 18:53:29.154514,0:10:05.024824,15.4,16.0
2022-09-14 18:43:24.107265,2022-09-14 18:43:24.114132,2022-09-14 18:53:29.190832,0:10:05.083516,19.0,16.0
2022-09-14 18:43:24.147209,2022-09-14 18:43:24.158449,2022-09-14 18:53:29.203236,0:10:05.055976,25.0,16.0
2022-09-14 18:43:24.157637,2022-09-14 18:43:24.158569,2022-09-14 18:53:29.215395,0:10:05.057708,14.3,16.0
2022-09-14 18:43:24.141317,2022-09-14 18:43:24.158651,2022-09-14 18:53:29.239354,0:10:05.097986,14.3,16.0
2022-09-14 18:43:24.169036,2022-09-14 18:43:24.186489,2022-09-14 18:53:29.267009,0:10:05.097924,18.7,16.0
2022-09-14 18:43:24.140912,2022-09-14 18:43:24.141993,2022-09-14 18:53:29.280183,0:10:05.139219,14.3,16.1
2022-09-14 18:43:24.141055,2022-09-14 18:43:24.147657,2022-09-14 18:53:29.312592,0:10:05.171484,15.8,16.1
2022-09-14 18:43:24.185708,2022-09-14 18:43:24.192796,2022-09-14 18:53:29.327943,0:10:05.142183,22.2,16.1
2022-09-14 18:43:24.191828,2022-09-14 18:43:24.198099,2022-09-14 18:53:29.340584,0:10:05.148706,12.5,16.1
2022-09-14 18:43:24.203006,2022-09-14 18:43:24.209259,2022-09-14 18:53:29.358528,0:10:05.155473,20.0,16.1
2022-09-14 18:43:24.174637,2022-09-14 18:43:24.209259,2022-09-14 18:53:29.382536,0:10:05.207851,20.0,16.0
2022-09-14 18:43:24.219169,2022-09-14 18:43:24.221095,2022-09-14 18:53:29.401282,0:10:05.182065,10.0,16.0
2022-09-14 18:43:24.202778,2022-09-14 18:43:24.221535,2022-09-14 18:53:29.406552,0:10:05.203725,33.3,16.0
2022-09-14 18:43:24.219735,2022-09-14 18:43:24.221892,2022-09-14 18:53:29.418590,0:10:05.198806,14.3,16.0
2022-09-14 18:43:24.208606,2022-09-14 18:43:24.220643,2022-09-14 18:53:29.437404,0:10:05.228748,18.2,16.0
2022-09-14 18:43:24.180203,2022-09-14 18:43:24.220139,2022-09-14 18:53:29.442703,0:10:05.262452,25.0,16.0
2022-09-14 18:43:24.245595,2022-09-14 18:43:24.247056,2022-09-14 18:53:29.488403,0:10:05.242758,18.5,16.0
2022-09-14 18:43:24.239978,2022-09-14 18:43:24.246632,2022-09-14 18:53:29.502397,0:10:05.262368,12.5,16.0
2022-09-14 18:43:24.232622,2022-09-14 18:43:24.246961,2022-09-14 18:53:29.548486,0:10:05.315810,21.4,16.0
2022-09-14 18:43:24.256947,2022-09-14 18:43:24.263346,2022-09-14 18:53:29.560550,0:10:05.303553,14.3,16.0
2022-09-14 18:43:24.257088,2022-09-14 18:43:24.263171,2022-09-14 18:53:29.572469,0:10:05.315333,16.7,16.0
2022-09-14 18:43:24.278518,2022-09-14 18:43:24.285435,2022-09-14 18:53:29.590457,0:10:05.311890,18.2,16.0
2022-09-14 18:43:24.278376,2022-09-14 18:43:24.285435,2022-09-14 18:53:29.598430,0:10:05.320005,20.0,16.0
2022-09-14 18:43:24.284798,2022-09-14 18:43:24.302155,2022-09-14 18:53:29.610567,0:10:05.325719,28.6,16.0
2022-09-14 18:43:24.284230,2022-09-14 18:43:24.285291,2022-09-14 18:53:29.622392,0:10:05.338113,14.3,16.0
2022-09-14 18:43:24.267918,2022-09-14 18:43:24.279643,2022-09-14 18:53:29.644524,0:10:05.376557,21.4,16.0
2022-09-14 18:43:24.307665,2022-09-14 18:43:24.319467,2022-09-14 18:53:29.672589,0:10:05.364875,18.7,16.0
2022-09-14 18:43:24.307152,2022-09-14 18:43:24.324992,2022-09-14 18:53:29.700273,0:10:05.393072,17.6,16.0
2022-09-14 18:43:24.307475,2022-09-14 18:43:24.319512,2022-09-14 18:53:29.714300,0:10:05.406777,12.5,16.1
2022-09-14 18:43:24.324496,2022-09-14 18:43:24.325881,2022-09-14 18:53:29.724164,0:10:05.399620,33.3,16.1
2022-09-14 18:43:24.324702,2022-09-14 18:43:24.325990,2022-09-14 18:53:29.734094,0:10:05.409344,16.7,16.1
2022-09-14 18:43:24.330976,2022-09-14 18:43:24.331963,2022-09-14 18:53:29.747320,0:10:05.416295,25.0,16.1
2022-09-14 18:43:24.358953,2022-09-14 18:43:24.360034,2022-09-14 18:53:29.783141,0:10:05.424139,18.2,16.1
2022-09-14 18:43:24.347237,2022-09-14 18:43:24.354251,2022-09-14 18:53:29.793926,0:10:05.446640,0.0,16.1
2022-09-14 18:43:24.366384,2022-09-14 18:43:24.367604,2022-09-14 18:53:29.827857,0:10:05.461422,23.8,16.1
2022-09-14 18:43:24.352820,2022-09-14 18:43:24.360034,2022-09-14 18:53:29.835824,0:10:05.482956,20.0,16.1
2022-09-14 18:43:24.372279,2022-09-14 18:43:24.373739,2022-09-14 18:53:29.869794,0:10:05.497465,19.0,16.1
2022-09-14 18:43:24.372423,2022-09-14 18:43:24.379431,2022-09-14 18:53:29.887877,0:10:05.515404,20.0,16.1
2022-09-14 18:43:24.389902,2022-09-14 18:43:24.407498,2022-09-14 18:53:29.899778,0:10:05.509827,25.0,16.1
2022-09-14 18:43:24.395562,2022-09-14 18:43:24.396537,2022-09-14 18:53:29.929731,0:10:05.534119,12.5,16.1
2022-09-14 18:43:24.390035,2022-09-14 18:43:24.396567,2022-09-14 18:53:29.942870,0:10:05.552785,22.2,16.1
2022-09-14 18:43:24.417562,2022-09-14 18:43:24.423868,2022-09-14 18:53:29.967984,0:10:05.550374,20.0,16.1
2022-09-14 18:43:24.412165,2022-09-14 18:43:24.423954,2022-09-14 18:53:29.981644,0:10:05.569423,12.5,16.1
2022-09-14 18:43:24.372752,2022-09-14 18:43:24.407235,2022-09-14 18:53:29.999521,0:10:05.626720,27.3,16.1
2022-09-14 18:43:24.428947,2022-09-14 18:43:24.446120,2022-09-14 18:53:30.019505,0:10:05.590507,23.1,16.1
2022-09-14 18:43:24.439510,2022-09-14 18:43:24.446078,2022-09-14 18:53:30.037630,0:10:05.598071,11.1,16.1
2022-09-14 18:43:24.445166,2022-09-14 18:43:24.446120,2022-09-14 18:53:30.045857,0:10:05.600641,33.3,16.1
2022-09-14 18:43:24.439685,2022-09-14 18:43:24.472849,2022-09-14 18:53:30.090980,0:10:05.651244,18.5,16.1
2022-09-14 18:43:24.460743,2022-09-14 18:43:24.461772,2022-09-14 18:53:30.098329,0:10:05.637537,20.0,16.1
2022-09-14 18:43:24.450786,2022-09-14 18:43:24.489128,2022-09-14 18:53:30.116300,0:10:05.665466,20.0,16.1
2022-09-14 18:43:24.488396,2022-09-14 18:43:24.494583,2022-09-14 18:53:30.139335,0:10:05.650889,15.4,16.1
2022-09-14 18:43:24.423011,2022-09-14 18:43:24.429852,2022-09-14 18:53:30.152933,0:10:05.729874,12.5,16.1
2022-09-14 18:43:24.466354,2022-09-14 18:43:24.467602,2022-09-14 18:53:30.191736,0:10:05.725331,24.0,16.1
2022-09-14 18:43:24.498927,2022-09-14 18:43:24.505858,2022-09-14 18:53:30.197116,0:10:05.698141,33.3,16.1
2022-09-14 18:43:24.516156,2022-09-14 18:43:24.523171,2022-09-14 18:53:30.219298,0:10:05.703092,21.4,16.1
2022-09-14 18:43:24.522210,2022-09-14 18:43:24.528683,2022-09-14 18:53:30.230704,0:10:05.708443,16.7,16.1
2022-09-14 18:43:24.510621,2022-09-14 18:43:24.517202,2022-09-14 18:53:30.243702,0:10:05.733032,22.2,16.1
2022-09-14 18:43:24.504738,2022-09-14 18:43:24.517233,2022-09-14 18:53:30.258346,0:10:05.753560,12.5,16.1
2022-09-14 18:43:24.543951,2022-09-14 18:43:24.544919,2022-09-14 18:53:30.263563,0:10:05.719564,33.3,16.1
2022-09-14 18:43:24.504884,2022-09-14 18:43:24.522855,2022-09-14 18:53:30.273674,0:10:05.768735,16.7,16.1
2022-09-14 18:43:24.488108,2022-09-14 18:43:24.523294,2022-09-14 18:53:30.319793,0:10:05.831633,18.5,16.1
2022-09-14 18:43:24.561654,2022-09-14 18:43:24.567827,2022-09-14 18:53:30.327989,0:10:05.766284,20.0,16.1
2022-09-14 18:43:24.522096,2022-09-14 18:43:24.534229,2022-09-14 18:53:30.337865,0:10:05.815721,20.0,16.1
2022-09-14 18:43:24.555915,2022-09-14 18:43:24.557132,2022-09-14 18:53:30.359199,0:10:05.803235,15.4,16.1
2022-09-14 18:43:24.584253,2022-09-14 18:43:24.596132,2022-09-14 18:53:30.393974,0:10:05.809672,22.7,16.1
2022-09-14 18:43:24.572678,2022-09-14 18:43:24.579484,2022-09-14 18:53:30.413896,0:10:05.841168,18.2,16.1
2022-09-14 18:43:24.577977,2022-09-14 18:43:24.585223,2022-09-14 18:53:30.421799,0:10:05.843773,33.3,16.1
2022-09-14 18:43:24.567082,2022-09-14 18:43:24.573320,2022-09-14 18:53:30.435782,0:10:05.868651,22.2,16.1
2022-09-14 18:43:24.578880,2022-09-14 18:43:24.590906,2022-09-14 18:53:30.453840,0:10:05.874912,20.0,16.1
2022-09-14 18:43:24.589779,2022-09-14 18:43:24.618902,2022-09-14 18:53:30.487429,0:10:05.897601,15.0,16.1
2022-09-14 18:43:24.611446,2022-09-14 18:43:24.618390,2022-09-14 18:53:30.492688,0:10:05.881192,33.3,16.1
2022-09-14 18:43:24.611228,2022-09-14 18:43:24.618538,2022-09-14 18:53:30.497921,0:10:05.886645,0.0,16.1
2022-09-14 18:43:24.628818,2022-09-14 18:43:24.656482,2022-09-14 18:53:30.559898,0:10:05.931030,20.5,16.1
2022-09-14 18:43:24.616763,2022-09-14 18:43:24.617774,2022-09-14 18:53:30.568157,0:10:05.951344,25.0,16.1
2022-09-14 18:43:24.649601,2022-09-14 18:43:24.656083,2022-09-14 18:53:30.576118,0:10:05.926469,20.0,16.1
2022-09-14 18:43:24.649879,2022-09-14 18:43:24.656555,2022-09-14 18:53:30.584101,0:10:05.934174,20.0,16.1
2022-09-14 18:43:24.655186,2022-09-14 18:43:24.657333,2022-09-14 18:53:30.602778,0:10:05.947544,18.2,16.1
2022-09-14 18:43:24.623537,2022-09-14 18:43:24.629978,2022-09-14 18:53:30.608075,0:10:05.984490,25.0,16.1
2022-09-14 18:43:24.656043,2022-09-14 18:43:24.669107,2022-09-14 18:53:30.645795,0:10:05.989702,17.4,16.1
2022-09-14 18:43:24.682186,2022-09-14 18:43:24.688212,2022-09-14 18:53:30.653655,0:10:05.971411,20.0,16.1
2022-09-14 18:43:24.656310,2022-09-14 18:43:24.662770,2022-09-14 18:53:30.694398,0:10:06.038039,20.8,16.1
2022-09-14 18:43:24.687517,2022-09-14 18:43:24.689039,2022-09-14 18:53:30.699815,0:10:06.012250,40.0,16.1
2022-09-14 18:43:24.687978,2022-09-14 18:43:24.695098,2022-09-14 18:53:30.713611,0:10:06.025584,14.3,16.1
2022-09-14 18:43:24.693611,2022-09-14 18:43:24.695220,2022-09-14 18:53:30.721542,0:10:06.027883,33.3,16.1
2022-09-14 18:43:24.676587,2022-09-14 18:43:24.677710,2022-09-14 18:53:30.729662,0:10:06.053019,20.0,16.1
2022-09-14 18:43:24.714935,2022-09-14 18:43:24.721628,2022-09-14 18:53:30.777373,0:10:06.062390,20.7,16.1
2022-09-14 18:43:24.725993,2022-09-14 18:43:24.732055,2022-09-14 18:53:30.803159,0:10:06.077115,23.5,16.1
2022-09-14 18:43:24.720357,2022-09-14 18:43:24.732124,2022-09-14 18:53:30.811471,0:10:06.091063,25.0,16.1
2022-09-14 18:43:24.715107,2022-09-14 18:43:24.732167,2022-09-14 18:53:30.825300,0:10:06.110144,12.5,16.1
2022-09-14 18:43:24.747095,2022-09-14 18:43:24.748334,2022-09-14 18:53:30.835353,0:10:06.088209,16.7,16.1
2022-09-14 18:43:24.720535,2022-09-14 18:43:24.753960,2022-09-14 18:53:30.877146,0:10:06.156561,16.7,16.1
2022-09-14 18:43:24.759003,2022-09-14 18:43:24.765639,2022-09-14 18:53:30.887029,0:10:06.127977,28.6,16.1
2022-09-14 18:43:24.765188,2022-09-14 18:43:24.766207,2022-09-14 18:53:30.897111,0:10:06.131874,16.7,16.1
2022-09-14 18:43:24.758403,2022-09-14 18:43:24.765770,2022-09-14 18:53:30.933692,0:10:06.175240,18.2,16.1
2022-09-14 18:43:24.758725,2022-09-14 18:43:24.765808,2022-09-14 18:53:30.942333,0:10:06.183559,20.0,16.1
2022-09-14 18:43:24.787831,2022-09-14 18:43:24.788771,2022-09-14 18:53:30.997757,0:10:06.209875,18.2,16.1
2022-09-14 18:43:24.776733,2022-09-14 18:43:24.778055,2022-09-14 18:53:31.002999,0:10:06.226215,50.0,16.1
2022-09-14 18:43:24.776878,2022-09-14 18:43:24.783114,2022-09-14 18:53:31.011084,0:10:06.234156,0.0,16.1
2022-09-14 18:43:24.793485,2022-09-14 18:43:24.810412,2022-09-14 18:53:31.031391,0:10:06.237855,25.0,16.1
2022-09-14 18:43:24.809533,2022-09-14 18:43:24.815814,2022-09-14 18:53:31.041346,0:10:06.231764,16.7,16.1
2022-09-14 18:43:24.820787,2022-09-14 18:43:24.822165,2022-09-14 18:53:31.053625,0:10:06.232788,14.3,16.1
2022-09-14 18:43:24.820218,2022-09-14 18:43:24.821286,2022-09-14 18:53:31.061620,0:10:06.241354,33.3,16.1
2022-09-14 18:43:24.826608,2022-09-14 18:43:24.854835,2022-09-14 18:53:31.105561,0:10:06.278902,22.2,16.1
2022-09-14 18:43:24.853775,2022-09-14 18:43:24.855446,2022-09-14 18:53:31.126599,0:10:06.272774,16.7,16.1
2022-09-14 18:43:24.798822,2022-09-14 18:43:24.810327,2022-09-14 18:53:31.149775,0:10:06.350903,21.4,16.1
2022-09-14 18:43:24.871316,2022-09-14 18:43:24.886800,2022-09-14 18:53:31.187551,0:10:06.316185,20.8,16.1
2022-09-14 18:43:24.854453,2022-09-14 18:43:24.860664,2022-09-14 18:53:31.195829,0:10:06.341326,0.0,16.1
2022-09-14 18:43:24.842964,2022-09-14 18:43:24.871415,2022-09-14 18:53:31.210444,0:10:06.367431,22.2,16.1
2022-09-14 18:43:24.865149,2022-09-14 18:43:24.886522,2022-09-14 18:53:31.215651,0:10:06.350445,0.0,16.1
2022-09-14 18:43:24.886340,2022-09-14 18:43:24.887488,2022-09-14 18:53:31.225813,0:10:06.339423,16.7,16.1
2022-09-14 18:43:24.870651,2022-09-14 18:43:24.886724,2022-09-14 18:53:31.236578,0:10:06.365877,28.6,16.1
2022-09-14 18:43:24.854152,2022-09-14 18:43:24.871699,2022-09-14 18:53:31.241870,0:10:06.387670,0.0,16.1
2022-09-14 18:43:24.885558,2022-09-14 18:43:24.886522,2022-09-14 18:53:31.272430,0:10:06.386822,25.0,16.1
2022-09-14 18:43:24.892976,2022-09-14 18:43:24.899276,2022-09-14 18:53:31.334314,0:10:06.441288,16.7,16.1
2022-09-14 18:43:24.915054,2022-09-14 18:43:24.921882,2022-09-14 18:53:31.350449,0:10:06.435346,20.0,16.0
2022-09-14 18:43:24.915321,2022-09-14 18:43:24.921882,2022-09-14 18:53:31.373187,0:10:06.457816,21.4,16.0
2022-09-14 18:43:24.920719,2022-09-14 18:43:24.927620,2022-09-14 18:53:31.378537,0:10:06.457770,25.0,16.0
2022-09-14 18:43:24.926674,2022-09-14 18:43:24.948503,2022-09-14 18:53:31.389832,0:10:06.463110,28.6,16.0
2022-09-14 18:43:24.932021,2022-09-14 18:43:24.948941,2022-09-14 18:53:31.411280,0:10:06.479209,23.1,16.0
2022-09-14 18:43:24.920555,2022-09-14 18:43:24.922058,2022-09-14 18:53:31.416750,0:10:06.496146,0.0,16.0
2022-09-14 18:43:24.947740,2022-09-14 18:43:24.950103,2022-09-14 18:53:31.433325,0:10:06.485537,20.0,16.0
2022-09-14 18:43:24.947917,2022-09-14 18:43:24.949256,2022-09-14 18:53:31.438607,0:10:06.490642,33.3,16.0
2022-09-14 18:43:24.948972,2022-09-14 18:43:24.949899,2022-09-14 18:53:31.446796,0:10:06.497775,20.0,16.0
2022-09-14 18:43:24.961364,2022-09-14 18:43:24.967741,2022-09-14 18:53:31.482699,0:10:06.521286,19.0,16.1
2022-09-14 18:43:24.977457,2022-09-14 18:43:24.983974,2022-09-14 18:53:31.524753,0:10:06.547246,16.0,16.1
2022-09-14 18:43:24.994178,2022-09-14 18:43:24.995675,2022-09-14 18:53:31.561682,0:10:06.567448,21.7,16.1
2022-09-14 18:43:24.982936,2022-09-14 18:43:24.984168,2022-09-14 18:53:31.569955,0:10:06.586970,20.0,16.1
2022-09-14 18:43:24.994580,2022-09-14 18:43:24.995498,2022-09-14 18:53:31.583917,0:10:06.589289,25.0,16.1
2022-09-14 18:43:24.982775,2022-09-14 18:43:24.984168,2022-09-14 18:53:31.592017,0:10:06.609193,20.0,16.1
2022-09-14 18:43:24.988820,2022-09-14 18:43:24.994921,2022-09-14 18:53:31.602121,0:10:06.613252,16.7,16.1
2022-09-14 18:43:25.021694,2022-09-14 18:43:25.028047,2022-09-14 18:53:31.610271,0:10:06.588528,20.0,16.1
2022-09-14 18:43:25.010863,2022-09-14 18:43:25.022805,2022-09-14 18:53:31.640586,0:10:06.629667,26.3,16.1
2022-09-14 18:43:25.033114,2022-09-14 18:43:25.045106,2022-09-14 18:53:31.649028,0:10:06.615844,20.0,16.1
2022-09-14 18:43:25.055234,2022-09-14 18:43:25.057039,2022-09-14 18:53:31.708529,0:10:06.653226,21.6,16.1
2022-09-14 18:43:25.055465,2022-09-14 18:43:25.057157,2022-09-14 18:53:31.714168,0:10:06.658636,25.0,16.1
2022-09-14 18:43:25.044095,2022-09-14 18:43:25.057269,2022-09-14 18:53:31.728749,0:10:06.684588,22.2,16.1
2022-09-14 18:43:25.038750,2022-09-14 18:43:25.044912,2022-09-14 18:53:31.739092,0:10:06.700276,28.6,16.1
2022-09-14 18:43:25.057202,2022-09-14 18:43:25.058244,2022-09-14 18:53:31.751656,0:10:06.694382,16.7,16.1
2022-09-14 18:43:25.055700,2022-09-14 18:43:25.056713,2022-09-14 18:53:31.772145,0:10:06.716377,16.7,16.1
2022-09-14 18:43:25.055063,2022-09-14 18:43:25.058650,2022-09-14 18:53:31.794699,0:10:06.739563,21.4,16.1
2022-09-14 18:43:25.074182,2022-09-14 18:43:25.075586,2022-09-14 18:53:31.808872,0:10:06.734624,12.5,16.1
2022-09-14 18:43:25.085304,2022-09-14 18:43:25.086349,2022-09-14 18:53:31.827553,0:10:06.742181,18.2,16.1
2022-09-14 18:43:25.117830,2022-09-14 18:43:25.118845,2022-09-14 18:53:31.899397,0:10:06.781505,18.6,16.1
2022-09-14 18:43:25.123555,2022-09-14 18:43:25.135339,2022-09-14 18:53:31.919348,0:10:06.795736,18.2,16.1
2022-09-14 18:43:25.123352,2022-09-14 18:43:25.135134,2022-09-14 18:53:31.924841,0:10:06.801437,25.0,16.1
2022-09-14 18:43:25.117508,2022-09-14 18:43:25.135134,2022-09-14 18:53:31.938813,0:10:06.821254,25.0,16.1
2022-09-14 18:43:25.139895,2022-09-14 18:43:25.146407,2022-09-14 18:53:31.952275,0:10:06.812331,12.5,16.1
2022-09-14 18:43:25.145332,2022-09-14 18:43:25.152102,2022-09-14 18:53:31.971787,0:10:06.826404,18.2,16.1
2022-09-14 18:43:25.134132,2022-09-14 18:43:25.146407,2022-09-14 18:53:31.977178,0:10:06.842998,0.0,16.1
2022-09-14 18:43:25.112176,2022-09-14 18:43:25.146504,2022-09-14 18:53:31.985286,0:10:06.873060,33.3,16.1
2022-09-14 18:43:25.117673,2022-09-14 18:43:25.146699,2022-09-14 18:53:31.993496,0:10:06.875774,25.0,16.1
2022-09-14 18:43:25.151395,2022-09-14 18:43:25.174556,2022-09-14 18:53:32.017921,0:10:06.866473,20.0,16.1
2022-09-14 18:43:25.185094,2022-09-14 18:43:25.191764,2022-09-14 18:53:32.048181,0:10:06.863034,21.1,16.1
2022-09-14 18:43:25.184615,2022-09-14 18:43:25.191491,2022-09-14 18:53:32.056434,0:10:06.871767,0.0,16.1
2022-09-14 18:43:25.179206,2022-09-14 18:43:25.185941,2022-09-14 18:53:32.119278,0:10:06.940010,18.4,16.1
2022-09-14 18:43:25.196976,2022-09-14 18:43:25.203527,2022-09-14 18:53:32.124744,0:10:06.927715,25.0,16.1
2022-09-14 18:43:25.210712,2022-09-14 18:43:25.211699,2022-09-14 18:53:32.132903,0:10:06.922139,25.0,16.1
2022-09-14 18:43:25.190572,2022-09-14 18:43:25.203773,2022-09-14 18:53:32.149435,0:10:06.958810,20.0,16.1
2022-09-14 18:43:25.216607,2022-09-14 18:43:25.217780,2022-09-14 18:53:32.168358,0:10:06.951700,25.0,16.1
2022-09-14 18:43:25.202924,2022-09-14 18:43:25.211796,2022-09-14 18:53:32.173580,0:10:06.970606,0.0,16.1
2022-09-14 18:43:25.216298,2022-09-14 18:43:25.223918,2022-09-14 18:53:32.201545,0:10:06.985196,23.5,16.1
2022-09-14 18:43:25.197156,2022-09-14 18:43:25.211636,2022-09-14 18:53:32.238119,0:10:07.040901,21.7,16.1
2022-09-14 18:43:25.278420,2022-09-14 18:43:25.285033,2022-09-14 18:53:32.288517,0:10:07.010033,22.6,16.1
2022-09-14 18:43:25.249579,2022-09-14 18:43:25.257474,2022-09-14 18:53:32.298867,0:10:07.049229,16.7,16.1
2022-09-14 18:43:25.283892,2022-09-14 18:43:25.285283,2022-09-14 18:53:32.306899,0:10:07.022954,20.0,16.1
2022-09-14 18:43:25.272702,2022-09-14 18:43:25.279341,2022-09-14 18:53:32.315070,0:10:07.042319,20.0,16.1
2022-09-14 18:43:25.256224,2022-09-14 18:43:25.257242,2022-09-14 18:53:32.328916,0:10:07.072643,25.0,16.1
2022-09-14 18:43:25.255987,2022-09-14 18:43:25.257015,2022-09-14 18:53:32.341173,0:10:07.085132,25.0,16.1
2022-09-14 18:43:25.272332,2022-09-14 18:43:25.284927,2022-09-14 18:53:32.373175,0:10:07.100785,15.8,16.1
2022-09-14 18:43:25.284336,2022-09-14 18:43:25.302100,2022-09-14 18:53:32.387140,0:10:07.102749,33.3,16.1
2022-09-14 18:43:25.278270,2022-09-14 18:43:25.285374,2022-09-14 18:53:32.414455,0:10:07.136132,13.3,16.1
2022-09-14 18:43:25.261946,2022-09-14 18:43:25.273648,2022-09-14 18:53:32.427273,0:10:07.165275,14.3,16.1
2022-09-14 18:43:25.333835,2022-09-14 18:43:25.340794,2022-09-14 18:53:32.453488,0:10:07.119595,18.7,16.1
2022-09-14 18:43:25.333966,2022-09-14 18:43:25.340794,2022-09-14 18:53:32.463476,0:10:07.129459,16.7,16.1
2022-09-14 18:43:25.334117,2022-09-14 18:43:25.346736,2022-09-14 18:53:32.489942,0:10:07.155770,14.3,16.1
2022-09-14 18:43:25.339800,2022-09-14 18:43:25.340794,2022-09-14 18:53:32.503352,0:10:07.163491,36.4,16.1
2022-09-14 18:43:25.345514,2022-09-14 18:43:25.346825,2022-09-14 18:53:32.511802,0:10:07.166230,20.0,16.1
2022-09-14 18:43:25.317340,2022-09-14 18:43:25.318349,2022-09-14 18:53:32.517475,0:10:07.200083,0.0,16.1
2022-09-14 18:43:25.323102,2022-09-14 18:43:25.346639,2022-09-14 18:53:32.537422,0:10:07.214268,23.1,16.1
2022-09-14 18:43:25.311975,2022-09-14 18:43:25.353296,2022-09-14 18:53:32.559379,0:10:07.247352,23.1,16.1
2022-09-14 18:43:25.347068,2022-09-14 18:43:25.374838,2022-09-14 18:53:32.577345,0:10:07.230223,18.2,16.1
2022-09-14 18:43:25.404690,2022-09-14 18:43:25.406167,2022-09-14 18:53:32.623930,0:10:07.219183,20.7,16.1
2022-09-14 18:43:25.379540,2022-09-14 18:43:25.389559,2022-09-14 18:53:32.637908,0:10:07.258314,14.3,16.1
2022-09-14 18:43:25.404830,2022-09-14 18:43:25.406207,2022-09-14 18:53:32.653972,0:10:07.249086,20.0,16.1
2022-09-14 18:43:25.415823,2022-09-14 18:43:25.417784,2022-09-14 18:53:32.662146,0:10:07.246269,33.3,16.1
2022-09-14 18:43:25.405137,2022-09-14 18:43:25.406096,2022-09-14 18:53:32.676371,0:10:07.271182,30.0,16.1
2022-09-14 18:43:25.417182,2022-09-14 18:43:25.418319,2022-09-14 18:53:32.698823,0:10:07.281588,21.4,16.1
2022-09-14 18:43:25.345287,2022-09-14 18:43:25.364201,2022-09-14 18:53:32.707132,0:10:07.361794,0.0,16.1
2022-09-14 18:43:25.394138,2022-09-14 18:43:25.418659,2022-09-14 18:53:32.721369,0:10:07.327178,22.2,16.1
2022-09-14 18:43:25.416614,2022-09-14 18:43:25.424717,2022-09-14 18:53:32.753387,0:10:07.336718,20.0,16.1
2022-09-14 18:43:25.416055,2022-09-14 18:43:25.441403,2022-09-14 18:53:32.771665,0:10:07.355548,20.0,16.1
2022-09-14 18:43:25.416350,2022-09-14 18:43:25.424653,2022-09-14 18:53:32.789515,0:10:07.373114,18.2,16.1
2022-09-14 18:43:25.440141,2022-09-14 18:43:25.441198,2022-09-14 18:53:32.805576,0:10:07.365380,20.0,16.1
2022-09-14 18:43:25.457222,2022-09-14 18:43:25.463403,2022-09-14 18:53:32.860587,0:10:07.403306,20.6,16.1
2022-09-14 18:43:25.468027,2022-09-14 18:43:25.469580,2022-09-14 18:53:32.866188,0:10:07.398107,33.3,16.1
2022-09-14 18:43:25.468176,2022-09-14 18:43:25.488179,2022-09-14 18:53:32.889963,0:10:07.421733,25.0,16.1
2022-09-14 18:43:25.468596,2022-09-14 18:43:25.488637,2022-09-14 18:53:32.897965,0:10:07.429317,25.0,16.1
2022-09-14 18:43:25.481350,2022-09-14 18:43:25.488590,2022-09-14 18:53:32.905978,0:10:07.424577,20.0,16.1
2022-09-14 18:43:25.481206,2022-09-14 18:43:25.487965,2022-09-14 18:53:32.918185,0:10:07.436930,25.0,16.1
2022-09-14 18:43:25.481579,2022-09-14 18:43:25.482615,2022-09-14 18:53:32.934396,0:10:07.452764,27.3,16.1
2022-09-14 18:43:25.487233,2022-09-14 18:43:25.499660,2022-09-14 18:53:32.948261,0:10:07.460974,14.3,16.1
2022-09-14 18:43:25.544079,2022-09-14 18:43:25.545099,2022-09-14 18:53:32.994818,0:10:07.450675,17.9,16.1
2022-09-14 18:43:25.486957,2022-09-14 18:43:25.515839,2022-09-14 18:53:33.014851,0:10:07.527833,18.2,16.1
2022-09-14 18:43:25.543880,2022-09-14 18:43:25.545644,2022-09-14 18:53:33.049350,0:10:07.505412,19.0,16.1
2022-09-14 18:43:25.550451,2022-09-14 18:43:25.551352,2022-09-14 18:53:33.071580,0:10:07.521074,15.4,16.1
2022-09-14 18:43:25.544718,2022-09-14 18:43:25.551806,2022-09-14 18:53:33.079623,0:10:07.534853,20.0,16.1
2022-09-14 18:43:25.550946,2022-09-14 18:43:25.552145,2022-09-14 18:53:33.087820,0:10:07.536823,25.0,16.1
2022-09-14 18:43:25.509540,2022-09-14 18:43:25.522439,2022-09-14 18:53:33.095754,0:10:07.586166,20.0,16.1
2022-09-14 18:43:25.544463,2022-09-14 18:43:25.551533,2022-09-14 18:53:33.118257,0:10:07.573744,15.4,16.1
2022-09-14 18:43:25.533287,2022-09-14 18:43:25.552145,2022-09-14 18:53:33.130354,0:10:07.597016,25.0,16.1
2022-09-14 18:43:25.526813,2022-09-14 18:43:25.539450,2022-09-14 18:53:33.138335,0:10:07.611472,40.0,16.1
2022-09-14 18:43:25.551304,2022-09-14 18:43:25.579084,2022-09-14 18:53:33.190049,0:10:07.638695,18.7,16.1
2022-09-14 18:43:25.595219,2022-09-14 18:43:25.601261,2022-09-14 18:53:33.202784,0:10:07.607516,25.0,16.1
2022-09-14 18:43:25.578405,2022-09-14 18:43:25.579963,2022-09-14 18:53:33.208069,0:10:07.629616,0.0,16.1
2022-09-14 18:43:25.611301,2022-09-14 18:43:25.612255,2022-09-14 18:53:33.226161,0:10:07.614811,18.2,16.1
2022-09-14 18:43:25.628300,2022-09-14 18:43:25.629375,2022-09-14 18:53:33.271983,0:10:07.643632,18.5,16.1
2022-09-14 18:43:25.595072,2022-09-14 18:43:25.629694,2022-09-14 18:53:33.286270,0:10:07.691148,12.5,16.1
2022-09-14 18:43:25.634465,2022-09-14 18:43:25.646016,2022-09-14 18:53:33.298187,0:10:07.663673,37.5,16.1
2022-09-14 18:43:25.628431,2022-09-14 18:43:25.651424,2022-09-14 18:53:33.306324,0:10:07.677845,20.0,16.1
2022-09-14 18:43:25.605848,2022-09-14 18:43:25.606827,2022-09-14 18:53:33.316246,0:10:07.710347,28.6,16.1
2022-09-14 18:43:25.622705,2022-09-14 18:43:25.629663,2022-09-14 18:53:33.342298,0:10:07.719544,20.0,16.1
2022-09-14 18:43:25.622156,2022-09-14 18:43:25.640588,2022-09-14 18:53:33.356708,0:10:07.734502,22.2,16.1
2022-09-14 18:43:25.668143,2022-09-14 18:43:25.675098,2022-09-14 18:53:33.378911,0:10:07.710719,15.4,16.1
2022-09-14 18:43:25.651378,2022-09-14 18:43:25.663471,2022-09-14 18:53:33.386953,0:10:07.735526,20.0,16.1
2022-09-14 18:43:25.674494,2022-09-14 18:43:25.681177,2022-09-14 18:53:33.444568,0:10:07.770024,17.6,16.1
2022-09-14 18:43:25.696899,2022-09-14 18:43:25.698269,2022-09-14 18:53:33.455420,0:10:07.758473,28.6,16.1
2022-09-14 18:43:25.657431,2022-09-14 18:43:25.698013,2022-09-14 18:53:33.471320,0:10:07.813840,11.1,16.1
2022-09-14 18:43:25.673646,2022-09-14 18:43:25.674699,2022-09-14 18:53:33.481444,0:10:07.807749,20.0,16.1
2022-09-14 18:43:25.685805,2022-09-14 18:43:25.698060,2022-09-14 18:53:33.501545,0:10:07.815692,23.1,16.1
2022-09-14 18:43:25.713933,2022-09-14 18:43:25.714915,2022-09-14 18:53:33.509720,0:10:07.795739,20.0,16.1
2022-09-14 18:43:25.696253,2022-09-14 18:43:25.709042,2022-09-14 18:53:33.536279,0:10:07.839977,23.5,16.1
2022-09-14 18:43:25.697102,2022-09-14 18:43:25.698060,2022-09-14 18:53:33.541475,0:10:07.844325,0.0,16.1
2022-09-14 18:43:25.724986,2022-09-14 18:43:25.732029,2022-09-14 18:53:33.551661,0:10:07.826617,28.6,16.1
2022-09-14 18:43:25.730599,2022-09-14 18:43:25.737337,2022-09-14 18:53:33.587544,0:10:07.856896,19.0,16.1
2022-09-14 18:43:25.747090,2022-09-14 18:43:25.754340,2022-09-14 18:53:33.603581,0:10:07.856440,20.0,16.1
2022-09-14 18:43:25.747247,2022-09-14 18:43:25.753970,2022-09-14 18:53:33.620262,0:10:07.872966,20.0,16.1
2022-09-14 18:43:25.696408,2022-09-14 18:43:25.731505,2022-09-14 18:53:33.625439,0:10:07.928983,0.0,16.1
2022-09-14 18:43:25.759866,2022-09-14 18:43:25.761146,2022-09-14 18:53:33.643468,0:10:07.883553,25.0,16.1
2022-09-14 18:43:25.759400,2022-09-14 18:43:25.760828,2022-09-14 18:53:33.657376,0:10:07.897928,12.5,16.1
2022-09-14 18:43:25.752970,2022-09-14 18:43:25.759869,2022-09-14 18:53:33.683162,0:10:07.930144,20.0,16.1
2022-09-14 18:43:25.759197,2022-09-14 18:43:25.777466,2022-09-14 18:53:33.709716,0:10:07.950468,13.3,16.1
2022-09-14 18:43:25.765788,2022-09-14 18:43:25.788365,2022-09-14 18:53:33.743776,0:10:07.977936,27.3,16.1
2022-09-14 18:43:25.792942,2022-09-14 18:43:25.793912,2022-09-14 18:53:33.755798,0:10:07.962807,14.3,16.1
2022-09-14 18:43:25.812578,2022-09-14 18:43:25.828925,2022-09-14 18:53:33.767959,0:10:07.955333,14.3,16.1
2022-09-14 18:43:25.798536,2022-09-14 18:43:25.818769,2022-09-14 18:53:33.800364,0:10:08.001772,20.0,16.1
2022-09-14 18:43:25.776557,2022-09-14 18:43:25.799142,2022-09-14 18:53:33.820835,0:10:08.044219,18.2,16.1
2022-09-14 18:43:25.828270,2022-09-14 18:43:25.846363,2022-09-14 18:53:33.838873,0:10:08.010548,25.0,16.1
2022-09-14 18:43:25.839489,2022-09-14 18:43:25.846279,2022-09-14 18:53:33.864569,0:10:08.025022,14.3,16.1
2022-09-14 18:43:25.828782,2022-09-14 18:43:25.846279,2022-09-14 18:53:33.870053,0:10:08.041220,25.0,16.1
2022-09-14 18:43:25.828454,2022-09-14 18:43:25.846363,2022-09-14 18:53:33.884969,0:10:08.056466,22.2,16.1
2022-09-14 18:43:25.862130,2022-09-14 18:43:25.863656,2022-09-14 18:53:33.908978,0:10:08.046798,18.7,16.1
2022-09-14 18:43:25.861684,2022-09-14 18:43:25.863967,2022-09-14 18:53:33.933652,0:10:08.071910,20.0,16.1
2022-09-14 18:43:25.839321,2022-09-14 18:43:25.851913,2022-09-14 18:53:33.941204,0:10:08.101832,25.0,16.1
2022-09-14 18:43:25.868610,2022-09-14 18:43:25.880894,2022-09-14 18:53:33.949246,0:10:08.080588,33.3,16.1
2022-09-14 18:43:25.828124,2022-09-14 18:43:25.869383,2022-09-14 18:53:33.965361,0:10:08.137187,20.0,16.1
2022-09-14 18:43:25.891085,2022-09-14 18:43:25.892028,2022-09-14 18:53:34.013353,0:10:08.122216,17.9,16.1
2022-09-14 18:43:25.901813,2022-09-14 18:43:25.904025,2022-09-14 18:53:34.033291,0:10:08.131427,25.0,16.1
2022-09-14 18:43:25.902056,2022-09-14 18:43:25.902984,2022-09-14 18:53:34.041457,0:10:08.139350,20.0,16.1
2022-09-14 18:43:25.902595,2022-09-14 18:43:25.904172,2022-09-14 18:53:34.054576,0:10:08.151931,22.2,16.1
2022-09-14 18:43:25.902897,2022-09-14 18:43:25.904107,2022-09-14 18:53:34.059951,0:10:08.157006,33.3,16.1
2022-09-14 18:43:25.902389,2022-09-14 18:43:25.904284,2022-09-14 18:53:34.091886,0:10:08.189449,15.8,16.1
2022-09-14 18:43:25.908965,2022-09-14 18:43:25.915326,2022-09-14 18:53:34.103329,0:10:08.194316,28.6,16.1
2022-09-14 18:43:25.931263,2022-09-14 18:43:25.932416,2022-09-14 18:53:34.139213,0:10:08.207899,19.0,16.1
2022-09-14 18:43:25.925582,2022-09-14 18:43:25.948498,2022-09-14 18:53:34.174002,0:10:08.248370,19.0,16.1
2022-09-14 18:43:25.942299,2022-09-14 18:43:25.965112,2022-09-14 18:53:34.181982,0:10:08.239634,20.0,16.1
2022-09-14 18:43:25.953146,2022-09-14 18:43:25.959242,2022-09-14 18:53:34.202057,0:10:08.248861,16.7,16.1
2022-09-14 18:43:25.964067,2022-09-14 18:43:25.976384,2022-09-14 18:53:34.216010,0:10:08.251893,33.3,16.1
2022-09-14 18:43:25.969999,2022-09-14 18:43:25.987766,2022-09-14 18:53:34.252814,0:10:08.282767,18.2,16.1
2022-09-14 18:43:25.963784,2022-09-14 18:43:25.964739,2022-09-14 18:53:34.258073,0:10:08.294240,25.0,16.1
2022-09-14 18:43:25.969810,2022-09-14 18:43:25.987817,2022-09-14 18:53:34.272209,0:10:08.302350,22.2,16.1
2022-09-14 18:43:25.993381,2022-09-14 18:43:25.994488,2022-09-14 18:53:34.285996,0:10:08.292565,14.3,16.1
2022-09-14 18:43:25.980694,2022-09-14 18:43:25.987577,2022-09-14 18:53:34.294427,0:10:08.313680,33.3,16.1
2022-09-14 18:43:25.981053,2022-09-14 18:43:26.000119,2022-09-14 18:53:34.319745,0:10:08.338641,20.0,16.1
2022-09-14 18:43:26.049057,2022-09-14 18:43:26.060899,2022-09-14 18:53:34.394323,0:10:08.345215,15.9,16.1
2022-09-14 18:43:25.993254,2022-09-14 18:43:25.994735,2022-09-14 18:53:34.402343,0:10:08.409039,33.3,16.1
2022-09-14 18:43:26.026474,2022-09-14 18:43:26.033111,2022-09-14 18:53:34.415669,0:10:08.389138,25.0,16.1
2022-09-14 18:43:26.043115,2022-09-14 18:43:26.049634,2022-09-14 18:53:34.432252,0:10:08.389088,11.1,16.1
2022-09-14 18:43:26.015713,2022-09-14 18:43:26.021978,2022-09-14 18:53:34.440283,0:10:08.424522,20.0,16.1
2022-09-14 18:43:26.031957,2022-09-14 18:43:26.038555,2022-09-14 18:53:34.450190,0:10:08.418185,20.0,16.1
2022-09-14 18:43:26.054341,2022-09-14 18:43:26.060941,2022-09-14 18:53:34.468180,0:10:08.413791,30.8,16.1
2022-09-14 18:43:26.048760,2022-09-14 18:43:26.060737,2022-09-14 18:53:34.481853,0:10:08.433045,12.5,16.1
2022-09-14 18:43:26.077108,2022-09-14 18:43:26.078487,2022-09-14 18:53:34.495985,0:10:08.418829,25.0,16.1
2022-09-14 18:43:26.054488,2022-09-14 18:43:26.072085,2022-09-14 18:53:34.513812,0:10:08.459276,18.2,16.1
2022-09-14 18:43:26.004701,2022-09-14 18:43:26.038294,2022-09-14 18:53:34.533546,0:10:08.528796,18.2,16.1
2022-09-14 18:43:26.088525,2022-09-14 18:43:26.090411,2022-09-14 18:53:34.553525,0:10:08.464951,23.1,16.1
2022-09-14 18:43:26.043252,2022-09-14 18:43:26.049992,2022-09-14 18:53:34.563387,0:10:08.520087,28.6,16.1
2022-09-14 18:43:26.070926,2022-09-14 18:43:26.096071,2022-09-14 18:53:34.601484,0:10:08.530509,18.2,16.1
2022-09-14 18:43:26.105968,2022-09-14 18:43:26.112721,2022-09-14 18:53:34.611303,0:10:08.505286,28.6,16.1
2022-09-14 18:43:26.117982,2022-09-14 18:43:26.119293,2022-09-14 18:53:34.625332,0:10:08.507301,12.5,16.1
2022-09-14 18:43:26.118175,2022-09-14 18:43:26.124649,2022-09-14 18:53:34.635148,0:10:08.516925,20.0,16.1
2022-09-14 18:43:26.111453,2022-09-14 18:43:26.112721,2022-09-14 18:53:34.643354,0:10:08.531853,20.0,16.1
2022-09-14 18:43:26.105755,2022-09-14 18:43:26.118821,2022-09-14 18:53:34.651342,0:10:08.545538,20.0,16.1
2022-09-14 18:43:26.112622,2022-09-14 18:43:26.147168,2022-09-14 18:53:34.701084,0:10:08.588412,20.0,16.1
2022-09-14 18:43:26.140797,2022-09-14 18:43:26.158265,2022-09-14 18:53:34.709080,0:10:08.568232,20.0,16.1
2022-09-14 18:43:26.157883,2022-09-14 18:43:26.159209,2022-09-14 18:53:34.739093,0:10:08.581159,16.7,16.1
2022-09-14 18:43:26.129311,2022-09-14 18:43:26.158032,2022-09-14 18:53:34.753128,0:10:08.623768,25.0,16.1
2022-09-14 18:43:26.151810,2022-09-14 18:43:26.158504,2022-09-14 18:53:34.763030,0:10:08.611172,16.7,16.1
2022-09-14 18:43:26.169078,2022-09-14 18:43:26.175390,2022-09-14 18:53:34.787123,0:10:08.617993,20.0,16.1
2022-09-14 18:43:26.191324,2022-09-14 18:43:26.192226,2022-09-14 18:53:34.801285,0:10:08.609912,14.3,16.1
2022-09-14 18:43:26.185978,2022-09-14 18:43:26.192226,2022-09-14 18:53:34.837259,0:10:08.651231,18.2,16.1
2022-09-14 18:43:26.185423,2022-09-14 18:43:26.198789,2022-09-14 18:53:34.855190,0:10:08.669717,27.3,16.1
2022-09-14 18:43:26.185794,2022-09-14 18:43:26.204323,2022-09-14 18:53:34.865062,0:10:08.679220,0.0,16.1
2022-09-14 18:43:26.219564,2022-09-14 18:43:26.226336,2022-09-14 18:53:34.887006,0:10:08.667394,21.4,16.1
2022-09-14 18:43:26.203312,2022-09-14 18:43:26.214899,2022-09-14 18:53:34.898942,0:10:08.695581,16.7,16.1
2022-09-14 18:43:26.174685,2022-09-14 18:43:26.175929,2022-09-14 18:53:34.916778,0:10:08.742045,18.2,16.1
2022-09-14 18:43:26.219725,2022-09-14 18:43:26.238154,2022-09-14 18:53:34.934744,0:10:08.714957,18.2,16.1
2022-09-14 18:43:26.174506,2022-09-14 18:43:26.193339,2022-09-14 18:53:34.976507,0:10:08.801951,16.7,16.1
2022-09-14 18:43:26.248916,2022-09-14 18:43:26.255595,2022-09-14 18:53:34.984430,0:10:08.735465,20.0,16.1
2022-09-14 18:43:26.231416,2022-09-14 18:43:26.244210,2022-09-14 18:53:35.002491,0:10:08.771026,18.2,16.1
2022-09-14 18:43:26.249164,2022-09-14 18:43:26.266065,2022-09-14 18:53:35.014689,0:10:08.765475,28.6,16.1
2022-09-14 18:43:26.236789,2022-09-14 18:43:26.238328,2022-09-14 18:53:35.034488,0:10:08.797649,16.7,16.1
2022-09-14 18:43:26.254559,2022-09-14 18:43:26.271659,2022-09-14 18:53:35.057936,0:10:08.803328,15.4,16.1
2022-09-14 18:43:26.237614,2022-09-14 18:43:26.265987,2022-09-14 18:53:35.074798,0:10:08.837134,27.3,16.1
2022-09-14 18:43:26.271316,2022-09-14 18:43:26.278113,2022-09-14 18:53:35.082856,0:10:08.811491,20.0,16.1
2022-09-14 18:43:26.293869,2022-09-14 18:43:26.295022,2022-09-14 18:53:35.123216,0:10:08.829297,16.7,16.1
2022-09-14 18:43:26.294402,2022-09-14 18:43:26.317225,2022-09-14 18:53:35.141266,0:10:08.846814,20.0,16.1
2022-09-14 18:43:26.282430,2022-09-14 18:43:26.289363,2022-09-14 18:53:35.151171,0:10:08.868692,16.7,16.1
2022-09-14 18:43:26.316245,2022-09-14 18:43:26.322344,2022-09-14 18:53:35.165303,0:10:08.849009,22.2,16.1
2022-09-14 18:43:26.315976,2022-09-14 18:43:26.322992,2022-09-14 18:53:35.181392,0:10:08.865367,20.0,16.1
2022-09-14 18:43:26.249028,2022-09-14 18:43:26.284018,2022-09-14 18:53:35.203385,0:10:08.954307,23.1,16.1
2022-09-14 18:43:26.305090,2022-09-14 18:43:26.323779,2022-09-14 18:53:35.215531,0:10:08.910391,14.3,16.1
2022-09-14 18:43:26.310536,2022-09-14 18:43:26.340898,2022-09-14 18:53:35.223504,0:10:08.912918,20.0,16.1
2022-09-14 18:43:26.310658,2022-09-14 18:43:26.322344,2022-09-14 18:53:35.231488,0:10:08.920781,20.0,16.1
2022-09-14 18:43:26.328583,2022-09-14 18:43:26.340847,2022-09-14 18:53:35.241520,0:10:08.912888,20.0,16.1
2022-09-14 18:43:26.346381,2022-09-14 18:43:26.352615,2022-09-14 18:53:35.297008,0:10:08.950577,15.6,16.1
2022-09-14 18:43:26.357142,2022-09-14 18:43:26.368631,2022-09-14 18:53:35.307237,0:10:08.950045,28.6,16.1
2022-09-14 18:43:26.334563,2022-09-14 18:43:26.352694,2022-09-14 18:53:35.327694,0:10:08.993080,16.7,16.1
2022-09-14 18:43:26.373456,2022-09-14 18:43:26.374425,2022-09-14 18:53:35.364126,0:10:08.990619,18.2,16.1
2022-09-14 18:43:26.362496,2022-09-14 18:43:26.375127,2022-09-14 18:53:35.372207,0:10:09.009663,20.0,16.1
2022-09-14 18:43:26.373879,2022-09-14 18:43:26.380834,2022-09-14 18:53:35.388040,0:10:09.014113,12.5,16.1
2022-09-14 18:43:26.379859,2022-09-14 18:43:26.381258,2022-09-14 18:53:35.406155,0:10:09.026247,18.2,16.1
2022-09-14 18:43:26.380303,2022-09-14 18:43:26.386699,2022-09-14 18:53:35.414095,0:10:09.033744,20.0,16.1
2022-09-14 18:43:26.367945,2022-09-14 18:43:26.375178,2022-09-14 18:53:35.451842,0:10:09.083847,25.0,16.1
2022-09-14 18:43:26.391816,2022-09-14 18:43:26.414542,2022-09-14 18:53:35.459834,0:10:09.067969,20.0,16.1
2022-09-14 18:43:26.419545,2022-09-14 18:43:26.420475,2022-09-14 18:53:35.467707,0:10:09.048113,0.0,16.1
2022-09-14 18:43:26.408008,2022-09-14 18:43:26.426504,2022-09-14 18:53:35.499023,0:10:09.090966,20.0,16.1
2022-09-14 18:43:26.407844,2022-09-14 18:43:26.425828,2022-09-14 18:53:35.520465,0:10:09.112571,16.7,16.1
2022-09-14 18:43:26.425582,2022-09-14 18:43:26.442782,2022-09-14 18:53:35.525680,0:10:09.100043,33.3,16.1
2022-09-14 18:43:26.436522,2022-09-14 18:43:26.437547,2022-09-14 18:53:35.569313,0:10:09.132741,18.5,16.1
2022-09-14 18:43:26.441886,2022-09-14 18:43:26.454553,2022-09-14 18:53:35.577495,0:10:09.135560,40.0,16.1
2022-09-14 18:43:26.453517,2022-09-14 18:43:26.465377,2022-09-14 18:53:35.589592,0:10:09.136026,14.3,16.1
2022-09-14 18:43:26.470770,2022-09-14 18:43:26.477218,2022-09-14 18:53:35.640383,0:10:09.169563,19.4,16.1
2022-09-14 18:43:26.430986,2022-09-14 18:43:26.454415,2022-09-14 18:53:35.645601,0:10:09.214566,33.3,16.1
2022-09-14 18:43:26.470967,2022-09-14 18:43:26.472089,2022-09-14 18:53:35.673779,0:10:09.202762,12.5,16.1
2022-09-14 18:43:26.442593,2022-09-14 18:43:26.454415,2022-09-14 18:53:35.685802,0:10:09.243161,33.3,16.1
2022-09-14 18:43:26.492530,2022-09-14 18:43:26.509710,2022-09-14 18:53:35.707823,0:10:09.215244,15.4,16.1
2022-09-14 18:43:26.492741,2022-09-14 18:43:26.493743,2022-09-14 18:53:35.717775,0:10:09.224985,20.0,16.1
2022-09-14 18:43:26.481762,2022-09-14 18:43:26.487843,2022-09-14 18:53:35.741781,0:10:09.259971,25.0,16.1
2022-09-14 18:43:26.498130,2022-09-14 18:43:26.522053,2022-09-14 18:53:35.755619,0:10:09.257440,30.0,16.1
2022-09-14 18:43:26.492391,2022-09-14 18:43:26.509789,2022-09-14 18:53:35.767577,0:10:09.275137,16.7,16.1
2022-09-14 18:43:26.508771,2022-09-14 18:43:26.510767,2022-09-14 18:53:35.790121,0:10:09.281301,15.4,16.1
2022-09-14 18:43:26.520159,2022-09-14 18:43:26.521485,2022-09-14 18:53:35.795546,0:10:09.275338,40.0,16.1
2022-09-14 18:43:26.509240,2022-09-14 18:43:26.522140,2022-09-14 18:53:35.816073,0:10:09.306785,16.7,16.0
2022-09-14 18:43:26.544202,2022-09-14 18:43:26.545341,2022-09-14 18:53:35.836094,0:10:09.291844,18.2,16.0
2022-09-14 18:43:26.555576,2022-09-14 18:43:26.567265,2022-09-14 18:53:35.858789,0:10:09.303139,21.4,16.1
2022-09-14 18:43:26.544800,2022-09-14 18:43:26.556768,2022-09-14 18:53:35.898510,0:10:09.353661,13.0,16.1
2022-09-14 18:43:26.555416,2022-09-14 18:43:26.573323,2022-09-14 18:53:35.906775,0:10:09.351308,40.0,16.1
2022-09-14 18:43:26.532438,2022-09-14 18:43:26.533486,2022-09-14 18:53:35.928669,0:10:09.396175,15.4,16.1
2022-09-14 18:43:26.566297,2022-09-14 18:43:26.573274,2022-09-14 18:53:35.936714,0:10:09.370369,0.0,16.1
2022-09-14 18:43:26.566696,2022-09-14 18:43:26.573609,2022-09-14 18:53:35.964631,0:10:09.397886,17.6,16.1
2022-09-14 18:43:26.578270,2022-09-14 18:43:26.579387,2022-09-14 18:53:35.972960,0:10:09.394643,25.0,16.1
2022-09-14 18:43:26.572649,2022-09-14 18:43:26.589959,2022-09-14 18:53:35.980848,0:10:09.408152,20.0,16.1
2022-09-14 18:43:26.597816,2022-09-14 18:43:26.599157,2022-09-14 18:53:36.010740,0:10:09.412861,22.2,16.1
2022-09-14 18:43:26.589079,2022-09-14 18:43:26.599168,2022-09-14 18:53:36.019024,0:10:09.429896,20.0,16.1
2022-09-14 18:43:26.609891,2022-09-14 18:43:26.610856,2022-09-14 18:53:36.063466,0:10:09.453525,15.4,16.1
2022-09-14 18:43:26.616454,2022-09-14 18:43:26.622637,2022-09-14 18:53:36.083486,0:10:09.466982,18.2,16.1
2022-09-14 18:43:26.638495,2022-09-14 18:43:26.649894,2022-09-14 18:53:36.113245,0:10:09.474701,16.7,16.1
2022-09-14 18:43:26.632380,2022-09-14 18:43:26.633453,2022-09-14 18:53:36.129743,0:10:09.497294,20.0,16.1
2022-09-14 18:43:26.638949,2022-09-14 18:43:26.661203,2022-09-14 18:53:36.137778,0:10:09.498782,33.3,16.1
2022-09-14 18:43:26.654244,2022-09-14 18:43:26.655664,2022-09-14 18:53:36.151826,0:10:09.497534,25.0,16.1
2022-09-14 18:43:26.626977,2022-09-14 18:43:26.633480,2022-09-14 18:53:36.165886,0:10:09.538860,12.5,16.1
2022-09-14 18:43:26.609492,2022-09-14 18:43:26.616773,2022-09-14 18:53:36.175803,0:10:09.566263,28.6,16.1
2022-09-14 18:43:26.660122,2022-09-14 18:43:26.667165,2022-09-14 18:53:36.199858,0:10:09.539687,15.4,16.1
2022-09-14 18:43:26.683183,2022-09-14 18:43:26.690172,2022-09-14 18:53:36.248290,0:10:09.565053,20.7,16.1
2022-09-14 18:43:26.672787,2022-09-14 18:43:26.695679,2022-09-14 18:53:36.256194,0:10:09.583355,20.0,16.1
2022-09-14 18:43:26.654433,2022-09-14 18:43:26.666804,2022-09-14 18:53:36.280400,0:10:09.625915,21.4,16.1
2022-09-14 18:43:26.694627,2022-09-14 18:43:26.700948,2022-09-14 18:53:36.290840,0:10:09.596160,16.7,16.1
2022-09-14 18:43:26.672632,2022-09-14 18:43:26.684298,2022-09-14 18:53:36.312565,0:10:09.639882,23.1,16.1
2022-09-14 18:43:26.700081,2022-09-14 18:43:26.706541,2022-09-14 18:53:36.329569,0:10:09.629437,10.0,16.1
2022-09-14 18:43:26.689154,2022-09-14 18:43:26.701122,2022-09-14 18:53:36.347900,0:10:09.658695,27.3,16.1
2022-09-14 18:43:26.727778,2022-09-14 18:43:26.734327,2022-09-14 18:53:36.355957,0:10:09.628131,20.0,16.1
2022-09-14 18:43:26.706170,2022-09-14 18:43:26.707075,2022-09-14 18:53:36.369433,0:10:09.663212,22.2,16.1
2022-09-14 18:43:26.733662,2022-09-14 18:43:26.734779,2022-09-14 18:53:36.384272,0:10:09.650561,22.2,16.1
2022-09-14 18:43:26.756907,2022-09-14 18:43:26.763116,2022-09-14 18:53:36.424024,0:10:09.667067,17.4,16.1
2022-09-14 18:43:26.733835,2022-09-14 18:43:26.746060,2022-09-14 18:53:36.435095,0:10:09.701210,16.7,16.1
2022-09-14 18:43:26.722112,2022-09-14 18:43:26.734005,2022-09-14 18:53:36.440395,0:10:09.718234,25.0,16.1
2022-09-14 18:43:26.751508,2022-09-14 18:43:26.763117,2022-09-14 18:53:36.456426,0:10:09.704869,11.1,16.1
2022-09-14 18:43:26.751225,2022-09-14 18:43:26.752141,2022-09-14 18:53:36.484523,0:10:09.733249,23.5,16.1
2022-09-14 18:43:26.767876,2022-09-14 18:43:26.779624,2022-09-14 18:53:36.496698,0:10:09.728773,14.3,16.1
2022-09-14 18:43:26.795154,2022-09-14 18:43:26.807825,2022-09-14 18:53:36.526571,0:10:09.731368,16.7,16.1
2022-09-14 18:43:26.778573,2022-09-14 18:43:26.790359,2022-09-14 18:53:36.554429,0:10:09.775808,18.7,16.1
2022-09-14 18:43:26.784119,2022-09-14 18:43:26.790360,2022-09-14 18:53:36.570553,0:10:09.786384,20.0,16.1
2022-09-14 18:43:26.812996,2022-09-14 18:43:26.813943,2022-09-14 18:53:36.578778,0:10:09.765701,20.0,16.1
2022-09-14 18:43:26.794796,2022-09-14 18:43:26.808136,2022-09-14 18:53:36.589083,0:10:09.794238,16.7,16.1
2022-09-14 18:43:26.800490,2022-09-14 18:43:26.808250,2022-09-14 18:53:36.620848,0:10:09.820308,16.7,16.1
2022-09-14 18:43:26.806752,2022-09-14 18:43:26.813796,2022-09-14 18:53:36.630911,0:10:09.824111,28.6,16.1
2022-09-14 18:43:26.813387,2022-09-14 18:43:26.820951,2022-09-14 18:53:36.642966,0:10:09.829531,14.3,16.1
2022-09-14 18:43:26.842377,2022-09-14 18:43:26.853824,2022-09-14 18:53:36.698546,0:10:09.856118,15.6,16.1
2022-09-14 18:43:26.819055,2022-09-14 18:43:26.821067,2022-09-14 18:53:36.708652,0:10:09.889541,28.6,16.1
2022-09-14 18:43:26.869692,2022-09-14 18:43:26.870741,2022-09-14 18:53:36.728379,0:10:09.858639,16.7,16.1
2022-09-14 18:43:26.858357,2022-09-14 18:43:26.865214,2022-09-14 18:53:36.754507,0:10:09.896101,13.3,16.1
2022-09-14 18:43:26.831325,2022-09-14 18:43:26.853737,2022-09-14 18:53:36.765136,0:10:09.933763,16.7,16.1
2022-09-14 18:43:26.869882,2022-09-14 18:43:26.881845,2022-09-14 18:53:36.770354,0:10:09.900424,33.3,16.1
2022-09-14 18:43:26.858567,2022-09-14 18:43:26.859768,2022-09-14 18:53:36.788657,0:10:09.930034,30.8,16.1
2022-09-14 18:43:26.875348,2022-09-14 18:43:26.881888,2022-09-14 18:53:36.802017,0:10:09.926618,14.3,16.1
2022-09-14 18:43:26.880998,2022-09-14 18:43:26.892736,2022-09-14 18:53:36.814924,0:10:09.933876,25.0,16.1
2022-09-14 18:43:26.903187,2022-09-14 18:43:26.904368,2022-09-14 18:53:36.831576,0:10:09.928339,20.0,16.1
2022-09-14 18:43:26.903046,2022-09-14 18:43:26.931504,2022-09-14 18:53:36.873512,0:10:09.970415,16.0,16.1
2022-09-14 18:43:26.903675,2022-09-14 18:43:26.926266,2022-09-14 18:53:36.889545,0:10:09.985821,20.0,16.1
2022-09-14 18:43:26.897691,2022-09-14 18:43:26.920568,2022-09-14 18:53:36.908915,0:10:10.011174,18.2,16.1
2022-09-14 18:43:26.919471,2022-09-14 18:43:26.926266,2022-09-14 18:53:36.931498,0:10:10.011977,21.4,16.1
2022-09-14 18:43:26.937579,2022-09-14 18:43:26.938666,2022-09-14 18:53:36.949395,0:10:10.011767,20.0,16.1
2022-09-14 18:43:26.943458,2022-09-14 18:43:26.944365,2022-09-14 18:53:36.957335,0:10:10.013828,20.0,16.1
2022-09-14 18:43:26.936742,2022-09-14 18:43:26.938238,2022-09-14 18:53:36.969895,0:10:10.033104,25.0,16.1
2022-09-14 18:43:26.943824,2022-09-14 18:43:26.950082,2022-09-14 18:53:36.975095,0:10:10.031223,25.0,16.1
2022-09-14 18:43:26.930917,2022-09-14 18:43:26.932002,2022-09-14 18:53:36.999144,0:10:10.068178,15.4,16.1
2022-09-14 18:43:26.971751,2022-09-14 18:43:26.972942,2022-09-14 18:53:37.020873,0:10:10.049072,15.4,16.1
2022-09-14 18:43:26.965977,2022-09-14 18:43:26.983838,2022-09-14 18:53:37.049711,0:10:10.083683,17.6,16.1
2022-09-14 18:43:26.960571,2022-09-14 18:43:26.984102,2022-09-14 18:53:37.059732,0:10:10.099112,33.3,16.1
2022-09-14 18:43:26.965826,2022-09-14 18:43:26.984052,2022-09-14 18:53:37.078572,0:10:10.112696,18.2,16.1
2022-09-14 18:43:26.982981,2022-09-14 18:43:26.984268,2022-09-14 18:53:37.109322,0:10:10.126289,16.7,16.1
2022-09-14 18:43:26.996382,2022-09-14 18:43:27.008240,2022-09-14 18:53:37.140923,0:10:10.144490,20.0,16.1
2022-09-14 18:43:27.018258,2022-09-14 18:43:27.024624,2022-09-14 18:53:37.164975,0:10:10.146666,21.4,16.1
2022-09-14 18:43:27.007498,2022-09-14 18:43:27.018785,2022-09-14 18:53:37.179011,0:10:10.171463,30.0,16.1
2022-09-14 18:43:27.029476,2022-09-14 18:43:27.030684,2022-09-14 18:53:37.200837,0:10:10.171312,15.4,16.1
2022-09-14 18:43:27.029093,2022-09-14 18:43:27.041519,2022-09-14 18:53:37.208725,0:10:10.179582,25.0,16.1
2022-09-14 18:43:27.007203,2022-09-14 18:43:27.036249,2022-09-14 18:53:37.216829,0:10:10.209577,20.0,16.1
2022-09-14 18:43:27.001877,2022-09-14 18:43:27.018785,2022-09-14 18:53:37.245023,0:10:10.243097,12.5,16.1
2022-09-14 18:43:27.035126,2022-09-14 18:43:27.079353,2022-09-14 18:53:37.293278,0:10:10.258101,20.7,16.1
2022-09-14 18:43:27.040552,2022-09-14 18:43:27.047181,2022-09-14 18:53:37.320041,0:10:10.279436,23.5,16.1
2022-09-14 18:43:27.046134,2022-09-14 18:43:27.085508,2022-09-14 18:53:37.325467,0:10:10.279284,0.0,16.1
2022-09-14 18:43:27.079157,2022-09-14 18:43:27.090890,2022-09-14 18:53:37.333550,0:10:10.254344,25.0,16.1
2022-09-14 18:43:27.090676,2022-09-14 18:43:27.091613,2022-09-14 18:53:37.353665,0:10:10.262932,23.1,16.1
2022-09-14 18:43:27.072934,2022-09-14 18:43:27.079266,2022-09-14 18:53:37.361550,0:10:10.288568,20.0,16.1
2022-09-14 18:43:27.072654,2022-09-14 18:43:27.085382,2022-09-14 18:53:37.387802,0:10:10.315099,25.0,16.1
2022-09-14 18:43:27.113585,2022-09-14 18:43:27.114525,2022-09-14 18:53:37.404543,0:10:10.290909,10.0,16.1
2022-09-14 18:43:27.090199,2022-09-14 18:43:27.092145,2022-09-14 18:53:37.425154,0:10:10.334906,18.2,16.1
2022-09-14 18:43:27.097023,2022-09-14 18:43:27.103414,2022-09-14 18:53:37.433352,0:10:10.336280,33.3,16.1
2022-09-14 18:43:27.090500,2022-09-14 18:43:27.092365,2022-09-14 18:53:37.452162,0:10:10.361613,18.2,16.1
2022-09-14 18:43:27.102325,2022-09-14 18:43:27.103414,2022-09-14 18:53:37.457419,0:10:10.355046,25.0,16.1
2022-09-14 18:43:27.078740,2022-09-14 18:43:27.120769,2022-09-14 18:53:37.471270,0:10:10.392482,25.0,16.1
2022-09-14 18:43:27.136450,2022-09-14 18:43:27.154164,2022-09-14 18:53:37.543045,0:10:10.406539,16.7,16.1
2022-09-14 18:43:27.153536,2022-09-14 18:43:27.154540,2022-09-14 18:53:37.553663,0:10:10.400065,14.3,16.1
2022-09-14 18:43:27.146968,2022-09-14 18:43:27.148037,2022-09-14 18:53:37.577249,0:10:10.430227,21.4,16.1
2022-09-14 18:43:27.165660,2022-09-14 18:43:27.171798,2022-09-14 18:53:37.607271,0:10:10.441554,22.2,16.1
2022-09-14 18:43:27.165482,2022-09-14 18:43:27.172012,2022-09-14 18:53:37.619695,0:10:10.454160,14.3,16.1
2022-09-14 18:43:27.152605,2022-09-14 18:43:27.154031,2022-09-14 18:53:37.632980,0:10:10.480320,12.5,16.1
2022-09-14 18:43:27.176645,2022-09-14 18:43:27.178045,2022-09-14 18:53:37.638580,0:10:10.461883,33.3,16.1
2022-09-14 18:43:27.153002,2022-09-14 18:43:27.155123,2022-09-14 18:53:37.651876,0:10:10.498822,22.2,16.1
2022-09-14 18:43:27.152448,2022-09-14 18:43:27.154886,2022-09-14 18:53:37.657713,0:10:10.505204,33.3,16.1
2022-09-14 18:43:27.153158,2022-09-14 18:43:27.171798,2022-09-14 18:53:37.674133,0:10:10.520926,20.0,16.1
2022-09-14 18:43:27.212282,2022-09-14 18:43:27.230259,2022-09-14 18:53:37.762032,0:10:10.549693,18.9,16.1
2022-09-14 18:43:27.217725,2022-09-14 18:43:27.223931,2022-09-14 18:53:37.770543,0:10:10.552761,20.0,16.1
2022-09-14 18:43:27.207020,2022-09-14 18:43:27.223931,2022-09-14 18:53:37.776173,0:10:10.569101,0.0,16.1
2022-09-14 18:43:27.223370,2022-09-14 18:43:27.230144,2022-09-14 18:53:37.795252,0:10:10.571828,25.0,16.1
2022-09-14 18:43:27.217548,2022-09-14 18:43:27.224052,2022-09-14 18:53:37.803768,0:10:10.586167,0.0,16.1
2022-09-14 18:43:27.234715,2022-09-14 18:43:27.235926,2022-09-14 18:53:37.818833,0:10:10.584064,22.2,16.1
2022-09-14 18:43:27.223609,2022-09-14 18:43:27.230181,2022-09-14 18:53:37.829470,0:10:10.605809,16.7,16.1
2022-09-14 18:43:27.240576,2022-09-14 18:43:27.241803,2022-09-14 18:53:37.837896,0:10:10.597270,20.0,16.1
2022-09-14 18:43:27.229009,2022-09-14 18:43:27.230144,2022-09-14 18:53:37.873898,0:10:10.644833,18.2,16.1
2022-09-14 18:43:27.257277,2022-09-14 18:43:27.258479,2022-09-14 18:53:37.891049,0:10:10.633718,20.0,16.1
2022-09-14 18:43:27.285016,2022-09-14 18:43:27.286112,2022-09-14 18:53:37.912021,0:10:10.626954,16.7,16.1
2022-09-14 18:43:27.273655,2022-09-14 18:43:27.291697,2022-09-14 18:53:37.961633,0:10:10.687922,17.2,16.1
2022-09-14 18:43:27.279200,2022-09-14 18:43:27.297412,2022-09-14 18:53:37.976926,0:10:10.697670,30.0,16.1
2022-09-14 18:43:27.290755,2022-09-14 18:43:27.298206,2022-09-14 18:53:37.982350,0:10:10.691545,25.0,16.1
2022-09-14 18:43:27.284824,2022-09-14 18:43:27.297740,2022-09-14 18:53:38.001465,0:10:10.716587,25.0,16.1
2022-09-14 18:43:27.296364,2022-09-14 18:43:27.297669,2022-09-14 18:53:38.033782,0:10:10.737360,21.1,16.1
2022-09-14 18:43:27.279351,2022-09-14 18:43:27.280438,2022-09-14 18:53:38.039267,0:10:10.759861,25.0,16.1
2022-09-14 18:43:27.303558,2022-09-14 18:43:27.320926,2022-09-14 18:53:38.047509,0:10:10.743899,20.0,16.1
2022-09-14 18:43:27.298056,2022-09-14 18:43:27.309828,2022-09-14 18:53:38.056002,0:10:10.757894,20.0,16.1
2022-09-14 18:43:27.325790,2022-09-14 18:43:27.342793,2022-09-14 18:53:38.109744,0:10:10.783897,16.1,16.1
2022-09-14 18:43:27.342469,2022-09-14 18:43:27.343487,2022-09-14 18:53:38.129958,0:10:10.787437,23.1,16.1
2022-09-14 18:43:27.336651,2022-09-14 18:43:27.348990,2022-09-14 18:53:38.162762,0:10:10.826038,20.0,16.1
2022-09-14 18:43:27.342167,2022-09-14 18:43:27.348990,2022-09-14 18:53:38.175310,0:10:10.833090,14.3,16.1
2022-09-14 18:43:27.348307,2022-09-14 18:43:27.349437,2022-09-14 18:53:38.188591,0:10:10.840234,14.3,16.1
2022-09-14 18:43:27.354093,2022-09-14 18:43:27.360172,2022-09-14 18:53:38.194219,0:10:10.840077,25.0,16.1
2022-09-14 18:43:27.365325,2022-09-14 18:43:27.382296,2022-09-14 18:53:38.208613,0:10:10.843239,25.0,16.1
2022-09-14 18:43:27.359864,2022-09-14 18:43:27.399134,2022-09-14 18:53:38.264001,0:10:10.904079,15.6,16.1
2022-09-14 18:43:27.359451,2022-09-14 18:43:27.387810,2022-09-14 18:53:38.280288,0:10:10.920785,20.0,16.1
2022-09-14 18:43:27.397422,2022-09-14 18:43:27.404322,2022-09-14 18:53:38.292545,0:10:10.895072,14.3,16.1
2022-09-14 18:43:27.404227,2022-09-14 18:43:27.410761,2022-09-14 18:53:38.307089,0:10:10.902811,22.2,16.1
2022-09-14 18:43:27.386810,2022-09-14 18:43:27.398653,2022-09-14 18:53:38.315421,0:10:10.928562,0.0,16.1
2022-09-14 18:43:27.403657,2022-09-14 18:43:27.410982,2022-09-14 18:53:38.328753,0:10:10.925043,25.0,16.1
2022-09-14 18:43:27.398167,2022-09-14 18:43:27.405357,2022-09-14 18:53:38.334177,0:10:10.935961,0.0,16.1
2022-09-14 18:43:27.417005,2022-09-14 18:43:27.423784,2022-09-14 18:53:38.358743,0:10:10.941674,25.0,16.1
2022-09-14 18:43:27.410541,2022-09-14 18:43:27.411460,2022-09-14 18:53:38.379103,0:10:10.968508,16.7,16.1
2022-09-14 18:43:27.422661,2022-09-14 18:43:27.423558,2022-09-14 18:53:38.405914,0:10:10.983198,14.3,16.1
2022-09-14 18:43:27.428443,2022-09-14 18:43:27.434831,2022-09-14 18:53:38.418155,0:10:10.989661,25.0,16.1
2022-09-14 18:43:27.428599,2022-09-14 18:43:27.440305,2022-09-14 18:53:38.432292,0:10:11.003643,22.2,16.1
2022-09-14 18:43:27.480358,2022-09-14 18:43:27.486798,2022-09-14 18:53:38.487423,0:10:11.007008,18.2,16.1
2022-09-14 18:43:27.458071,2022-09-14 18:43:27.475515,2022-09-14 18:53:38.522465,0:10:11.064339,15.0,16.1
2022-09-14 18:43:27.486193,2022-09-14 18:43:27.487187,2022-09-14 18:53:38.539785,0:10:11.053540,20.0,16.1
2022-09-14 18:43:27.469187,2022-09-14 18:43:27.475269,2022-09-14 18:53:38.552973,0:10:11.083735,12.5,16.1
2022-09-14 18:43:27.503007,2022-09-14 18:43:27.509851,2022-09-14 18:53:38.564968,0:10:11.061910,28.6,16.1
2022-09-14 18:43:27.468993,2022-09-14 18:43:27.492686,2022-09-14 18:53:38.573325,0:10:11.104281,20.0,16.1
2022-09-14 18:43:27.452219,2022-09-14 18:43:27.503352,2022-09-14 18:53:38.587961,0:10:11.135691,22.2,16.1
2022-09-14 18:43:27.502657,2022-09-14 18:43:27.503676,2022-09-14 18:53:38.600148,0:10:11.097441,14.3,16.1
2022-09-14 18:43:27.514548,2022-09-14 18:43:27.521255,2022-09-14 18:53:38.629971,0:10:11.115369,16.7,16.1
2022-09-14 18:43:27.525799,2022-09-14 18:43:27.527119,2022-09-14 18:53:38.641358,0:10:11.115508,28.6,16.1
2022-09-14 18:43:27.486017,2022-09-14 18:43:27.503889,2022-09-14 18:53:38.661706,0:10:11.175639,23.1,16.1
2022-09-14 18:43:27.534516,2022-09-14 18:43:27.546280,2022-09-14 18:53:38.688434,0:10:11.153867,23.5,16.1
2022-09-14 18:43:27.534327,2022-09-14 18:43:27.540864,2022-09-14 18:53:38.696997,0:10:11.162618,20.0,16.1
2022-09-14 18:43:27.550765,2022-09-14 18:43:27.552226,2022-09-14 18:53:38.709516,0:10:11.158701,25.0,16.1
2022-09-14 18:43:27.545254,2022-09-14 18:43:27.552282,2022-09-14 18:53:38.721777,0:10:11.176473,16.7,16.1
2022-09-14 18:43:27.475042,2022-09-14 18:43:27.481563,2022-09-14 18:53:38.750698,0:10:11.275601,21.1,16.1
2022-09-14 18:43:27.539822,2022-09-14 18:43:27.590600,2022-09-14 18:53:38.796140,0:10:11.256264,18.5,16.1
2022-09-14 18:43:27.568937,2022-09-14 18:43:27.575200,2022-09-14 18:53:38.804476,0:10:11.235490,25.0,16.1
2022-09-14 18:43:27.568697,2022-09-14 18:43:27.574982,2022-09-14 18:53:38.833828,0:10:11.265080,16.7,16.1
2022-09-14 18:43:27.556861,2022-09-14 18:43:27.575076,2022-09-14 18:53:38.839388,0:10:11.282473,33.3,16.1
2022-09-14 18:43:27.595704,2022-09-14 18:43:27.597466,2022-09-14 18:53:38.849612,0:10:11.253859,16.7,16.1
2022-09-14 18:43:27.596536,2022-09-14 18:43:27.597617,2022-09-14 18:53:38.872030,0:10:11.275440,21.4,16.1
2022-09-14 18:43:27.590085,2022-09-14 18:43:27.596524,2022-09-14 18:53:38.880357,0:10:11.290224,0.0,16.1
2022-09-14 18:43:27.589894,2022-09-14 18:43:27.603884,2022-09-14 18:53:38.890729,0:10:11.300773,28.6,16.1
2022-09-14 18:43:27.616530,2022-09-14 18:43:27.617706,2022-09-14 18:53:38.921265,0:10:11.304679,11.8,16.1
2022-09-14 18:43:27.627477,2022-09-14 18:43:27.629070,2022-09-14 18:53:38.943812,0:10:11.316279,23.1,16.1
2022-09-14 18:43:27.627889,2022-09-14 18:43:27.629517,2022-09-14 18:53:38.961845,0:10:11.333903,18.2,16.1
2022-09-14 18:43:27.628105,2022-09-14 18:43:27.629383,2022-09-14 18:53:38.970234,0:10:11.342076,20.0,16.1
2022-09-14 18:43:27.645439,2022-09-14 18:43:27.646614,2022-09-14 18:53:39.002771,0:10:11.357265,20.0,16.1
2022-09-14 18:43:27.640055,2022-09-14 18:43:27.652145,2022-09-14 18:53:39.011243,0:10:11.371137,20.0,16.1
2022-09-14 18:43:27.682108,2022-09-14 18:43:27.693280,2022-09-14 18:53:39.060593,0:10:11.378428,17.2,16.1
2022-09-14 18:43:27.651138,2022-09-14 18:43:27.673974,2022-09-14 18:53:39.070794,0:10:11.419601,28.6,16.1
2022-09-14 18:43:27.667562,2022-09-14 18:43:27.682771,2022-09-14 18:53:39.078983,0:10:11.411372,0.0,16.1
2022-09-14 18:43:27.681903,2022-09-14 18:43:27.699314,2022-09-14 18:53:39.095065,0:10:11.413109,27.3,16.1
2022-09-14 18:43:27.667144,2022-09-14 18:43:27.693280,2022-09-14 18:53:39.139913,0:10:11.472717,18.5,16.1
2022-09-14 18:43:27.692719,2022-09-14 18:43:27.704948,2022-09-14 18:53:39.147833,0:10:11.455064,20.0,16.1
2022-09-14 18:43:27.720708,2022-09-14 18:43:27.726818,2022-09-14 18:53:39.159894,0:10:11.439136,16.7,16.1
2022-09-14 18:43:27.720462,2022-09-14 18:43:27.726818,2022-09-14 18:53:39.187862,0:10:11.467349,17.6,16.1
2022-09-14 18:43:27.692574,2022-09-14 18:43:27.721117,2022-09-14 18:53:39.195967,0:10:11.503345,20.0,16.1
2022-09-14 18:43:27.709444,2022-09-14 18:43:27.721116,2022-09-14 18:53:39.210146,0:10:11.500653,12.5,16.1
2022-09-14 18:43:27.714823,2022-09-14 18:43:27.727919,2022-09-14 18:53:39.230143,0:10:11.515272,25.0,16.1
2022-09-14 18:43:27.754534,2022-09-14 18:43:27.755478,2022-09-14 18:53:39.265220,0:10:11.510631,22.7,16.1
2022-09-14 18:43:27.755083,2022-09-14 18:43:27.761342,2022-09-14 18:53:39.289499,0:10:11.534365,25.0,16.1
2022-09-14 18:43:27.749226,2022-09-14 18:43:27.761375,2022-09-14 18:53:39.324198,0:10:11.574911,20.0,16.1
2022-09-14 18:43:27.738120,2022-09-14 18:43:27.761836,2022-09-14 18:53:39.335371,0:10:11.597196,25.0,16.1
2022-09-14 18:43:27.732596,2022-09-14 18:43:27.761342,2022-09-14 18:53:39.345888,0:10:11.613236,0.0,16.1
2022-09-14 18:43:27.760935,2022-09-14 18:43:27.762386,2022-09-14 18:53:39.356520,0:10:11.595531,28.6,16.1
2022-09-14 18:43:27.777799,2022-09-14 18:43:27.789666,2022-09-14 18:53:39.373426,0:10:11.595574,20.0,16.1
2022-09-14 18:43:27.783174,2022-09-14 18:43:27.789776,2022-09-14 18:53:39.381626,0:10:11.598403,20.0,16.1
2022-09-14 18:43:27.772330,2022-09-14 18:43:27.789666,2022-09-14 18:53:39.391834,0:10:11.619455,16.7,16.1
2022-09-14 18:43:27.817068,2022-09-14 18:43:27.823804,2022-09-14 18:53:39.484472,0:10:11.667348,18.2,16.0
2022-09-14 18:43:27.789924,2022-09-14 18:43:27.791868,2022-09-14 18:53:39.489910,0:10:11.699933,0.0,16.0
2022-09-14 18:43:27.817255,2022-09-14 18:43:27.840057,2022-09-14 18:53:39.500970,0:10:11.683664,25.0,16.0
2022-09-14 18:43:27.796345,2022-09-14 18:43:27.797463,2022-09-14 18:53:39.508996,0:10:11.712601,25.0,16.0
2022-09-14 18:43:27.822734,2022-09-14 18:43:27.840057,2022-09-14 18:53:39.533387,0:10:11.710603,20.0,16.0
2022-09-14 18:43:27.817380,2022-09-14 18:43:27.840338,2022-09-14 18:53:39.545455,0:10:11.728012,25.0,16.0
2022-09-14 18:43:27.850928,2022-09-14 18:43:27.857298,2022-09-14 18:53:39.589107,0:10:11.738128,22.2,16.1
2022-09-14 18:43:27.850209,2022-09-14 18:43:27.857298,2022-09-14 18:53:39.594341,0:10:11.744083,25.0,16.1
2022-09-14 18:43:27.839095,2022-09-14 18:43:27.839998,2022-09-14 18:53:39.599542,0:10:11.760399,33.3,16.1
2022-09-14 18:43:27.850350,2022-09-14 18:43:27.851590,2022-09-14 18:53:39.634676,0:10:11.784269,15.0,16.1
2022-09-14 18:43:27.856609,2022-09-14 18:43:27.873675,2022-09-14 18:53:39.645417,0:10:11.788759,28.6,16.1
2022-09-14 18:43:27.823068,2022-09-14 18:43:27.840427,2022-09-14 18:53:39.657654,0:10:11.834531,14.3,16.1
2022-09-14 18:43:27.900716,2022-09-14 18:43:27.902160,2022-09-14 18:53:39.676253,0:10:11.775488,25.0,16.1
2022-09-14 18:43:27.878522,2022-09-14 18:43:27.884642,2022-09-14 18:53:39.681672,0:10:11.803094,25.0,16.1
2022-09-14 18:43:27.878381,2022-09-14 18:43:27.895718,2022-09-14 18:53:39.713538,0:10:11.835109,21.1,16.1
2022-09-14 18:43:27.900468,2022-09-14 18:43:27.908286,2022-09-14 18:53:39.736477,0:10:11.835959,15.4,16.1
2022-09-14 18:43:27.900935,2022-09-14 18:43:27.902160,2022-09-14 18:53:39.741762,0:10:11.840780,25.0,16.1
2022-09-14 18:43:27.913031,2022-09-14 18:43:27.924862,2022-09-14 18:53:39.768224,0:10:11.855144,25.0,16.1
2022-09-14 18:43:27.884024,2022-09-14 18:43:27.924862,2022-09-14 18:53:39.788653,0:10:11.904571,16.7,16.1
2022-09-14 18:43:27.913185,2022-09-14 18:43:27.924862,2022-09-14 18:53:39.796900,0:10:11.883664,20.0,16.1
2022-09-14 18:43:27.923763,2022-09-14 18:43:27.941430,2022-09-14 18:53:39.804860,0:10:11.881047,20.0,16.1
2022-09-14 18:43:27.935228,2022-09-14 18:43:27.968909,2022-09-14 18:53:39.839235,0:10:11.903957,19.0,16.1
2022-09-14 18:43:27.940699,2022-09-14 18:43:27.963044,2022-09-14 18:53:39.865151,0:10:11.924404,20.0,16.1
2022-09-14 18:43:27.967785,2022-09-14 18:43:27.969036,2022-09-14 18:53:39.884035,0:10:11.916201,18.2,16.1
2022-09-14 18:43:27.946343,2022-09-14 18:43:27.969382,2022-09-14 18:53:39.889446,0:10:11.943052,25.0,16.1
2022-09-14 18:43:27.974863,2022-09-14 18:43:27.981344,2022-09-14 18:53:39.903592,0:10:11.928679,25.0,16.1
2022-09-14 18:43:27.968436,2022-09-14 18:43:27.975545,2022-09-14 18:53:39.933514,0:10:11.965028,16.7,16.1
2022-09-14 18:43:27.961984,2022-09-14 18:43:27.975204,2022-09-14 18:53:39.951452,0:10:11.989418,18.2,16.1
2022-09-14 18:43:27.992267,2022-09-14 18:43:27.993578,2022-09-14 18:53:39.961457,0:10:11.969141,16.7,16.1
2022-09-14 18:43:27.991823,2022-09-14 18:43:27.993636,2022-09-14 18:53:40.000403,0:10:12.008531,18.2,16.1
2022-09-14 18:43:28.008742,2022-09-14 18:43:28.015573,2022-09-14 18:53:40.005600,0:10:11.996809,25.0,16.1
2022-09-14 18:43:27.998085,2022-09-14 18:43:28.004154,2022-09-14 18:53:40.025572,0:10:12.027438,25.0,16.1
2022-09-14 18:43:27.992056,2022-09-14 18:43:27.993636,2022-09-14 18:53:40.041665,0:10:12.049553,20.0,16.1
2022-09-14 18:43:28.009450,2022-09-14 18:43:28.020964,2022-09-14 18:53:40.075415,0:10:12.065914,23.8,16.1
2022-09-14 18:43:28.030704,2022-09-14 18:43:28.031735,2022-09-14 18:53:40.087282,0:10:12.056530,14.3,16.1
2022-09-14 18:43:28.036261,2022-09-14 18:43:28.064380,2022-09-14 18:53:40.103395,0:10:12.067085,20.0,16.1
2022-09-14 18:43:28.036581,2022-09-14 18:43:28.048369,2022-09-14 18:53:40.122191,0:10:12.085561,10.0,16.1
2022-09-14 18:43:28.053133,2022-09-14 18:43:28.064379,2022-09-14 18:53:40.127421,0:10:12.074241,33.3,16.1
2022-09-14 18:43:28.069207,2022-09-14 18:43:28.092406,2022-09-14 18:53:40.179627,0:10:12.110369,18.7,16.1
2022-09-14 18:43:28.036416,2022-09-14 18:43:28.053879,2022-09-14 18:53:40.189556,0:10:12.153090,16.7,16.1
2022-09-14 18:43:28.052866,2022-09-14 18:43:28.098076,2022-09-14 18:53:40.208379,0:10:12.155464,18.2,16.1
2022-09-14 18:43:28.075130,2022-09-14 18:43:28.103735,2022-09-14 18:53:40.216353,0:10:12.141173,25.0,16.1
2022-09-14 18:43:28.069481,2022-09-14 18:43:28.098164,2022-09-14 18:53:40.221531,0:10:12.152002,0.0,16.1
2022-09-14 18:43:28.097229,2022-09-14 18:43:28.098280,2022-09-14 18:53:40.239340,0:10:12.142062,27.3,16.1
2022-09-14 18:43:28.086194,2022-09-14 18:43:28.097937,2022-09-14 18:53:40.249152,0:10:12.162910,0.0,16.1
2022-09-14 18:43:28.102757,2022-09-14 18:43:28.120621,2022-09-14 18:53:40.289233,0:10:12.186426,20.0,16.1
2022-09-14 18:43:28.119659,2022-09-14 18:43:28.126691,2022-09-14 18:53:40.311163,0:10:12.191454,21.4,16.1
2022-09-14 18:43:28.143145,2022-09-14 18:43:28.144103,2022-09-14 18:53:40.339384,0:10:12.196189,17.6,16.1
2022-09-14 18:43:28.102924,2022-09-14 18:43:28.114741,2022-09-14 18:53:40.356042,0:10:12.253068,20.0,16.1
2022-09-14 18:43:28.119508,2022-09-14 18:43:28.144302,2022-09-14 18:53:40.361247,0:10:12.241690,33.3,16.1
2022-09-14 18:43:28.142386,2022-09-14 18:43:28.144302,2022-09-14 18:53:40.375276,0:10:12.232841,22.2,16.1
2022-09-14 18:43:28.125679,2022-09-14 18:43:28.143670,2022-09-14 18:53:40.389504,0:10:12.263776,12.5,16.1
2022-09-14 18:43:28.131756,2022-09-14 18:43:28.143346,2022-09-14 18:53:40.401676,0:10:12.269863,25.0,16.1
2022-09-14 18:43:28.166452,2022-09-14 18:43:28.173226,2022-09-14 18:53:40.433592,0:10:12.267090,21.1,16.1
2022-09-14 18:43:28.149534,2022-09-14 18:43:28.173264,2022-09-14 18:53:40.441650,0:10:12.292059,33.3,16.1
2022-09-14 18:43:28.166585,2022-09-14 18:43:28.178727,2022-09-14 18:53:40.475484,0:10:12.308849,20.0,16.1
2022-09-14 18:43:28.172100,2022-09-14 18:43:28.206155,2022-09-14 18:53:40.517881,0:10:12.345730,16.0,16.1
2022-09-14 18:43:28.205505,2022-09-14 18:43:28.206841,2022-09-14 18:53:40.537969,0:10:12.332413,16.7,16.1
2022-09-14 18:43:28.199595,2022-09-14 18:43:28.212312,2022-09-14 18:53:40.560593,0:10:12.360945,21.4,16.1
2022-09-14 18:43:28.199719,2022-09-14 18:43:28.212360,2022-09-14 18:53:40.568508,0:10:12.368740,25.0,16.1
2022-09-14 18:43:28.205199,2022-09-14 18:43:28.206624,2022-09-14 18:53:40.576693,0:10:12.371434,20.0,16.1
2022-09-14 18:43:28.183600,2022-09-14 18:43:28.206184,2022-09-14 18:53:40.587010,0:10:12.403359,16.7,16.1
2022-09-14 18:43:28.205657,2022-09-14 18:43:28.212360,2022-09-14 18:53:40.605052,0:10:12.399347,18.2,16.1
2022-09-14 18:43:28.227771,2022-09-14 18:43:28.229272,2022-09-14 18:53:40.621089,0:10:12.393270,22.2,16.1
2022-09-14 18:43:28.240442,2022-09-14 18:43:28.241840,2022-09-14 18:53:40.638854,0:10:12.398364,18.2,16.1
2022-09-14 18:43:28.227902,2022-09-14 18:43:28.229187,2022-09-14 18:53:40.647015,0:10:12.419064,20.0,16.1
2022-09-14 18:43:28.217430,2022-09-14 18:43:28.218332,2022-09-14 18:53:40.658798,0:10:12.441320,14.3,16.1
2022-09-14 18:43:28.248817,2022-09-14 18:43:28.260191,2022-09-14 18:53:40.685106,0:10:12.436239,20.0,16.1
2022-09-14 18:43:28.265043,2022-09-14 18:43:28.292936,2022-09-14 18:53:40.755457,0:10:12.490360,18.6,16.1
2022-09-14 18:43:28.303053,2022-09-14 18:43:28.304172,2022-09-14 18:53:40.779728,0:10:12.476622,21.4,16.1
2022-09-14 18:43:28.275788,2022-09-14 18:43:28.282117,2022-09-14 18:53:40.787874,0:10:12.512036,0.0,16.1
2022-09-14 18:43:28.281316,2022-09-14 18:43:28.292937,2022-09-14 18:53:40.795901,0:10:12.514536,33.3,16.1
2022-09-14 18:43:28.275976,2022-09-14 18:43:28.304657,2022-09-14 18:53:40.805835,0:10:12.529811,0.0,16.1
2022-09-14 18:43:28.281657,2022-09-14 18:43:28.304137,2022-09-14 18:53:40.842392,0:10:12.560685,18.2,16.1
2022-09-14 18:43:28.303592,2022-09-14 18:43:28.305042,2022-09-14 18:53:40.850362,0:10:12.546720,40.0,16.1
2022-09-14 18:43:28.292243,2022-09-14 18:43:28.305720,2022-09-14 18:53:40.876339,0:10:12.584047,23.5,16.1
2022-09-14 18:43:28.321647,2022-09-14 18:43:28.327985,2022-09-14 18:53:40.884296,0:10:12.562601,0.0,16.1
2022-09-14 18:43:28.304683,2022-09-14 18:43:28.310922,2022-09-14 18:53:40.892254,0:10:12.587523,25.0,16.1
2022-09-14 18:43:28.341339,2022-09-14 18:43:28.342906,2022-09-14 18:53:40.942272,0:10:12.600882,16.7,16.1
2022-09-14 18:43:28.341097,2022-09-14 18:43:28.360142,2022-09-14 18:53:40.961542,0:10:12.620395,30.8,16.1
2022-09-14 18:43:28.335514,2022-09-14 18:43:28.336479,2022-09-14 18:53:40.975985,0:10:12.640421,22.2,16.1
2022-09-14 18:43:28.341612,2022-09-14 18:43:28.354674,2022-09-14 18:53:40.986127,0:10:12.644465,16.7,16.1
2022-09-14 18:43:28.375155,2022-09-14 18:43:28.376118,2022-09-14 18:53:40.994067,0:10:12.618864,25.0,16.1
2022-09-14 18:43:28.365088,2022-09-14 18:43:28.376230,2022-09-14 18:53:41.005984,0:10:12.640848,25.0,16.1
2022-09-14 18:43:28.353285,2022-09-14 18:43:28.354638,2022-09-14 18:53:41.038093,0:10:12.684758,20.0,16.1
2022-09-14 18:43:28.386596,2022-09-14 18:43:28.387885,2022-09-14 18:53:41.058972,0:10:12.672325,23.1,16.1
2022-09-14 18:43:28.342031,2022-09-14 18:43:28.360030,2022-09-14 18:53:41.064220,0:10:12.722140,0.0,16.1
2022-09-14 18:43:28.364820,2022-09-14 18:43:28.398775,2022-09-14 18:53:41.072249,0:10:12.707381,33.3,16.1
2022-09-14 18:43:28.397990,2022-09-14 18:43:28.398950,2022-09-14 18:53:41.090156,0:10:12.692117,10.0,16.1
2022-09-14 18:43:28.406476,2022-09-14 18:43:28.418797,2022-09-14 18:53:41.148929,0:10:12.742397,17.6,16.1
2022-09-14 18:43:28.423295,2022-09-14 18:43:28.424347,2022-09-14 18:53:41.156998,0:10:12.733652,33.3,16.1
2022-09-14 18:43:28.407457,2022-09-14 18:43:28.408445,2022-09-14 18:53:41.167285,0:10:12.759778,28.6,16.1
2022-09-14 18:43:28.407163,2022-09-14 18:43:28.418887,2022-09-14 18:53:41.191246,0:10:12.784033,15.4,16.1
2022-09-14 18:43:28.406619,2022-09-14 18:43:28.418797,2022-09-14 18:53:41.213130,0:10:12.806461,15.4,16.1
2022-09-14 18:43:28.444355,2022-09-14 18:43:28.458045,2022-09-14 18:53:41.223108,0:10:12.778703,28.6,16.1
2022-09-14 18:43:28.450345,2022-09-14 18:43:28.451461,2022-09-14 18:53:41.231201,0:10:12.780807,25.0,16.1
2022-09-14 18:43:28.428897,2022-09-14 18:43:28.450572,2022-09-14 18:53:41.251120,0:10:12.822174,16.7,16.1
2022-09-14 18:43:28.450953,2022-09-14 18:43:28.458045,2022-09-14 18:53:41.260882,0:10:12.809879,0.0,16.1
2022-09-14 18:43:28.469345,2022-09-14 18:43:28.475828,2022-09-14 18:53:41.302738,0:10:12.833312,20.0,16.1
2022-09-14 18:43:28.480556,2022-09-14 18:43:28.481619,2022-09-14 18:53:41.318733,0:10:12.838115,20.0,16.1
2022-09-14 18:43:28.469215,2022-09-14 18:43:28.475690,2022-09-14 18:53:41.329455,0:10:12.860192,16.7,16.1
2022-09-14 18:43:28.462756,2022-09-14 18:43:28.464482,2022-09-14 18:53:41.334635,0:10:12.871831,0.0,16.1
2022-09-14 18:43:28.474953,2022-09-14 18:43:28.481619,2022-09-14 18:53:41.350680,0:10:12.875671,20.0,16.1
2022-09-14 18:43:28.513650,2022-09-14 18:43:28.514568,2022-09-14 18:53:41.408648,0:10:12.894940,17.6,16.1
2022-09-14 18:43:28.503026,2022-09-14 18:43:28.529561,2022-09-14 18:53:41.422604,0:10:12.919528,12.5,16.1
2022-09-14 18:43:28.518954,2022-09-14 18:43:28.529810,2022-09-14 18:53:41.440656,0:10:12.921646,18.2,16.1
2022-09-14 18:43:28.528371,2022-09-14 18:43:28.529902,2022-09-14 18:53:41.448599,0:10:12.920180,25.0,16.1
2022-09-14 18:43:28.492520,2022-09-14 18:43:28.529704,2022-09-14 18:53:41.465443,0:10:12.972875,18.2,16.1
2022-09-14 18:43:28.528549,2022-09-14 18:43:28.529530,2022-09-14 18:53:41.470861,0:10:12.942264,33.3,16.1
2022-09-14 18:43:28.529890,2022-09-14 18:43:28.536355,2022-09-14 18:53:41.480790,0:10:12.950851,16.7,16.1
2022-09-14 18:43:28.568762,2022-09-14 18:43:28.569935,2022-09-14 18:53:41.536383,0:10:12.967571,18.2,16.1
2022-09-14 18:43:28.529715,2022-09-14 18:43:28.564144,2022-09-14 18:53:41.552677,0:10:13.022903,11.1,16.1
2022-09-14 18:43:28.580025,2022-09-14 18:43:28.597146,2022-09-14 18:53:41.597745,0:10:13.017669,18.5,16.1
2022-09-14 18:43:28.552466,2022-09-14 18:43:28.564278,2022-09-14 18:53:41.603037,0:10:13.050522,33.3,16.1
2022-09-14 18:43:28.557797,2022-09-14 18:43:28.558788,2022-09-14 18:53:41.610938,0:10:13.053093,20.0,16.1
2022-09-14 18:43:28.596529,2022-09-14 18:43:28.602564,2022-09-14 18:53:41.627116,0:10:13.030538,20.0,16.1
2022-09-14 18:43:28.580343,2022-09-14 18:43:28.597146,2022-09-14 18:53:41.636935,0:10:13.056543,20.0,16.1
2022-09-14 18:43:28.540983,2022-09-14 18:43:28.558667,2022-09-14 18:53:41.647084,0:10:13.106053,16.7,16.1
2022-09-14 18:43:28.602526,2022-09-14 18:43:28.604232,2022-09-14 18:53:41.692604,0:10:13.090027,18.5,16.1
2022-09-14 18:43:28.596328,2022-09-14 18:43:28.597226,2022-09-14 18:53:41.709951,0:10:13.113572,18.2,16.1
2022-09-14 18:43:28.601861,2022-09-14 18:43:28.629502,2022-09-14 18:53:41.715212,0:10:13.113302,33.3,16.1
2022-09-14 18:43:28.623173,2022-09-14 18:43:28.629681,2022-09-14 18:53:41.728487,0:10:13.105265,14.3,16.1
2022-09-14 18:43:28.602203,2022-09-14 18:43:28.630595,2022-09-14 18:53:41.759386,0:10:13.157131,16.7,16.1
2022-09-14 18:43:28.629344,2022-09-14 18:43:28.635786,2022-09-14 18:53:41.788471,0:10:13.159077,17.6,16.1
2022-09-14 18:43:28.666725,2022-09-14 18:43:28.668392,2022-09-14 18:53:41.804454,0:10:13.137679,20.0,16.1
2022-09-14 18:43:28.666915,2022-09-14 18:43:28.668576,2022-09-14 18:53:41.812712,0:10:13.145747,20.0,16.1
2022-09-14 18:43:28.672963,2022-09-14 18:43:28.679363,2022-09-14 18:53:41.834824,0:10:13.161811,15.4,16.1
2022-09-14 18:43:28.629555,2022-09-14 18:43:28.646626,2022-09-14 18:53:41.864152,0:10:13.234547,17.6,16.1
2022-09-14 18:43:28.656579,2022-09-14 18:43:28.657644,2022-09-14 18:53:41.874896,0:10:13.218268,16.7,16.1
2022-09-14 18:43:28.689802,2022-09-14 18:43:28.690864,2022-09-14 18:53:41.892811,0:10:13.202960,18.2,16.1
2022-09-14 18:43:28.667226,2022-09-14 18:43:28.696866,2022-09-14 18:53:41.914468,0:10:13.247193,16.7,16.1
2022-09-14 18:43:28.690325,2022-09-14 18:43:28.691388,2022-09-14 18:53:41.922564,0:10:13.232190,20.0,16.1
2022-09-14 18:43:28.667381,2022-09-14 18:43:28.707640,2022-09-14 18:53:41.955323,0:10:13.287894,20.0,16.1
2022-09-14 18:43:28.667042,2022-09-14 18:43:28.691444,2022-09-14 18:53:41.960526,0:10:13.293436,33.3,16.1
2022-09-14 18:43:28.728406,2022-09-14 18:43:28.729388,2022-09-14 18:53:41.984551,0:10:13.256096,20.0,16.1
2022-09-14 18:43:28.727394,2022-09-14 18:43:28.728911,2022-09-14 18:53:42.016675,0:10:13.289224,16.7,16.1
2022-09-14 18:43:28.727561,2022-09-14 18:43:28.729387,2022-09-14 18:53:42.034735,0:10:13.307111,18.2,16.1
2022-09-14 18:43:28.727974,2022-09-14 18:43:28.729647,2022-09-14 18:53:42.042861,0:10:13.314839,20.0,16.1
2022-09-14 18:43:28.728229,2022-09-14 18:43:28.735508,2022-09-14 18:53:42.056895,0:10:13.328618,12.5,16.1
2022-09-14 18:43:28.727729,2022-09-14 18:43:28.729877,2022-09-14 18:53:42.078818,0:10:13.351041,16.7,16.1
2022-09-14 18:43:28.734460,2022-09-14 18:43:28.741446,2022-09-14 18:53:42.086759,0:10:13.352236,20.0,16.1
2022-09-14 18:43:28.728966,2022-09-14 18:43:28.735508,2022-09-14 18:53:42.100721,0:10:13.371706,12.5,16.1
2022-09-14 18:43:28.751729,2022-09-14 18:43:28.763605,2022-09-14 18:53:42.114523,0:10:13.362745,14.3,16.1
2022-09-14 18:43:28.757134,2022-09-14 18:43:28.758147,2022-09-14 18:53:42.134465,0:10:13.377282,23.1,16.1
2022-09-14 18:43:28.789849,2022-09-14 18:43:28.802164,2022-09-14 18:53:42.173388,0:10:13.383490,17.4,16.1
2022-09-14 18:43:28.789684,2022-09-14 18:43:28.791117,2022-09-14 18:53:42.178673,0:10:13.388930,33.3,16.1
2022-09-14 18:43:28.789376,2022-09-14 18:43:28.818439,2022-09-14 18:53:42.212877,0:10:13.423451,15.0,16.1
2022-09-14 18:43:28.790367,2022-09-14 18:43:28.807574,2022-09-14 18:53:42.251972,0:10:13.461554,20.8,16.1
2022-09-14 18:43:28.823182,2022-09-14 18:43:28.830291,2022-09-14 18:53:42.257180,0:10:13.433948,0.0,16.1
2022-09-14 18:43:28.790082,2022-09-14 18:43:28.802278,2022-09-14 18:53:42.268739,0:10:13.478609,25.0,16.1
2022-09-14 18:43:28.800906,2022-09-14 18:43:28.801923,2022-09-14 18:53:42.276825,0:10:13.475870,0.0,16.1
2022-09-14 18:43:28.789530,2022-09-14 18:43:28.818440,2022-09-14 18:53:42.288747,0:10:13.499168,28.6,16.1
2022-09-14 18:43:28.823583,2022-09-14 18:43:28.830114,2022-09-14 18:53:42.317148,0:10:13.493516,22.2,16.1
2022-09-14 18:43:28.856560,2022-09-14 18:43:28.863839,2022-09-14 18:53:42.352536,0:10:13.495926,19.0,16.1
2022-09-14 18:43:28.850932,2022-09-14 18:43:28.857630,2022-09-14 18:53:42.371391,0:10:13.520410,18.2,16.1
2022-09-14 18:43:28.850774,2022-09-14 18:43:28.857472,2022-09-14 18:53:42.379324,0:10:13.528501,0.0,16.1
2022-09-14 18:43:28.817693,2022-09-14 18:43:28.824130,2022-09-14 18:53:42.387376,0:10:13.569634,25.0,16.1
2022-09-14 18:43:28.862082,2022-09-14 18:43:28.863153,2022-09-14 18:53:42.395265,0:10:13.533135,20.0,16.1
2022-09-14 18:43:28.884718,2022-09-14 18:43:28.886019,2022-09-14 18:53:42.431569,0:10:13.546801,18.2,16.1
2022-09-14 18:43:28.851097,2022-09-14 18:43:28.869297,2022-09-14 18:53:42.447656,0:10:13.596502,20.0,16.1
2022-09-14 18:43:28.862206,2022-09-14 18:43:28.874839,2022-09-14 18:53:42.455601,0:10:13.593345,0.0,16.1
2022-09-14 18:43:28.890914,2022-09-14 18:43:28.897854,2022-09-14 18:53:42.471617,0:10:13.580653,27.3,16.1
2022-09-14 18:43:28.891116,2022-09-14 18:43:28.892225,2022-09-14 18:53:42.492378,0:10:13.601211,16.7,16.1
2022-09-14 18:43:28.927423,2022-09-14 18:43:28.928328,2022-09-14 18:53:42.546820,0:10:13.619340,18.2,16.1
2022-09-14 18:43:28.921923,2022-09-14 18:43:28.928128,2022-09-14 18:53:42.552088,0:10:13.630113,0.0,16.1
2022-09-14 18:43:28.927784,2022-09-14 18:43:28.929747,2022-09-14 18:53:42.564346,0:10:13.636512,14.3,16.1
2022-09-14 18:43:28.850618,2022-09-14 18:43:28.880207,2022-09-14 18:53:42.584943,0:10:13.734275,16.7,16.1
2022-09-14 18:43:28.928600,2022-09-14 18:43:28.929606,2022-09-14 18:53:42.590174,0:10:13.661524,33.3,16.1
2022-09-14 18:43:28.927978,2022-09-14 18:43:28.929712,2022-09-14 18:53:42.603266,0:10:13.675239,25.0,16.1
2022-09-14 18:43:28.928190,2022-09-14 18:43:28.929712,2022-09-14 18:53:42.617552,0:10:13.689313,12.5,16.1
2022-09-14 18:43:28.956163,2022-09-14 18:43:28.962842,2022-09-14 18:53:42.642495,0:10:13.686284,20.0,16.1
2022-09-14 18:43:28.913022,2022-09-14 18:43:28.929538,2022-09-14 18:53:42.662542,0:10:13.749472,16.7,16.1
2022-09-14 18:43:28.945423,2022-09-14 18:43:28.962928,2022-09-14 18:53:42.690403,0:10:13.744932,22.2,16.1
2022-09-14 18:43:28.989728,2022-09-14 18:43:28.990790,2022-09-14 18:53:42.708349,0:10:13.718572,20.0,16.1
2022-09-14 18:43:28.989060,2022-09-14 18:43:28.996394,2022-09-14 18:53:42.722433,0:10:13.733324,12.5,16.1
2022-09-14 18:43:29.001322,2022-09-14 18:43:29.002465,2022-09-14 18:53:42.757774,0:10:13.756402,22.7,16.1
2022-09-14 18:43:28.989225,2022-09-14 18:43:29.002726,2022-09-14 18:53:42.762974,0:10:13.773702,33.3,16.1
2022-09-14 18:43:28.989357,2022-09-14 18:43:28.990949,2022-09-14 18:53:42.768283,0:10:13.778878,25.0,16.1
2022-09-14 18:43:28.983698,2022-09-14 18:43:28.991058,2022-09-14 18:53:42.776615,0:10:13.792868,20.0,16.1
2022-09-14 18:43:28.995687,2022-09-14 18:43:29.008488,2022-09-14 18:53:42.786680,0:10:13.790938,0.0,16.1
2022-09-14 18:43:28.956006,2022-09-14 18:43:28.957310,2022-09-14 18:53:42.814455,0:10:13.858397,18.7,16.1
2022-09-14 18:43:29.029645,2022-09-14 18:43:29.030621,2022-09-14 18:53:42.840593,0:10:13.810896,13.3,16.1
2022-09-14 18:43:29.019432,2022-09-14 18:43:29.020451,2022-09-14 18:53:42.855511,0:10:13.836029,22.2,16.1
2022-09-14 18:43:29.040612,2022-09-14 18:43:29.047207,2022-09-14 18:53:42.909231,0:10:13.868566,16.1,16.1
2022-09-14 18:43:29.052134,2022-09-14 18:43:29.064294,2022-09-14 18:53:42.922990,0:10:13.870803,22.2,16.1
2022-09-14 18:43:29.057747,2022-09-14 18:43:29.058844,2022-09-14 18:53:42.934131,0:10:13.876333,16.7,16.1
2022-09-14 18:43:29.046223,2022-09-14 18:43:29.052800,2022-09-14 18:53:42.951936,0:10:13.905663,25.0,16.1
2022-09-14 18:43:29.052305,2022-09-14 18:43:29.076112,2022-09-14 18:53:42.975743,0:10:13.923388,21.4,16.1
2022-09-14 18:43:29.068759,2022-09-14 18:43:29.075797,2022-09-14 18:53:42.985897,0:10:13.917089,0.0,16.1
2022-09-14 18:43:29.063386,2022-09-14 18:43:29.075448,2022-09-14 18:53:43.001156,0:10:13.937720,22.2,16.1
2022-09-14 18:43:29.051784,2022-09-14 18:43:29.064188,2022-09-14 18:53:43.029838,0:10:13.978005,22.2,16.1
2022-09-14 18:43:29.086220,2022-09-14 18:43:29.087256,2022-09-14 18:53:43.060163,0:10:13.973893,21.1,16.1
2022-09-14 18:43:29.123117,2022-09-14 18:43:29.124195,2022-09-14 18:53:43.080215,0:10:13.957048,18.2,16.1
2022-09-14 18:43:29.123455,2022-09-14 18:43:29.130099,2022-09-14 18:53:43.088355,0:10:13.964850,20.0,16.1
2022-09-14 18:43:29.091650,2022-09-14 18:43:29.130338,2022-09-14 18:53:43.102266,0:10:14.010567,12.5,16.1
2022-09-14 18:43:29.111573,2022-09-14 18:43:29.117875,2022-09-14 18:53:43.112569,0:10:14.000948,28.6,16.1
2022-09-14 18:43:29.117083,2022-09-14 18:43:29.130176,2022-09-14 18:53:43.130443,0:10:14.013310,20.0,16.1
2022-09-14 18:43:29.102468,2022-09-14 18:43:29.112562,2022-09-14 18:53:43.142430,0:10:14.039913,14.3,16.1
2022-09-14 18:43:29.123692,2022-09-14 18:43:29.130816,2022-09-14 18:53:43.160292,0:10:14.036552,18.2,16.1
2022-09-14 18:43:29.129662,2022-09-14 18:43:29.131647,2022-09-14 18:53:43.178394,0:10:14.048684,20.0,16.1
2022-09-14 18:43:29.140139,2022-09-14 18:43:29.152633,2022-09-14 18:53:43.208142,0:10:14.067955,21.1,16.1
2022-09-14 18:43:29.162994,2022-09-14 18:43:29.174588,2022-09-14 18:53:43.220425,0:10:14.057383,14.3,16.1
2022-09-14 18:43:29.151590,2022-09-14 18:43:29.153010,2022-09-14 18:53:43.231608,0:10:14.079970,16.7,16.1
2022-09-14 18:43:29.151932,2022-09-14 18:43:29.174588,2022-09-14 18:53:43.270398,0:10:14.118417,17.4,16.1
2022-09-14 18:43:29.190528,2022-09-14 18:43:29.202171,2022-09-14 18:53:43.296356,0:10:14.105780,20.0,16.1
2022-09-14 18:43:29.212206,2022-09-14 18:43:29.218606,2022-09-14 18:53:43.330369,0:10:14.118114,15.0,16.2
2022-09-14 18:43:29.184751,2022-09-14 18:43:29.212963,2022-09-14 18:53:43.351130,0:10:14.166329,23.1,16.2
2022-09-14 18:43:29.173798,2022-09-14 18:43:29.191082,2022-09-14 18:53:43.356391,0:10:14.182545,33.3,16.2
2022-09-14 18:43:29.191032,2022-09-14 18:43:29.207624,2022-09-14 18:53:43.368549,0:10:14.177465,14.3,16.2
2022-09-14 18:43:29.223178,2022-09-14 18:43:29.224377,2022-09-14 18:53:43.386278,0:10:14.163052,10.0,16.2
2022-09-14 18:43:29.190697,2022-09-14 18:43:29.218706,2022-09-14 18:53:43.394457,0:10:14.203711,33.3,16.2
2022-09-14 18:43:29.206622,2022-09-14 18:43:29.218432,2022-09-14 18:53:43.426619,0:10:14.219947,28.6,16.1
2022-09-14 18:43:29.179126,2022-09-14 18:43:29.207323,2022-09-14 18:53:43.434486,0:10:14.255312,0.0,16.1
2022-09-14 18:43:29.256711,2022-09-14 18:43:29.268022,2022-09-14 18:53:43.460768,0:10:14.204008,25.0,16.1
2022-09-14 18:43:29.267210,2022-09-14 18:43:29.273996,2022-09-14 18:53:43.472743,0:10:14.205484,14.3,16.1
2022-09-14 18:43:29.223826,2022-09-14 18:43:29.251309,2022-09-14 18:53:43.482830,0:10:14.258955,16.7,16.1
2022-09-14 18:43:29.250259,2022-09-14 18:43:29.256927,2022-09-14 18:53:43.518909,0:10:14.268597,18.2,16.1
2022-09-14 18:43:29.279108,2022-09-14 18:43:29.292013,2022-09-14 18:53:43.536149,0:10:14.256992,18.2,16.1
2022-09-14 18:43:29.256177,2022-09-14 18:43:29.257236,2022-09-14 18:53:43.550263,0:10:14.294038,14.3,16.1
2022-09-14 18:43:29.256532,2022-09-14 18:43:29.274161,2022-09-14 18:53:43.578950,0:10:14.322370,17.6,16.1
2022-09-14 18:43:29.290020,2022-09-14 18:43:29.318781,2022-09-14 18:53:43.590299,0:10:14.300230,25.0,16.1
2022-09-14 18:43:29.272984,2022-09-14 18:43:29.313301,2022-09-14 18:53:43.601046,0:10:14.328014,16.7,16.1
2022-09-14 18:43:29.317943,2022-09-14 18:43:29.325170,2022-09-14 18:53:43.622983,0:10:14.304990,23.1,16.1
2022-09-14 18:43:29.273540,2022-09-14 18:43:29.291770,2022-09-14 18:53:43.633100,0:10:14.359512,16.7,16.1
2022-09-14 18:43:29.318313,2022-09-14 18:43:29.325601,2022-09-14 18:53:43.641044,0:10:14.322683,33.3,16.1
2022-09-14 18:43:29.318107,2022-09-14 18:43:29.325914,2022-09-14 18:53:43.682903,0:10:14.364746,16.7,16.1
2022-09-14 18:43:29.342539,2022-09-14 18:43:29.353662,2022-09-14 18:53:43.709029,0:10:14.366439,18.7,16.1
2022-09-14 18:43:29.330890,2022-09-14 18:43:29.332064,2022-09-14 18:53:43.717292,0:10:14.386349,33.3,16.1
2022-09-14 18:43:29.352881,2022-09-14 18:43:29.359365,2022-09-14 18:53:43.727204,0:10:14.374275,16.7,16.1
2022-09-14 18:43:29.324101,2022-09-14 18:43:29.337849,2022-09-14 18:53:43.737065,0:10:14.412916,20.0,16.1
2022-09-14 18:43:29.318645,2022-09-14 18:43:29.337766,2022-09-14 18:53:43.750979,0:10:14.432282,22.2,16.1
2022-09-14 18:43:29.369787,2022-09-14 18:43:29.371114,2022-09-14 18:53:43.798240,0:10:14.428404,14.8,16.1
2022-09-14 18:43:29.386410,2022-09-14 18:43:29.387433,2022-09-14 18:53:43.826267,0:10:14.439806,17.6,16.1
2022-09-14 18:43:29.386251,2022-09-14 18:43:29.404221,2022-09-14 18:53:43.840351,0:10:14.454050,25.0,16.1
2022-09-14 18:43:29.336919,2022-09-14 18:43:29.398224,2022-09-14 18:53:43.856476,0:10:14.519508,20.0,16.1
2022-09-14 18:43:29.392049,2022-09-14 18:43:29.404102,2022-09-14 18:53:43.878281,0:10:14.486182,15.4,16.1
2022-09-14 18:43:29.380880,2022-09-14 18:43:29.398269,2022-09-14 18:53:43.886223,0:10:14.505294,25.0,16.1
2022-09-14 18:43:29.397319,2022-09-14 18:43:29.398458,2022-09-14 18:53:43.903408,0:10:14.506041,25.0,16.0
2022-09-14 18:43:29.391868,2022-09-14 18:43:29.404288,2022-09-14 18:53:43.914003,0:10:14.522087,16.7,16.0
2022-09-14 18:43:29.403341,2022-09-14 18:43:29.415836,2022-09-14 18:53:43.926029,0:10:14.522640,28.6,16.0
2022-09-14 18:43:29.420284,2022-09-14 18:43:29.437793,2022-09-14 18:53:43.951815,0:10:14.531483,23.5,16.0
2022-09-14 18:43:29.442726,2022-09-14 18:43:29.449292,2022-09-14 18:53:44.008590,0:10:14.565811,18.2,16.0
2022-09-14 18:43:29.414829,2022-09-14 18:43:29.421374,2022-09-14 18:53:44.013907,0:10:14.599028,0.0,16.0
2022-09-14 18:43:29.448107,2022-09-14 18:43:29.449179,2022-09-14 18:53:44.021870,0:10:14.573714,20.0,16.0
2022-09-14 18:43:29.459868,2022-09-14 18:43:29.466643,2022-09-14 18:53:44.046023,0:10:14.586105,21.4,16.0
2022-09-14 18:43:29.459740,2022-09-14 18:43:29.460801,2022-09-14 18:53:44.057846,0:10:14.598058,33.3,16.0
2022-09-14 18:43:29.436666,2022-09-14 18:43:29.443730,2022-09-14 18:53:44.065895,0:10:14.629181,20.0,16.0
2022-09-14 18:43:29.465317,2022-09-14 18:43:29.466643,2022-09-14 18:53:44.081175,0:10:14.615809,30.0,16.0
2022-09-14 18:43:29.465709,2022-09-14 18:43:29.467028,2022-09-14 18:53:44.091795,0:10:14.626037,28.6,16.0
2022-09-14 18:43:29.454221,2022-09-14 18:43:29.478314,2022-09-14 18:53:44.110975,0:10:14.656705,18.2,16.0
2022-09-14 18:43:29.476829,2022-09-14 18:43:29.484448,2022-09-14 18:53:44.125740,0:10:14.648862,12.5,16.0
2022-09-14 18:43:29.506415,2022-09-14 18:43:29.512496,2022-09-14 18:53:44.167595,0:10:14.661131,22.2,16.0
2022-09-14 18:43:29.500146,2022-09-14 18:43:29.506800,2022-09-14 18:53:44.175450,0:10:14.675256,0.0,16.0
2022-09-14 18:43:29.483480,2022-09-14 18:43:29.495269,2022-09-14 18:53:44.205552,0:10:14.722015,16.7,16.0
2022-09-14 18:43:29.517492,2022-09-14 18:43:29.530103,2022-09-14 18:53:44.220800,0:10:14.703255,22.2,16.0
2022-09-14 18:43:29.534419,2022-09-14 18:43:29.541217,2022-09-14 18:53:44.249442,0:10:14.714969,17.6,16.0
2022-09-14 18:43:29.511747,2022-09-14 18:43:29.518168,2022-09-14 18:53:44.265367,0:10:14.753570,20.0,16.0
2022-09-14 18:43:29.523580,2022-09-14 18:43:29.524724,2022-09-14 18:53:44.270558,0:10:14.746928,0.0,16.0
2022-09-14 18:43:29.540598,2022-09-14 18:43:29.546980,2022-09-14 18:53:44.287479,0:10:14.746832,20.0,16.0
2022-09-14 18:43:29.540082,2022-09-14 18:43:29.557635,2022-09-14 18:53:44.295538,0:10:14.755407,20.0,16.0
2022-09-14 18:43:29.562236,2022-09-14 18:43:29.569229,2022-09-14 18:53:44.323915,0:10:14.761625,17.6,16.0
2022-09-14 18:43:29.562657,2022-09-14 18:43:29.569208,2022-09-14 18:53:44.340099,0:10:14.777389,20.0,16.0
2022-09-14 18:43:29.579695,2022-09-14 18:43:29.586514,2022-09-14 18:53:44.378222,0:10:14.798475,18.2,16.0
2022-09-14 18:43:29.579893,2022-09-14 18:43:29.586514,2022-09-14 18:53:44.412697,0:10:14.832750,22.7,16.0
2022-09-14 18:43:29.523808,2022-09-14 18:43:29.540877,2022-09-14 18:53:44.445602,0:10:14.921742,15.8,16.0
2022-09-14 18:43:29.602243,2022-09-14 18:43:29.624504,2022-09-14 18:53:44.450943,0:10:14.848651,33.3,16.0
2022-09-14 18:43:29.612909,2022-09-14 18:43:29.619078,2022-09-14 18:53:44.467005,0:10:14.854047,20.0,16.0
2022-09-14 18:43:29.585319,2022-09-14 18:43:29.608420,2022-09-14 18:53:44.488693,0:10:14.903324,16.7,16.0
2022-09-14 18:43:29.596638,2022-09-14 18:43:29.603201,2022-09-14 18:53:44.504808,0:10:14.908121,20.0,16.0
2022-09-14 18:43:29.574070,2022-09-14 18:43:29.580235,2022-09-14 18:53:44.510084,0:10:14.935966,0.0,16.0
2022-09-14 18:43:29.623698,2022-09-14 18:43:29.630753,2022-09-14 18:53:44.529011,0:10:14.905264,18.2,16.0
2022-09-14 18:43:29.635275,2022-09-14 18:43:29.641416,2022-09-14 18:53:44.537051,0:10:14.901728,33.3,16.0
2022-09-14 18:43:29.645921,2022-09-14 18:43:29.652544,2022-09-14 18:53:44.567081,0:10:14.921109,17.6,16.0
2022-09-14 18:43:29.585431,2022-09-14 18:43:29.625309,2022-09-14 18:53:44.583114,0:10:14.997632,30.0,16.0
2022-09-14 18:43:29.651811,2022-09-14 18:43:29.652679,2022-09-14 18:53:44.599228,0:10:14.947367,22.2,16.0
2022-09-14 18:43:29.669703,2022-09-14 18:43:29.670768,2022-09-14 18:53:44.623191,0:10:14.953439,14.3,16.0
2022-09-14 18:43:29.657736,2022-09-14 18:43:29.658867,2022-09-14 18:53:44.631058,0:10:14.973273,20.0,16.0
2022-09-14 18:43:29.657465,2022-09-14 18:43:29.676571,2022-09-14 18:53:44.655151,0:10:14.997635,21.4,16.0
2022-09-14 18:43:29.686244,2022-09-14 18:43:29.698422,2022-09-14 18:53:44.663020,0:10:14.976728,20.0,16.0
2022-09-14 18:43:29.664049,2022-09-14 18:43:29.671013,2022-09-14 18:53:44.678873,0:10:15.014776,11.1,16.0
2022-09-14 18:43:29.651526,2022-09-14 18:43:29.659520,2022-09-14 18:53:44.687000,0:10:15.035426,25.0,16.0
2022-09-14 18:43:29.703045,2022-09-14 18:43:29.715736,2022-09-14 18:53:44.720880,0:10:15.017786,15.0,16.0
2022-09-14 18:43:29.686405,2022-09-14 18:43:29.715101,2022-09-14 18:53:44.730956,0:10:15.044502,16.7,16.0
2022-09-14 18:43:29.720594,2022-09-14 18:43:29.722406,2022-09-14 18:53:44.777008,0:10:15.056360,18.5,16.0
2022-09-14 18:43:29.720246,2022-09-14 18:43:29.728313,2022-09-14 18:53:44.789009,0:10:15.068711,14.3,16.0
2022-09-14 18:43:29.714711,2022-09-14 18:43:29.722516,2022-09-14 18:53:44.802881,0:10:15.088119,25.0,16.0
2022-09-14 18:43:29.720818,2022-09-14 18:43:29.721765,2022-09-14 18:53:44.816991,0:10:15.096122,22.2,16.0
2022-09-14 18:43:29.714375,2022-09-14 18:43:29.715736,2022-09-14 18:53:44.826999,0:10:15.112575,16.7,16.0
2022-09-14 18:43:29.732748,2022-09-14 18:43:29.744885,2022-09-14 18:53:44.841043,0:10:15.108245,22.2,16.0
2022-09-14 18:43:29.738611,2022-09-14 18:43:29.761144,2022-09-14 18:53:44.864779,0:10:15.126119,21.4,16.0
2022-09-14 18:43:29.765909,2022-09-14 18:43:29.766892,2022-09-14 18:53:44.920585,0:10:15.154625,18.2,16.0
2022-09-14 18:43:29.788106,2022-09-14 18:43:29.794683,2022-09-14 18:53:44.936693,0:10:15.148537,11.1,16.0
2022-09-14 18:43:29.760337,2022-09-14 18:43:29.783532,2022-09-14 18:53:44.946615,0:10:15.186230,16.7,16.0
2022-09-14 18:43:29.788619,2022-09-14 18:43:29.799994,2022-09-14 18:53:44.964511,0:10:15.175844,20.0,16.0
2022-09-14 18:43:29.782343,2022-09-14 18:43:29.783532,2022-09-14 18:53:44.992442,0:10:15.210051,17.6,16.0
2022-09-14 18:43:29.809749,2022-09-14 18:43:29.810913,2022-09-14 18:53:45.000293,0:10:15.190495,0.0,16.0
2022-09-14 18:43:29.777021,2022-09-14 18:43:29.783145,2022-09-14 18:53:45.010540,0:10:15.233470,20.0,16.0
2022-09-14 18:43:29.799017,2022-09-14 18:43:29.811222,2022-09-14 18:53:45.021797,0:10:15.222731,14.3,16.0
2022-09-14 18:43:29.822852,2022-09-14 18:43:29.823855,2022-09-14 18:53:45.056778,0:10:15.233875,19.0,16.0
2022-09-14 18:43:29.782540,2022-09-14 18:43:29.817597,2022-09-14 18:53:45.064802,0:10:15.282212,20.0,16.0
2022-09-14 18:43:29.810523,2022-09-14 18:43:29.811824,2022-09-14 18:53:45.104851,0:10:15.294277,20.8,16.0
2022-09-14 18:43:29.856063,2022-09-14 18:43:29.857081,2022-09-14 18:53:45.112966,0:10:15.256853,0.0,16.0
2022-09-14 18:43:29.828411,2022-09-14 18:43:29.834988,2022-09-14 18:53:45.120845,0:10:15.292386,20.0,16.0
2022-09-14 18:43:29.861753,2022-09-14 18:43:29.862790,2022-09-14 18:53:45.146662,0:10:15.284852,20.0,16.0
2022-09-14 18:43:29.855792,2022-09-14 18:43:29.857168,2022-09-14 18:53:45.156505,0:10:15.300664,16.7,16.0
2022-09-14 18:43:29.862494,2022-09-14 18:43:29.868927,2022-09-14 18:53:45.188631,0:10:15.326084,16.7,16.0
2022-09-14 18:43:29.844899,2022-09-14 18:43:29.856627,2022-09-14 18:53:45.198938,0:10:15.353990,28.6,16.0
2022-09-14 18:43:29.873488,2022-09-14 18:43:29.880363,2022-09-14 18:53:45.210871,0:10:15.337334,14.3,16.0
2022-09-14 18:43:29.845061,2022-09-14 18:43:29.868927,2022-09-14 18:53:45.222820,0:10:15.377709,14.3,16.0
2022-09-14 18:43:29.873903,2022-09-14 18:43:29.880546,2022-09-14 18:53:45.242584,0:10:15.368632,18.2,16.0
2022-09-14 18:43:29.923354,2022-09-14 18:43:29.941101,2022-09-14 18:53:45.292836,0:10:15.369431,16.7,16.0
2022-09-14 18:43:29.895761,2022-09-14 18:43:29.913302,2022-09-14 18:53:45.307058,0:10:15.411246,37.5,16.0
2022-09-14 18:43:29.923199,2022-09-14 18:43:29.934964,2022-09-14 18:53:45.320333,0:10:15.397083,25.0,16.0
2022-09-14 18:43:29.923540,2022-09-14 18:43:29.935265,2022-09-14 18:53:45.335212,0:10:15.411623,22.2,16.0
2022-09-14 18:43:29.940082,2022-09-14 18:43:29.941395,2022-09-14 18:53:45.374408,0:10:15.434275,17.4,16.0
2022-09-14 18:43:29.934208,2022-09-14 18:43:29.947081,2022-09-14 18:53:45.395114,0:10:15.460856,23.1,16.0
2022-09-14 18:43:29.939893,2022-09-14 18:43:29.953050,2022-09-14 18:53:45.403260,0:10:15.463314,20.0,16.0
2022-09-14 18:43:29.895972,2022-09-14 18:43:29.953050,2022-09-14 18:53:45.413445,0:10:15.517425,16.7,16.0
2022-09-14 18:43:29.946121,2022-09-14 18:43:29.947451,2022-09-14 18:53:45.423489,0:10:15.477318,28.6,16.0
2022-09-14 18:43:29.958206,2022-09-14 18:43:29.959382,2022-09-14 18:53:45.435410,0:10:15.477155,14.3,16.0
2022-09-14 18:43:29.917761,2022-09-14 18:43:29.941101,2022-09-14 18:53:45.451539,0:10:15.533730,12.5,16.0
2022-09-14 18:43:29.985916,2022-09-14 18:43:29.992193,2022-09-14 18:53:45.478595,0:10:15.492631,18.8,16.0
2022-09-14 18:43:29.957767,2022-09-14 18:43:29.969949,2022-09-14 18:53:45.489417,0:10:15.531602,16.7,16.0
2022-09-14 18:43:29.997601,2022-09-14 18:43:29.999159,2022-09-14 18:53:45.525551,0:10:15.527900,18.2,16.0
2022-09-14 18:43:29.980096,2022-09-14 18:43:29.981240,2022-09-14 18:53:45.533610,0:10:15.553465,20.0,16.0
2022-09-14 18:43:29.991863,2022-09-14 18:43:29.998945,2022-09-14 18:53:45.547456,0:10:15.555544,22.2,16.0
2022-09-14 18:43:30.009401,2022-09-14 18:43:30.021214,2022-09-14 18:53:45.584959,0:10:15.575507,18.2,16.0
2022-09-14 18:43:29.992010,2022-09-14 18:43:30.004660,2022-09-14 18:53:45.595902,0:10:15.603842,28.6,16.0
2022-09-14 18:43:30.009241,2022-09-14 18:43:30.021851,2022-09-14 18:53:45.607882,0:10:15.598591,14.3,16.0
2022-09-14 18:43:30.003723,2022-09-14 18:43:30.010460,2022-09-14 18:53:45.631320,0:10:15.627547,21.4,16.0
2022-09-14 18:43:30.021735,2022-09-14 18:43:30.022680,2022-09-14 18:53:45.636479,0:10:15.614696,0.0,16.0
2022-09-14 18:43:30.020524,2022-09-14 18:43:30.022191,2022-09-14 18:53:45.641917,0:10:15.621344,25.0,16.0
2022-09-14 18:43:30.045424,2022-09-14 18:43:30.051829,2022-09-14 18:53:45.675602,0:10:15.630129,20.0,16.0
2022-09-14 18:43:30.051525,2022-09-14 18:43:30.057792,2022-09-14 18:53:45.707730,0:10:15.656155,15.8,16.0
2022-09-14 18:43:30.073287,2022-09-14 18:43:30.074847,2022-09-14 18:53:45.727757,0:10:15.654417,18.2,16.0
2022-09-14 18:43:30.073584,2022-09-14 18:43:30.074784,2022-09-14 18:53:45.741778,0:10:15.668145,12.5,16.0
2022-09-14 18:43:30.062183,2022-09-14 18:43:30.091815,2022-09-14 18:53:45.775954,0:10:15.713722,22.7,16.0
2022-09-14 18:43:30.062372,2022-09-14 18:43:30.080125,2022-09-14 18:53:45.793707,0:10:15.731285,20.0,16.0
2022-09-14 18:43:30.085023,2022-09-14 18:43:30.091816,2022-09-14 18:53:45.803718,0:10:15.718645,28.6,16.0
2022-09-14 18:43:30.073117,2022-09-14 18:43:30.074525,2022-09-14 18:53:45.818886,0:10:15.745720,12.5,16.1
2022-09-14 18:43:30.072946,2022-09-14 18:43:30.074847,2022-09-14 18:53:45.839083,0:10:15.766087,23.1,16.1
2022-09-14 18:43:30.085436,2022-09-14 18:43:30.091761,2022-09-14 18:53:45.857324,0:10:15.771839,10.0,16.0
2022-09-14 18:43:30.118277,2022-09-14 18:43:30.119790,2022-09-14 18:53:45.885169,0:10:15.766844,18.7,16.0
2022-09-14 18:43:30.130095,2022-09-14 18:43:30.131327,2022-09-14 18:53:45.905159,0:10:15.775015,16.7,16.0
2022-09-14 18:43:30.118120,2022-09-14 18:43:30.130599,2022-09-14 18:53:45.913057,0:10:15.794888,33.3,16.0
2022-09-14 18:43:30.136045,2022-09-14 18:43:30.148323,2022-09-14 18:53:45.944872,0:10:15.808778,16.7,16.1
2022-09-14 18:43:30.147458,2022-09-14 18:43:30.159216,2022-09-14 18:53:45.952778,0:10:15.805272,33.3,16.1
2022-09-14 18:43:30.124316,2022-09-14 18:43:30.131174,2022-09-14 18:53:45.970752,0:10:15.846371,18.2,16.1
2022-09-14 18:43:30.136241,2022-09-14 18:43:30.165478,2022-09-14 18:53:46.000682,0:10:15.864385,17.6,16.1
2022-09-14 18:43:30.146759,2022-09-14 18:43:30.159501,2022-09-14 18:53:46.014764,0:10:15.867940,25.0,16.1
2022-09-14 18:43:30.183632,2022-09-14 18:43:30.190516,2022-09-14 18:53:46.053160,0:10:15.869476,17.4,16.0
2022-09-14 18:43:30.147056,2022-09-14 18:43:30.176161,2022-09-14 18:53:46.061143,0:10:15.914038,20.0,16.0
2022-09-14 18:43:30.183869,2022-09-14 18:43:30.185061,2022-09-14 18:53:46.079333,0:10:15.895416,25.0,16.0
2022-09-14 18:43:30.200805,2022-09-14 18:43:30.202074,2022-09-14 18:53:46.093511,0:10:15.892657,14.3,16.0
2022-09-14 18:43:30.195068,2022-09-14 18:43:30.202074,2022-09-14 18:53:46.109241,0:10:15.914124,20.0,16.0
2022-09-14 18:43:30.153022,2022-09-14 18:43:30.176161,2022-09-14 18:53:46.141337,0:10:15.988264,16.7,16.0
2022-09-14 18:43:30.212206,2022-09-14 18:43:30.218884,2022-09-14 18:53:46.149231,0:10:15.936977,20.0,16.0
2022-09-14 18:43:30.201020,2022-09-14 18:43:30.213077,2022-09-14 18:53:46.157343,0:10:15.956274,33.3,16.0
2022-09-14 18:43:30.206706,2022-09-14 18:43:30.230629,2022-09-14 18:53:46.179340,0:10:15.972586,21.4,16.0
2022-09-14 18:43:30.229425,2022-09-14 18:43:30.241780,2022-09-14 18:53:46.224760,0:10:15.995285,18.5,16.1
2022-09-14 18:43:30.229583,2022-09-14 18:43:30.236453,2022-09-14 18:53:46.234724,0:10:16.005080,20.0,16.1
2022-09-14 18:43:30.223401,2022-09-14 18:43:30.224635,2022-09-14 18:53:46.262520,0:10:16.039070,17.6,16.1
2022-09-14 18:43:30.246516,2022-09-14 18:43:30.263318,2022-09-14 18:53:46.286687,0:10:16.040116,20.0,16.1
2022-09-14 18:43:30.262298,2022-09-14 18:43:30.263318,2022-09-14 18:53:46.312939,0:10:16.050592,20.0,16.1
2022-09-14 18:43:30.273768,2022-09-14 18:43:30.274883,2022-09-14 18:53:46.330884,0:10:16.057068,25.0,16.1
2022-09-14 18:43:30.273534,2022-09-14 18:43:30.291090,2022-09-14 18:53:46.340786,0:10:16.067204,0.0,16.1
2022-09-14 18:43:30.295803,2022-09-14 18:43:30.297189,2022-09-14 18:53:46.354765,0:10:16.058901,25.0,16.0
2022-09-14 18:43:30.273207,2022-09-14 18:43:30.297042,2022-09-14 18:53:46.368774,0:10:16.095518,12.5,16.1
2022-09-14 18:43:30.284699,2022-09-14 18:43:30.291090,2022-09-14 18:53:46.383204,0:10:16.098456,22.2,16.1
2022-09-14 18:43:30.301805,2022-09-14 18:43:30.302860,2022-09-14 18:53:46.388712,0:10:16.086859,0.0,16.1
2022-09-14 18:43:30.296012,2022-09-14 18:43:30.308841,2022-09-14 18:53:46.400098,0:10:16.104037,28.6,16.1
2022-09-14 18:43:30.324590,2022-09-14 18:43:30.331171,2022-09-14 18:53:46.424971,0:10:16.100331,14.3,16.1
2022-09-14 18:43:30.273378,2022-09-14 18:43:30.302923,2022-09-14 18:53:46.443098,0:10:16.169670,25.0,16.1
2022-09-14 18:43:30.324440,2022-09-14 18:43:30.331051,2022-09-14 18:53:46.471023,0:10:16.146533,13.3,16.1
2022-09-14 18:43:30.341226,2022-09-14 18:43:30.348225,2022-09-14 18:53:46.484209,0:10:16.142934,22.2,16.1
2022-09-14 18:43:30.335608,2022-09-14 18:43:30.348435,2022-09-14 18:53:46.499105,0:10:16.163448,22.2,16.1
2022-09-14 18:43:30.369831,2022-09-14 18:43:30.376456,2022-09-14 18:53:46.543049,0:10:16.173163,16.0,16.0
2022-09-14 18:43:30.341684,2022-09-14 18:43:30.348485,2022-09-14 18:53:46.574236,0:10:16.232498,21.1,16.0
2022-09-14 18:43:30.347746,2022-09-14 18:43:30.365128,2022-09-14 18:53:46.604165,0:10:16.256366,21.1,16.0
2022-09-14 18:43:30.369697,2022-09-14 18:43:30.376456,2022-09-14 18:53:46.609383,0:10:16.239635,0.0,16.0
2022-09-14 18:43:30.386533,2022-09-14 18:43:30.398525,2022-09-14 18:53:46.614790,0:10:16.228208,33.3,16.1
2022-09-14 18:43:30.391881,2022-09-14 18:43:30.398742,2022-09-14 18:53:46.637448,0:10:16.245519,15.4,16.1
2022-09-14 18:43:30.358765,2022-09-14 18:43:30.398611,2022-09-14 18:53:46.642631,0:10:16.283818,25.0,16.1
2022-09-14 18:43:30.347278,2022-09-14 18:43:30.376603,2022-09-14 18:53:46.650669,0:10:16.303335,25.0,16.1
2022-09-14 18:43:30.403471,2022-09-14 18:43:30.404594,2022-09-14 18:53:46.676716,0:10:16.273195,13.3,16.1
2022-09-14 18:43:30.403314,2022-09-14 18:43:30.409975,2022-09-14 18:53:46.684933,0:10:16.281570,20.0,16.1
2022-09-14 18:43:30.409918,2022-09-14 18:43:30.411144,2022-09-14 18:53:46.696911,0:10:16.286946,25.0,16.1
2022-09-14 18:43:30.397463,2022-09-14 18:43:30.410903,2022-09-14 18:53:46.704769,0:10:16.307258,20.0,16.1
2022-09-14 18:43:30.415882,2022-09-14 18:43:30.433487,2022-09-14 18:53:46.758563,0:10:16.342631,15.6,16.1
2022-09-14 18:43:30.433340,2022-09-14 18:43:30.434850,2022-09-14 18:53:46.776763,0:10:16.343374,20.0,16.1
2022-09-14 18:43:30.432882,2022-09-14 18:43:30.434750,2022-09-14 18:53:46.788778,0:10:16.355846,25.0,16.1
2022-09-14 18:43:30.432646,2022-09-14 18:43:30.434530,2022-09-14 18:53:46.796710,0:10:16.364016,0.0,16.1
2022-09-14 18:43:30.465890,2022-09-14 18:43:30.466835,2022-09-14 18:53:46.824558,0:10:16.358618,18.7,16.1
2022-09-14 18:43:30.454979,2022-09-14 18:43:30.483464,2022-09-14 18:53:46.860864,0:10:16.405835,18.2,16.0
2022-09-14 18:43:30.482564,2022-09-14 18:43:30.505131,2022-09-14 18:53:46.911451,0:10:16.428835,19.4,16.0
2022-09-14 18:43:30.477064,2022-09-14 18:43:30.505131,2022-09-14 18:53:46.916866,0:10:16.439752,33.3,16.0
2022-09-14 18:43:30.493613,2022-09-14 18:43:30.516450,2022-09-14 18:53:46.928615,0:10:16.434954,14.3,16.0
2022-09-14 18:43:30.465631,2022-09-14 18:43:30.505326,2022-09-14 18:53:46.936594,0:10:16.470915,25.0,16.0
2022-09-14 18:43:30.493802,2022-09-14 18:43:30.500023,2022-09-14 18:53:46.948933,0:10:16.455082,14.3,16.0
2022-09-14 18:43:30.509948,2022-09-14 18:43:30.510843,2022-09-14 18:53:46.958836,0:10:16.448840,16.7,16.0
2022-09-14 18:43:30.482787,2022-09-14 18:43:30.511055,2022-09-14 18:53:46.966972,0:10:16.484136,20.0,16.0
2022-09-14 18:43:30.521035,2022-09-14 18:43:30.521968,2022-09-14 18:53:47.001119,0:10:16.480032,15.8,16.0
2022-09-14 18:43:30.538651,2022-09-14 18:43:30.540134,2022-09-14 18:53:47.023811,0:10:16.485102,21.4,16.0
2022-09-14 18:43:30.532626,2022-09-14 18:43:30.545788,2022-09-14 18:53:47.047338,0:10:16.514660,14.3,16.0
2022-09-14 18:43:30.471448,2022-09-14 18:43:30.488926,2022-09-14 18:53:47.070704,0:10:16.599203,21.4,16.0
2022-09-14 18:43:30.572081,2022-09-14 18:43:30.573075,2022-09-14 18:53:47.097295,0:10:16.525161,18.7,16.0
2022-09-14 18:43:30.538141,2022-09-14 18:43:30.540369,2022-09-14 18:53:47.107488,0:10:16.569292,20.0,16.0
2022-09-14 18:43:30.532831,2022-09-14 18:43:30.539991,2022-09-14 18:53:47.126270,0:10:16.593386,18.2,16.0
2022-09-14 18:43:30.550045,2022-09-14 18:43:30.578737,2022-09-14 18:53:47.138831,0:10:16.588734,33.3,16.0
2022-09-14 18:43:30.566207,2022-09-14 18:43:30.578278,2022-09-14 18:53:47.144242,0:10:16.577986,0.0,16.0
2022-09-14 18:43:30.566453,2022-09-14 18:43:30.578472,2022-09-14 18:53:47.154514,0:10:16.588010,16.7,16.0
2022-09-14 18:43:30.593603,2022-09-14 18:43:30.595022,2022-09-14 18:53:47.178699,0:10:16.585046,20.0,16.0
2022-09-14 18:43:30.605021,2022-09-14 18:43:30.607234,2022-09-14 18:53:47.199284,0:10:16.594214,18.2,16.0
2022-09-14 18:43:30.593886,2022-09-14 18:43:30.607007,2022-09-14 18:53:47.217581,0:10:16.623645,10.0,16.1
2022-09-14 18:43:30.571861,2022-09-14 18:43:30.578345,2022-09-14 18:53:47.225556,0:10:16.653646,20.0,16.1
2022-09-14 18:43:30.606008,2022-09-14 18:43:30.606934,2022-09-14 18:53:47.233697,0:10:16.627636,33.3,16.1
2022-09-14 18:43:30.611961,2022-09-14 18:43:30.635450,2022-09-14 18:53:47.282550,0:10:16.670537,22.6,16.1
2022-09-14 18:43:30.605405,2022-09-14 18:43:30.623515,2022-09-14 18:53:47.292758,0:10:16.687302,20.0,16.1
2022-09-14 18:43:30.628162,2022-09-14 18:43:30.635653,2022-09-14 18:53:47.308963,0:10:16.680750,11.1,16.1
2022-09-14 18:43:30.633768,2022-09-14 18:43:30.635362,2022-09-14 18:53:47.318918,0:10:16.685099,28.6,16.1
2022-09-14 18:43:30.672660,2022-09-14 18:43:30.674908,2022-09-14 18:53:47.361355,0:10:16.688641,16.0,16.1
2022-09-14 18:43:30.634386,2022-09-14 18:43:30.635733,2022-09-14 18:53:47.369693,0:10:16.735251,40.0,16.1
2022-09-14 18:43:30.655913,2022-09-14 18:43:30.673573,2022-09-14 18:53:47.379757,0:10:16.723794,16.7,16.1
2022-09-14 18:43:30.673003,2022-09-14 18:43:30.674445,2022-09-14 18:53:47.395700,0:10:16.722647,20.0,16.1
2022-09-14 18:43:30.633612,2022-09-14 18:43:30.634980,2022-09-14 18:53:47.408276,0:10:16.774616,14.3,16.1
2022-09-14 18:43:30.673553,2022-09-14 18:43:30.674445,2022-09-14 18:53:47.413444,0:10:16.739843,0.0,16.1
2022-09-14 18:43:30.661471,2022-09-14 18:43:30.681220,2022-09-14 18:53:47.433411,0:10:16.771892,23.1,16.1
2022-09-14 18:43:30.680240,2022-09-14 18:43:30.699001,2022-09-14 18:53:47.490425,0:10:16.810134,17.6,16.1
2022-09-14 18:43:30.696845,2022-09-14 18:43:30.699001,2022-09-14 18:53:47.495739,0:10:16.798844,50.0,16.1
2022-09-14 18:43:30.697915,2022-09-14 18:43:30.706005,2022-09-14 18:53:47.508544,0:10:16.810578,14.3,16.1
2022-09-14 18:43:30.697633,2022-09-14 18:43:30.699001,2022-09-14 18:53:47.513912,0:10:16.816232,0.0,16.1
2022-09-14 18:43:30.691271,2022-09-14 18:43:30.698485,2022-09-14 18:53:47.524032,0:10:16.832713,28.6,16.1
2022-09-14 18:43:30.731010,2022-09-14 18:43:30.743036,2022-09-14 18:53:47.607198,0:10:16.876133,18.4,16.1
2022-09-14 18:43:30.762208,2022-09-14 18:43:30.769382,2022-09-14 18:53:47.622648,0:10:16.860382,11.1,16.1
2022-09-14 18:43:30.747597,2022-09-14 18:43:30.769082,2022-09-14 18:53:47.628093,0:10:16.880445,33.3,16.1
2022-09-14 18:43:30.747414,2022-09-14 18:43:30.763426,2022-09-14 18:53:47.645831,0:10:16.898368,18.2,16.1
2022-09-14 18:43:30.768137,2022-09-14 18:43:30.774930,2022-09-14 18:53:47.662768,0:10:16.894569,20.0,16.1
2022-09-14 18:43:30.725582,2022-09-14 18:43:30.748684,2022-09-14 18:53:47.667967,0:10:16.942337,33.3,16.1
2022-09-14 18:43:30.736667,2022-09-14 18:43:30.737719,2022-09-14 18:53:47.680095,0:10:16.943380,14.3,16.1
2022-09-14 18:43:30.762371,2022-09-14 18:43:30.774930,2022-09-14 18:53:47.698174,0:10:16.935754,18.2,16.1
2022-09-14 18:43:30.768429,2022-09-14 18:43:30.769512,2022-09-14 18:53:47.706099,0:10:16.937622,40.0,16.1
2022-09-14 18:43:30.785873,2022-09-14 18:43:30.787128,2022-09-14 18:53:47.738889,0:10:16.952964,23.8,16.1
2022-09-14 18:43:30.767890,2022-09-14 18:43:30.775533,2022-09-14 18:53:47.744105,0:10:16.976168,0.0,16.1
2022-09-14 18:43:30.798036,2022-09-14 18:43:30.809732,2022-09-14 18:53:47.795602,0:10:16.997516,19.4,16.1
2022-09-14 18:43:30.808647,2022-09-14 18:43:30.809696,2022-09-14 18:53:47.803709,0:10:16.995012,0.0,16.1
2022-09-14 18:43:30.809146,2022-09-14 18:43:30.815526,2022-09-14 18:53:47.819710,0:10:17.010514,22.2,16.1
2022-09-14 18:43:30.792268,2022-09-14 18:43:30.793387,2022-09-14 18:53:47.829746,0:10:17.037429,0.0,16.1
2022-09-14 18:43:30.831365,2022-09-14 18:43:30.837801,2022-09-14 18:53:47.869764,0:10:17.038348,20.0,16.1
2022-09-14 18:43:30.869664,2022-09-14 18:43:30.876566,2022-09-14 18:53:47.889681,0:10:17.019960,25.0,16.1
2022-09-14 18:43:30.825563,2022-09-14 18:43:30.843518,2022-09-14 18:53:47.925563,0:10:17.099949,18.2,16.1
2022-09-14 18:43:30.853932,2022-09-14 18:43:30.865165,2022-09-14 18:53:47.937574,0:10:17.083593,25.0,16.1
2022-09-14 18:43:30.875583,2022-09-14 18:43:30.887224,2022-09-14 18:53:47.947539,0:10:17.071908,20.0,16.1
2022-09-14 18:43:30.825929,2022-09-14 18:43:30.832119,2022-09-14 18:53:47.955755,0:10:17.129778,20.0,16.1
2022-09-14 18:43:30.853326,2022-09-14 18:43:30.870736,2022-09-14 18:53:47.973120,0:10:17.119746,18.2,16.1
2022-09-14 18:43:30.831191,2022-09-14 18:43:30.854059,2022-09-14 18:53:47.983926,0:10:17.152687,28.6,16.1
2022-09-14 18:43:30.875415,2022-09-14 18:43:30.882008,2022-09-14 18:53:48.001691,0:10:17.126222,11.1,16.1
2022-09-14 18:43:30.869505,2022-09-14 18:43:30.892597,2022-09-14 18:53:48.021735,0:10:17.152182,28.6,16.1
2022-09-14 18:43:30.892302,2022-09-14 18:43:30.904999,2022-09-14 18:53:48.031847,0:10:17.139497,42.9,16.1
2022-09-14 18:43:30.903744,2022-09-14 18:43:30.904625,2022-09-14 18:53:48.042323,0:10:17.138531,14.3,16.1
2022-09-14 18:43:30.892153,2022-09-14 18:43:30.904625,2022-09-14 18:53:48.058555,0:10:17.166354,12.5,16.1
2022-09-14 18:43:30.903596,2022-09-14 18:43:30.905371,2022-09-14 18:53:48.075365,0:10:17.171713,20.0,16.1
2022-09-14 18:43:30.932565,2022-09-14 18:43:30.939212,2022-09-14 18:53:48.106613,0:10:17.173994,15.8,16.1
2022-09-14 18:43:30.932747,2022-09-14 18:43:30.939266,2022-09-14 18:53:48.150326,0:10:17.217528,19.2,16.1
2022-09-14 18:43:30.938131,2022-09-14 18:43:30.950882,2022-09-14 18:53:48.177360,0:10:17.239178,18.8,16.1
2022-09-14 18:43:30.944198,2022-09-14 18:43:30.956428,2022-09-14 18:53:48.191144,0:10:17.246896,22.2,16.1
2022-09-14 18:43:30.955426,2022-09-14 18:43:30.956350,2022-09-14 18:53:48.201314,0:10:17.245840,33.3,16.0
2022-09-14 18:43:30.966815,2022-09-14 18:43:30.973289,2022-09-14 18:53:48.214988,0:10:17.248124,22.2,16.0
2022-09-14 18:43:30.955740,2022-09-14 18:43:30.961920,2022-09-14 18:53:48.227777,0:10:17.271988,14.3,16.0
2022-09-14 18:43:30.949950,2022-09-14 18:43:30.950905,2022-09-14 18:53:48.235069,0:10:17.285071,25.0,16.0
2022-09-14 18:43:30.966682,2022-09-14 18:43:30.978658,2022-09-14 18:53:48.254819,0:10:17.288088,16.7,16.0
2022-09-14 18:43:31.020270,2022-09-14 18:43:31.027136,2022-09-14 18:53:48.320992,0:10:17.300671,23.1,16.0
2022-09-14 18:43:31.020127,2022-09-14 18:43:31.021600,2022-09-14 18:53:48.343810,0:10:17.323633,26.7,16.0
2022-09-14 18:43:31.026605,2022-09-14 18:43:31.044011,2022-09-14 18:53:48.355954,0:10:17.329298,14.3,16.0
2022-09-14 18:43:31.014872,2022-09-14 18:43:31.043773,2022-09-14 18:53:48.382676,0:10:17.367743,18.8,16.1
2022-09-14 18:43:31.005198,2022-09-14 18:43:31.026798,2022-09-14 18:53:48.392845,0:10:17.387597,0.0,16.1
2022-09-14 18:43:31.032218,2022-09-14 18:43:31.044011,2022-09-14 18:53:48.401001,0:10:17.368734,20.0,16.1
2022-09-14 18:43:31.026076,2022-09-14 18:43:31.033276,2022-09-14 18:53:48.414059,0:10:17.387933,14.3,16.1
2022-09-14 18:43:31.026898,2022-09-14 18:43:31.050292,2022-09-14 18:53:48.419364,0:10:17.392417,50.0,16.1
2022-09-14 18:43:31.004913,2022-09-14 18:43:31.026798,2022-09-14 18:53:48.427399,0:10:17.422438,0.0,16.1
2022-09-14 18:43:31.020431,2022-09-14 18:43:31.043807,2022-09-14 18:53:48.445664,0:10:17.425164,18.2,16.1
2022-09-14 18:43:31.083345,2022-09-14 18:43:31.084326,2022-09-14 18:53:48.498273,0:10:17.414872,18.8,16.1
2022-09-14 18:43:31.071575,2022-09-14 18:43:31.078666,2022-09-14 18:53:48.508293,0:10:17.436667,33.3,16.1
2022-09-14 18:43:31.088947,2022-09-14 18:43:31.096197,2022-09-14 18:53:48.544395,0:10:17.455398,18.2,16.1
2022-09-14 18:43:31.095508,2022-09-14 18:43:31.102644,2022-09-14 18:53:48.556596,0:10:17.461038,14.3,16.1
2022-09-14 18:43:31.071868,2022-09-14 18:43:31.078585,2022-09-14 18:53:48.571178,0:10:17.499261,22.2,16.1
2022-09-14 18:43:31.095754,2022-09-14 18:43:31.097176,2022-09-14 18:53:48.576399,0:10:17.480596,0.0,16.1
2022-09-14 18:43:31.095250,2022-09-14 18:43:31.097260,2022-09-14 18:53:48.588387,0:10:17.493088,14.3,16.1
2022-09-14 18:43:31.094815,2022-09-14 18:43:31.129652,2022-09-14 18:53:48.623582,0:10:17.528716,19.0,16.1
2022-09-14 18:43:31.089184,2022-09-14 18:43:31.095853,2022-09-14 18:53:48.660246,0:10:17.571012,18.2,16.1
2022-09-14 18:43:31.089409,2022-09-14 18:43:31.097138,2022-09-14 18:53:48.703727,0:10:17.614263,19.2,16.1
2022-09-14 18:43:31.156959,2022-09-14 18:43:31.163523,2022-09-14 18:53:48.724713,0:10:17.567702,16.7,16.1
2022-09-14 18:43:31.155924,2022-09-14 18:43:31.163293,2022-09-14 18:53:48.738472,0:10:17.582499,12.5,16.1
2022-09-14 18:43:31.156423,2022-09-14 18:43:31.163017,2022-09-14 18:53:48.746320,0:10:17.589849,20.0,16.1
2022-09-14 18:43:31.162941,2022-09-14 18:43:31.180136,2022-09-14 18:53:48.762379,0:10:17.599389,30.0,16.1
2022-09-14 18:43:31.156710,2022-09-14 18:43:31.169524,2022-09-14 18:53:48.773141,0:10:17.616383,28.6,16.1
2022-09-14 18:43:31.150589,2022-09-14 18:43:31.163407,2022-09-14 18:53:48.778292,0:10:17.627656,0.0,16.1
2022-09-14 18:43:31.139537,2022-09-14 18:43:31.157933,2022-09-14 18:53:48.790868,0:10:17.651283,25.0,16.1
2022-09-14 18:43:31.150362,2022-09-14 18:43:31.157387,2022-09-14 18:53:48.796056,0:10:17.645646,33.3,16.1
2022-09-14 18:43:31.156117,2022-09-14 18:43:31.180347,2022-09-14 18:53:48.804171,0:10:17.648006,20.0,16.1
2022-09-14 18:43:31.150154,2022-09-14 18:43:31.163800,2022-09-14 18:53:48.833904,0:10:17.683701,22.2,16.1
2022-09-14 18:43:31.211355,2022-09-14 18:43:31.213174,2022-09-14 18:53:48.875872,0:10:17.664467,16.0,16.1
2022-09-14 18:43:31.218674,2022-09-14 18:43:31.220157,2022-09-14 18:53:48.904300,0:10:17.685574,18.7,16.1
2022-09-14 18:43:31.218541,2022-09-14 18:43:31.220336,2022-09-14 18:53:48.914317,0:10:17.695723,28.6,16.1
2022-09-14 18:43:31.218808,2022-09-14 18:43:31.220984,2022-09-14 18:53:48.926330,0:10:17.707470,14.3,16.1
2022-09-14 18:43:31.219892,2022-09-14 18:43:31.220984,2022-09-14 18:53:48.946463,0:10:17.726520,30.8,16.1
2022-09-14 18:43:31.218361,2022-09-14 18:43:31.219909,2022-09-14 18:53:48.969336,0:10:17.750925,21.4,16.1
2022-09-14 18:43:31.212524,2022-09-14 18:43:31.219729,2022-09-14 18:53:48.974706,0:10:17.762132,25.0,16.1
2022-09-14 18:43:31.211183,2022-09-14 18:43:31.220567,2022-09-14 18:53:48.990482,0:10:17.779251,12.5,16.1
2022-09-14 18:43:31.225783,2022-09-14 18:43:31.249071,2022-09-14 18:53:49.004766,0:10:17.778934,22.2,16.1
2022-09-14 18:43:31.219653,2022-09-14 18:43:31.220984,2022-09-14 18:53:49.014801,0:10:17.795098,16.7,16.1
2022-09-14 18:43:31.281798,2022-09-14 18:43:31.293289,2022-09-14 18:53:49.085467,0:10:17.803613,19.0,16.1
2022-09-14 18:43:31.291487,2022-09-14 18:43:31.293048,2022-09-14 18:53:49.095491,0:10:17.803952,28.6,16.1
2022-09-14 18:43:31.291706,2022-09-14 18:43:31.315212,2022-09-14 18:53:49.115618,0:10:17.823862,18.2,16.1
2022-09-14 18:43:31.275908,2022-09-14 18:43:31.293428,2022-09-14 18:53:49.135840,0:10:17.859882,16.7,16.1
2022-09-14 18:43:31.281604,2022-09-14 18:43:31.292710,2022-09-14 18:53:49.159260,0:10:17.877606,21.4,16.1
2022-09-14 18:43:31.292057,2022-09-14 18:43:31.304302,2022-09-14 18:53:49.164692,0:10:17.872579,25.0,16.1
2022-09-14 18:43:31.281431,2022-09-14 18:43:31.293015,2022-09-14 18:53:49.169893,0:10:17.888414,0.0,16.1
2022-09-14 18:43:31.282040,2022-09-14 18:43:31.304302,2022-09-14 18:53:49.177826,0:10:17.895737,20.0,16.1
2022-09-14 18:43:31.275732,2022-09-14 18:43:31.292710,2022-09-14 18:53:49.187726,0:10:17.911945,28.6,16.1
2022-09-14 18:43:31.314430,2022-09-14 18:43:31.321245,2022-09-14 18:53:49.215886,0:10:17.901407,18.8,16.1
2022-09-14 18:43:31.342069,2022-09-14 18:43:31.343654,2022-09-14 18:53:49.229834,0:10:17.887716,12.5,16.1
2022-09-14 18:43:31.341743,2022-09-14 18:43:31.343510,2022-09-14 18:53:49.261253,0:10:17.919462,21.1,16.1
2022-09-14 18:43:31.354090,2022-09-14 18:43:31.360954,2022-09-14 18:53:49.292069,0:10:17.937929,25.0,16.1
2022-09-14 18:43:31.342603,2022-09-14 18:43:31.361266,2022-09-14 18:53:49.316401,0:10:17.973743,20.0,16.1
2022-09-14 18:43:31.341607,2022-09-14 18:43:31.348909,2022-09-14 18:53:49.327271,0:10:17.985612,16.7,16.1
2022-09-14 18:43:31.353920,2022-09-14 18:43:31.360452,2022-09-14 18:53:49.332670,0:10:17.978694,0.0,16.1
2022-09-14 18:43:31.360413,2022-09-14 18:43:31.367283,2022-09-14 18:53:49.350540,0:10:17.990078,18.2,16.1
2022-09-14 18:43:31.348528,2022-09-14 18:43:31.360875,2022-09-14 18:53:49.360513,0:10:18.011937,20.0,16.1
2022-09-14 18:43:31.360890,2022-09-14 18:43:31.366950,2022-09-14 18:53:49.374557,0:10:18.013618,12.5,16.1
2022-09-14 18:43:31.377870,2022-09-14 18:43:31.378770,2022-09-14 18:53:49.404438,0:10:18.026520,16.7,16.1
2022-09-14 18:43:31.404518,2022-09-14 18:43:31.410758,2022-09-14 18:53:49.462578,0:10:18.058009,17.6,16.1
2022-09-14 18:43:31.415920,2022-09-14 18:43:31.417833,2022-09-14 18:53:49.472963,0:10:18.056994,28.6,16.1
2022-09-14 18:43:31.410003,2022-09-14 18:43:31.417009,2022-09-14 18:53:49.483084,0:10:18.073032,33.3,16.1
2022-09-14 18:43:31.416198,2022-09-14 18:43:31.417209,2022-09-14 18:53:49.495167,0:10:18.078920,14.3,16.1
2022-09-14 18:43:31.417281,2022-09-14 18:43:31.424185,2022-09-14 18:53:49.515280,0:10:18.097951,23.1,16.1
2022-09-14 18:43:31.416631,2022-09-14 18:43:31.418162,2022-09-14 18:53:49.523265,0:10:18.106586,25.0,16.1
2022-09-14 18:43:31.422925,2022-09-14 18:43:31.423863,2022-09-14 18:53:49.539044,0:10:18.116070,11.1,16.1
2022-09-14 18:43:31.415568,2022-09-14 18:43:31.417701,2022-09-14 18:53:49.551014,0:10:18.135398,14.3,16.1
2022-09-14 18:43:31.440578,2022-09-14 18:43:31.441884,2022-09-14 18:53:49.563018,0:10:18.122392,25.0,16.1
2022-09-14 18:43:31.429374,2022-09-14 18:43:31.435680,2022-09-14 18:53:49.573113,0:10:18.143690,20.0,16.1
2022-09-14 18:43:31.473082,2022-09-14 18:43:31.482390,2022-09-14 18:53:49.641398,0:10:18.168266,19.0,16.1
2022-09-14 18:43:31.481258,2022-09-14 18:43:31.498808,2022-09-14 18:53:49.657750,0:10:18.176442,22.2,16.1
2022-09-14 18:43:31.481116,2022-09-14 18:43:31.493409,2022-09-14 18:53:49.668106,0:10:18.186940,16.7,16.1
2022-09-14 18:43:31.480931,2022-09-14 18:43:31.493315,2022-09-14 18:53:49.700089,0:10:18.219108,20.0,16.1
2022-09-14 18:43:31.492308,2022-09-14 18:43:31.493315,2022-09-14 18:53:49.708305,0:10:18.215948,20.0,16.1
2022-09-14 18:43:31.486779,2022-09-14 18:43:31.487862,2022-09-14 18:53:49.728371,0:10:18.241543,18.2,16.1
2022-09-14 18:43:31.508395,2022-09-14 18:43:31.526026,2022-09-14 18:53:49.744655,0:10:18.236200,20.0,16.1
2022-09-14 18:43:31.535938,2022-09-14 18:43:31.542822,2022-09-14 18:53:49.776468,0:10:18.240481,16.7,16.1
2022-09-14 18:43:31.486599,2022-09-14 18:43:31.543099,2022-09-14 18:53:49.791159,0:10:18.304511,22.2,16.1
2022-09-14 18:43:31.547637,2022-09-14 18:43:31.548889,2022-09-14 18:53:49.806998,0:10:18.259311,20.0,16.1
2022-09-14 18:43:31.508589,2022-09-14 18:43:31.531419,2022-09-14 18:53:49.820927,0:10:18.312289,14.3,16.1
2022-09-14 18:43:31.554107,2022-09-14 18:43:31.561009,2022-09-14 18:53:49.832974,0:10:18.278818,14.3,16.1
2022-09-14 18:43:31.554823,2022-09-14 18:43:31.566703,2022-09-14 18:53:49.860335,0:10:18.305462,18.7,16.1
2022-09-14 18:43:31.473251,2022-09-14 18:43:31.509328,2022-09-14 18:53:49.873326,0:10:18.400023,12.5,16.1
2022-09-14 18:43:31.553810,2022-09-14 18:43:31.555156,2022-09-14 18:53:49.889678,0:10:18.335811,30.0,16.1
2022-09-14 18:43:31.548033,2022-09-14 18:43:31.549129,2022-09-14 18:53:49.897925,0:10:18.349843,0.0,16.1
2022-09-14 18:43:31.542159,2022-09-14 18:43:31.572490,2022-09-14 18:53:49.917954,0:10:18.375745,23.1,16.1
2022-09-14 18:43:31.571489,2022-09-14 18:43:31.584034,2022-09-14 18:53:49.927981,0:10:18.356443,33.3,16.1
2022-09-14 18:43:31.577183,2022-09-14 18:43:31.594595,2022-09-14 18:53:49.938133,0:10:18.360900,16.7,16.1
2022-09-14 18:43:31.610314,2022-09-14 18:43:31.617941,2022-09-14 18:53:49.986150,0:10:18.375787,20.7,16.1
2022-09-14 18:43:31.616814,2022-09-14 18:43:31.633826,2022-09-14 18:53:50.010368,0:10:18.393503,18.8,16.1
2022-09-14 18:43:31.633133,2022-09-14 18:43:31.634158,2022-09-14 18:53:50.018367,0:10:18.385186,20.0,16.1
2022-09-14 18:43:31.547503,2022-09-14 18:43:31.578493,2022-09-14 18:53:50.042216,0:10:18.494664,21.4,16.1
2022-09-14 18:43:31.610783,2022-09-14 18:43:31.618033,2022-09-14 18:53:50.050340,0:10:18.439508,20.0,16.1
2022-09-14 18:43:31.616500,2022-09-14 18:43:31.617613,2022-09-14 18:53:50.060467,0:10:18.443919,37.5,16.1
2022-09-14 18:43:31.638925,2022-09-14 18:43:31.657098,2022-09-14 18:53:50.126524,0:10:18.487547,20.0,16.1
2022-09-14 18:43:31.639073,2022-09-14 18:43:31.656862,2022-09-14 18:53:50.136670,0:10:18.497540,28.6,16.1
2022-09-14 18:43:31.610128,2022-09-14 18:43:31.646645,2022-09-14 18:53:50.152975,0:10:18.542798,12.5,16.1
2022-09-14 18:43:31.678446,2022-09-14 18:43:31.695937,2022-09-14 18:53:50.163046,0:10:18.484551,28.6,16.1
2022-09-14 18:43:31.672160,2022-09-14 18:43:31.679089,2022-09-14 18:53:50.173183,0:10:18.500973,16.7,16.1
2022-09-14 18:43:31.678049,2022-09-14 18:43:31.679056,2022-09-14 18:53:50.181139,0:10:18.503040,20.0,16.1
2022-09-14 18:43:31.677632,2022-09-14 18:43:31.690066,2022-09-14 18:53:50.191145,0:10:18.513466,33.3,16.1
2022-09-14 18:43:31.700656,2022-09-14 18:43:31.707683,2022-09-14 18:53:50.221165,0:10:18.520460,16.7,16.1
2022-09-14 18:43:31.609992,2022-09-14 18:43:31.617781,2022-09-14 18:53:50.247145,0:10:18.637103,25.0,16.1
2022-09-14 18:43:31.689010,2022-09-14 18:43:31.723927,2022-09-14 18:53:50.279304,0:10:18.590244,15.8,16.1
2022-09-14 18:43:31.706213,2022-09-14 18:43:31.713078,2022-09-14 18:53:50.284683,0:10:18.578414,0.0,16.1
2022-09-14 18:43:31.733823,2022-09-14 18:43:31.734835,2022-09-14 18:53:50.307522,0:10:18.573649,21.4,16.1
2022-09-14 18:43:31.616342,2022-09-14 18:43:31.651155,2022-09-14 18:53:50.342071,0:10:18.725678,15.0,16.1
2022-09-14 18:43:31.677486,2022-09-14 18:43:31.751752,2022-09-14 18:53:50.354294,0:10:18.676757,25.0,16.1
2022-09-14 18:43:31.706349,2022-09-14 18:43:31.757466,2022-09-14 18:53:50.364261,0:10:18.657863,16.7,16.1
2022-09-14 18:43:31.739536,2022-09-14 18:43:31.745990,2022-09-14 18:53:50.372255,0:10:18.632671,25.0,16.1
2022-09-14 18:43:31.739668,2022-09-14 18:43:31.746330,2022-09-14 18:53:50.382418,0:10:18.642702,16.7,16.1
2022-09-14 18:43:31.677798,2022-09-14 18:43:31.713078,2022-09-14 18:53:50.390505,0:10:18.712659,33.3,16.1
2022-09-14 18:43:31.751137,2022-09-14 18:43:31.757438,2022-09-14 18:53:50.426757,0:10:18.675555,19.0,16.1
2022-09-14 18:43:31.739401,2022-09-14 18:43:31.757990,2022-09-14 18:53:50.436774,0:10:18.697324,16.7,16.1
2022-09-14 18:43:31.756549,2022-09-14 18:43:31.757990,2022-09-14 18:53:50.448956,0:10:18.692358,14.3,16.1
2022-09-14 18:43:31.773569,2022-09-14 18:43:31.774910,2022-09-14 18:53:50.466971,0:10:18.693353,20.0,16.1
2022-09-14 18:43:31.768066,2022-09-14 18:43:31.775040,2022-09-14 18:53:50.474881,0:10:18.706768,20.0,16.1
2022-09-14 18:43:31.805616,2022-09-14 18:43:31.818363,2022-09-14 18:53:50.512958,0:10:18.707294,14.3,16.1
2022-09-14 18:43:31.818397,2022-09-14 18:43:31.819504,2022-09-14 18:53:50.545015,0:10:18.726568,20.0,16.1
2022-09-14 18:43:31.800343,2022-09-14 18:43:31.818272,2022-09-14 18:53:50.562961,0:10:18.762569,18.2,16.1
2022-09-14 18:43:31.762437,2022-09-14 18:43:31.807292,2022-09-14 18:53:50.573215,0:10:18.810729,33.3,16.1
2022-09-14 18:43:31.818185,2022-09-14 18:43:31.830853,2022-09-14 18:53:50.583095,0:10:18.764861,16.7,16.1
2022-09-14 18:43:31.784717,2022-09-14 18:43:31.830297,2022-09-14 18:53:50.605630,0:10:18.820863,15.4,16.1
2022-09-14 18:43:31.841189,2022-09-14 18:43:31.869004,2022-09-14 18:53:50.661166,0:10:18.819920,22.9,16.1
2022-09-14 18:43:31.829427,2022-09-14 18:43:31.869414,2022-09-14 18:53:50.672056,0:10:18.842577,16.7,16.1
2022-09-14 18:43:31.829662,2022-09-14 18:43:31.830688,2022-09-14 18:53:50.679530,0:10:18.849817,20.0,16.1
2022-09-14 18:43:31.879704,2022-09-14 18:43:31.891499,2022-09-14 18:53:50.706676,0:10:18.826911,18.7,16.1
2022-09-14 18:43:31.862738,2022-09-14 18:43:31.874798,2022-09-14 18:53:50.734770,0:10:18.871961,18.8,16.1
2022-09-14 18:43:31.890515,2022-09-14 18:43:31.898124,2022-09-14 18:53:50.740460,0:10:18.849892,0.0,16.1
2022-09-14 18:43:31.806034,2022-09-14 18:43:31.818272,2022-09-14 18:53:50.757371,0:10:18.951286,20.0,16.1
2022-09-14 18:43:31.890322,2022-09-14 18:43:31.898069,2022-09-14 18:53:50.769825,0:10:18.879453,28.6,16.1
2022-09-14 18:43:31.868216,2022-09-14 18:43:31.875017,2022-09-14 18:53:50.783364,0:10:18.915095,22.2,16.1
2022-09-14 18:43:31.868371,2022-09-14 18:43:31.904012,2022-09-14 18:53:50.801042,0:10:18.932614,11.1,16.1
2022-09-14 18:43:31.817244,2022-09-14 18:43:31.853164,2022-09-14 18:53:50.811656,0:10:18.994351,28.6,16.1
2022-09-14 18:43:31.902621,2022-09-14 18:43:31.920277,2022-09-14 18:53:50.828632,0:10:18.925944,20.0,16.1
2022-09-14 18:43:31.936457,2022-09-14 18:43:31.937548,2022-09-14 18:53:50.880486,0:10:18.943974,18.7,16.1
2022-09-14 18:43:31.891131,2022-09-14 18:43:31.897560,2022-09-14 18:53:50.899591,0:10:19.008406,18.2,16.1
2022-09-14 18:43:31.958097,2022-09-14 18:43:31.965225,2022-09-14 18:53:50.939243,0:10:18.981088,20.8,16.1
2022-09-14 18:43:31.958347,2022-09-14 18:43:31.975212,2022-09-14 18:53:50.949453,0:10:18.991054,16.7,16.1
2022-09-14 18:43:31.958511,2022-09-14 18:43:31.964638,2022-09-14 18:53:50.961388,0:10:19.002825,16.7,16.1
2022-09-14 18:43:31.930524,2022-09-14 18:43:31.937314,2022-09-14 18:53:50.971749,0:10:19.041171,28.6,16.1
2022-09-14 18:43:31.868529,2022-09-14 18:43:31.897560,2022-09-14 18:53:50.994252,0:10:19.125671,15.4,16.1
2022-09-14 18:43:31.930736,2022-09-14 18:43:31.942794,2022-09-14 18:53:51.009177,0:10:19.078388,30.0,16.1
2022-09-14 18:43:31.891015,2022-09-14 18:43:31.931457,2022-09-14 18:53:51.017353,0:10:19.126286,20.0,16.1
2022-09-14 18:43:31.952738,2022-09-14 18:43:31.953715,2022-09-14 18:53:51.045596,0:10:19.092807,18.7,16.1
2022-09-14 18:43:31.963857,2022-09-14 18:43:31.965129,2022-09-14 18:53:51.054125,0:10:19.090216,33.3,16.1
2022-09-14 18:43:31.924646,2022-09-14 18:43:31.998141,2022-09-14 18:53:51.072896,0:10:19.148199,18.2,16.1
2022-09-14 18:43:31.990804,2022-09-14 18:43:31.992721,2022-09-14 18:53:51.083140,0:10:19.092286,28.6,16.1
2022-09-14 18:43:31.990955,2022-09-14 18:43:31.998311,2022-09-14 18:53:51.099180,0:10:19.108176,20.0,16.1
2022-09-14 18:43:32.013990,2022-09-14 18:43:32.020943,2022-09-14 18:53:51.114977,0:10:19.100937,22.2,16.1
2022-09-14 18:43:31.991751,2022-09-14 18:43:32.020272,2022-09-14 18:53:51.143285,0:10:19.151483,12.5,16.1
2022-09-14 18:43:32.025795,2022-09-14 18:43:32.027349,2022-09-14 18:53:51.153197,0:10:19.127352,16.7,16.1
2022-09-14 18:43:32.026406,2022-09-14 18:43:32.032975,2022-09-14 18:53:51.163225,0:10:19.136770,33.3,16.1
2022-09-14 18:43:31.997144,2022-09-14 18:43:32.009574,2022-09-14 18:53:51.178791,0:10:19.181597,20.0,16.1
2022-09-14 18:43:32.019701,2022-09-14 18:43:32.055783,2022-09-14 18:53:51.219774,0:10:19.200019,16.7,16.1
2022-09-14 18:43:32.019493,2022-09-14 18:43:32.026770,2022-09-14 18:53:51.225052,0:10:19.205509,0.0,16.1
2022-09-14 18:43:32.054016,2022-09-14 18:43:32.071820,2022-09-14 18:53:51.245053,0:10:19.190986,23.1,16.1
2022-09-14 18:43:32.054175,2022-09-14 18:43:32.055101,2022-09-14 18:53:51.291534,0:10:19.237304,21.4,16.1
2022-09-14 18:43:32.071133,2022-09-14 18:43:32.089876,2022-09-14 18:53:51.320227,0:10:19.249042,17.6,16.1
2022-09-14 18:43:32.083014,2022-09-14 18:43:32.089736,2022-09-14 18:53:51.330213,0:10:19.247148,20.0,16.1
2022-09-14 18:43:32.088918,2022-09-14 18:43:32.095866,2022-09-14 18:53:51.342426,0:10:19.253458,14.3,16.1
2022-09-14 18:43:32.054790,2022-09-14 18:43:32.077742,2022-09-14 18:53:51.354514,0:10:19.299674,14.3,16.1
2022-09-14 18:43:32.077081,2022-09-14 18:43:32.089904,2022-09-14 18:53:51.372876,0:10:19.295745,25.0,16.1
2022-09-14 18:43:32.094622,2022-09-14 18:43:32.095609,2022-09-14 18:53:51.402849,0:10:19.308177,17.6,16.1
2022-09-14 18:43:32.116706,2022-09-14 18:43:32.118041,2022-09-14 18:53:51.413005,0:10:19.296248,16.7,16.1
2022-09-14 18:43:32.060431,2022-09-14 18:43:32.083896,2022-09-14 18:53:51.421077,0:10:19.360596,20.0,16.1
2022-09-14 18:43:32.083342,2022-09-14 18:43:32.084299,2022-09-14 18:53:51.447617,0:10:19.364220,20.0,16.1
2022-09-14 18:43:32.116492,2022-09-14 18:43:32.123512,2022-09-14 18:53:51.455576,0:10:19.339034,20.0,16.1
2022-09-14 18:43:32.134572,2022-09-14 18:43:32.135788,2022-09-14 18:53:51.487352,0:10:19.352730,15.8,16.1
2022-09-14 18:43:32.151764,2022-09-14 18:43:32.152866,2022-09-14 18:53:51.497485,0:10:19.345673,20.0,16.1
2022-09-14 18:43:32.117147,2022-09-14 18:43:32.123513,2022-09-14 18:53:51.515800,0:10:19.398604,18.2,16.1
2022-09-14 18:43:32.151533,2022-09-14 18:43:32.152512,2022-09-14 18:53:51.525758,0:10:19.374176,16.7,16.1
2022-09-14 18:43:32.146093,2022-09-14 18:43:32.152866,2022-09-14 18:53:51.535853,0:10:19.389712,33.3,16.1
2022-09-14 18:43:32.122927,2022-09-14 18:43:32.135498,2022-09-14 18:53:51.555979,0:10:19.433003,16.7,16.1
2022-09-14 18:43:32.146247,2022-09-14 18:43:32.175354,2022-09-14 18:53:51.576032,0:10:19.429736,16.7,16.1
2022-09-14 18:43:32.174628,2022-09-14 18:43:32.181639,2022-09-14 18:53:51.596310,0:10:19.421629,18.2,16.1
2022-09-14 18:43:32.180640,2022-09-14 18:43:32.192680,2022-09-14 18:53:51.621094,0:10:19.440405,20.0,16.1
2022-09-14 18:43:32.180082,2022-09-14 18:43:32.203865,2022-09-14 18:53:51.631364,0:10:19.451232,28.6,16.1
2022-09-14 18:43:32.208462,2022-09-14 18:43:32.220433,2022-09-14 18:53:51.701925,0:10:19.493405,19.0,16.1
2022-09-14 18:43:32.180355,2022-09-14 18:43:32.236381,2022-09-14 18:53:51.715062,0:10:19.534653,30.0,16.1
2022-09-14 18:43:32.202784,2022-09-14 18:43:32.252138,2022-09-14 18:53:51.720519,0:10:19.517682,33.3,16.1
2022-09-14 18:43:32.251211,2022-09-14 18:43:32.263951,2022-09-14 18:53:51.755724,0:10:19.504460,15.0,16.1
2022-09-14 18:43:32.214237,2022-09-14 18:43:32.220433,2022-09-14 18:53:51.760946,0:10:19.546659,33.3,16.1
2022-09-14 18:43:32.219799,2022-09-14 18:43:32.236426,2022-09-14 18:53:51.769009,0:10:19.549161,0.0,16.1
2022-09-14 18:43:32.214094,2022-09-14 18:43:32.231159,2022-09-14 18:53:51.801225,0:10:19.587077,20.0,16.1
2022-09-14 18:43:32.268714,2022-09-14 18:43:32.275680,2022-09-14 18:53:51.817113,0:10:19.548348,22.2,16.1
2022-09-14 18:43:32.256767,2022-09-14 18:43:32.264101,2022-09-14 18:53:51.847325,0:10:19.590505,21.1,16.1
2022-09-14 18:43:32.197220,2022-09-14 18:43:32.209119,2022-09-14 18:53:51.865368,0:10:19.668097,20.0,16.1
2022-09-14 18:43:32.274254,2022-09-14 18:43:32.276510,2022-09-14 18:53:51.875098,0:10:19.600794,16.7,16.1
2022-09-14 18:43:32.274755,2022-09-14 18:43:32.276033,2022-09-14 18:53:51.886443,0:10:19.611640,16.7,16.1
2022-09-14 18:43:32.262385,2022-09-14 18:43:32.287828,2022-09-14 18:53:51.901343,0:10:19.638909,20.0,16.1
2022-09-14 18:43:32.262966,2022-09-14 18:43:32.282025,2022-09-14 18:53:51.909445,0:10:19.646431,25.0,16.1
2022-09-14 18:43:32.281082,2022-09-14 18:43:32.314846,2022-09-14 18:53:51.919621,0:10:19.638489,16.7,16.1
2022-09-14 18:43:32.274563,2022-09-14 18:43:32.275954,2022-09-14 18:53:51.977462,0:10:19.702847,22.2,16.1
2022-09-14 18:43:32.241197,2022-09-14 18:43:32.269496,2022-09-14 18:53:52.019032,0:10:19.777772,23.1,16.1
2022-09-14 18:43:32.324565,2022-09-14 18:43:32.349093,2022-09-14 18:53:52.027585,0:10:19.702965,20.0,16.1
2022-09-14 18:43:32.342702,2022-09-14 18:43:32.343684,2022-09-14 18:53:52.044580,0:10:19.701823,20.0,16.1
2022-09-14 18:43:32.335537,2022-09-14 18:43:32.349329,2022-09-14 18:53:52.055192,0:10:19.719603,16.7,16.1
2022-09-14 18:43:32.335909,2022-09-14 18:43:32.342928,2022-09-14 18:53:52.065884,0:10:19.729920,16.7,16.1
2022-09-14 18:43:32.313871,2022-09-14 18:43:32.336873,2022-09-14 18:53:52.078364,0:10:19.764442,25.0,16.1
2022-09-14 18:43:32.324797,2022-09-14 18:43:32.337065,2022-09-14 18:53:52.088875,0:10:19.764020,16.7,16.1
2022-09-14 18:43:32.336389,2022-09-14 18:43:32.371085,2022-09-14 18:53:52.105943,0:10:19.769499,20.0,16.1
2022-09-14 18:43:32.335702,2022-09-14 18:43:32.342968,2022-09-14 18:53:52.122392,0:10:19.786638,20.0,16.1
2022-09-14 18:43:32.375507,2022-09-14 18:43:32.387602,2022-09-14 18:53:52.153286,0:10:19.777725,21.1,16.1
2022-09-14 18:43:32.336586,2022-09-14 18:43:32.343322,2022-09-14 18:53:52.169828,0:10:19.833192,20.0,16.1
2022-09-14 18:43:32.341979,2022-09-14 18:43:32.370820,2022-09-14 18:53:52.179896,0:10:19.837868,33.3,16.1
2022-09-14 18:43:32.403077,2022-09-14 18:43:32.410161,2022-09-14 18:53:52.200268,0:10:19.797139,16.7,16.1
2022-09-14 18:43:32.408964,2022-09-14 18:43:32.410161,2022-09-14 18:53:52.238241,0:10:19.829224,17.4,16.1
2022-09-14 18:43:32.402922,2022-09-14 18:43:32.415561,2022-09-14 18:53:52.249163,0:10:19.846191,28.6,16.1
2022-09-14 18:43:32.420345,2022-09-14 18:43:32.426625,2022-09-14 18:53:52.261227,0:10:19.840833,25.0,16.1
2022-09-14 18:43:32.403596,2022-09-14 18:43:32.410161,2022-09-14 18:53:52.271474,0:10:19.867826,33.3,16.1
2022-09-14 18:43:32.431547,2022-09-14 18:43:32.438537,2022-09-14 18:53:52.291883,0:10:19.860286,16.7,16.1
2022-09-14 18:43:32.414566,2022-09-14 18:43:32.449934,2022-09-14 18:53:52.302172,0:10:19.887556,16.7,16.1
2022-09-14 18:43:32.392023,2022-09-14 18:43:32.437853,2022-09-14 18:53:52.340960,0:10:19.948885,20.8,16.1
2022-09-14 18:43:32.403256,2022-09-14 18:43:32.437853,2022-09-14 18:53:52.356932,0:10:19.953626,22.2,16.1
2022-09-14 18:43:32.436919,2022-09-14 18:43:32.438200,2022-09-14 18:53:52.379215,0:10:19.942245,21.4,16.1
2022-09-14 18:43:32.470934,2022-09-14 18:43:32.477503,2022-09-14 18:53:52.387491,0:10:19.916507,0.0,16.1
2022-09-14 18:43:32.476434,2022-09-14 18:43:32.498892,2022-09-14 18:53:52.412030,0:10:19.935545,21.4,16.1
2022-09-14 18:43:32.476591,2022-09-14 18:43:32.477503,2022-09-14 18:53:52.420024,0:10:19.943384,20.0,16.1
2022-09-14 18:43:32.492573,2022-09-14 18:43:32.514790,2022-09-14 18:53:52.438794,0:10:19.946170,18.2,16.1
2022-09-14 18:43:32.470717,2022-09-14 18:43:32.477503,2022-09-14 18:53:52.444134,0:10:19.973365,0.0,16.1
2022-09-14 18:43:32.454575,2022-09-14 18:43:32.483018,2022-09-14 18:53:52.456384,0:10:20.001759,28.6,16.1
2022-09-14 18:43:32.465320,2022-09-14 18:43:32.466316,2022-09-14 18:53:52.480556,0:10:20.015184,14.3,16.1
2022-09-14 18:43:32.503514,2022-09-14 18:43:32.532385,2022-09-14 18:53:52.505614,0:10:20.002048,20.0,16.1
2022-09-14 18:43:32.503763,2022-09-14 18:43:32.532497,2022-09-14 18:53:52.529670,0:10:20.025848,20.0,16.1
2022-09-14 18:43:32.532222,2022-09-14 18:43:32.544491,2022-09-14 18:53:52.567664,0:10:20.035383,21.7,16.1
2022-09-14 18:43:32.525888,2022-09-14 18:43:32.532763,2022-09-14 18:53:52.577588,0:10:20.051650,16.7,16.1
2022-09-14 18:43:32.519753,2022-09-14 18:43:32.521126,2022-09-14 18:53:52.599723,0:10:20.079918,16.7,16.1
2022-09-14 18:43:32.531967,2022-09-14 18:43:32.544449,2022-09-14 18:53:52.616159,0:10:20.084138,20.0,16.1
2022-09-14 18:43:32.543256,2022-09-14 18:43:32.561157,2022-09-14 18:53:52.624060,0:10:20.080755,20.0,16.1
2022-09-14 18:43:32.531325,2022-09-14 18:43:32.532851,2022-09-14 18:53:52.638092,0:10:20.106715,25.0,16.1
2022-09-14 18:43:32.537749,2022-09-14 18:43:32.560756,2022-09-14 18:53:52.654448,0:10:20.116650,27.3,16.1
2022-09-14 18:43:32.554348,2022-09-14 18:43:32.567688,2022-09-14 18:53:52.673692,0:10:20.119288,16.7,16.1
2022-09-14 18:43:32.578335,2022-09-14 18:43:32.590584,2022-09-14 18:53:52.692201,0:10:20.113817,18.2,16.1
2022-09-14 18:43:32.583823,2022-09-14 18:43:32.590447,2022-09-14 18:53:52.728222,0:10:20.144348,22.7,16.1
2022-09-14 18:43:32.595235,2022-09-14 18:43:32.596326,2022-09-14 18:53:52.749396,0:10:20.154110,16.7,16.1
2022-09-14 18:43:32.566354,2022-09-14 18:43:32.584893,2022-09-14 18:53:52.761532,0:10:20.195127,25.0,16.1
2022-09-14 18:43:32.638932,2022-09-14 18:43:32.640453,2022-09-14 18:53:52.805248,0:10:20.166265,19.2,16.1
2022-09-14 18:43:32.600970,2022-09-14 18:43:32.634338,2022-09-14 18:53:52.840961,0:10:20.239940,19.0,16.1
2022-09-14 18:43:32.639545,2022-09-14 18:43:32.662214,2022-09-14 18:53:52.846153,0:10:20.206560,25.0,16.1
2022-09-14 18:43:32.628053,2022-09-14 18:43:32.651076,2022-09-14 18:53:52.856132,0:10:20.228030,33.3,16.1
2022-09-14 18:43:32.650361,2022-09-14 18:43:32.662353,2022-09-14 18:53:52.864019,0:10:20.213610,0.0,16.1
2022-09-14 18:43:32.612026,2022-09-14 18:43:32.623250,2022-09-14 18:53:52.877928,0:10:20.265854,25.0,16.1
2022-09-14 18:43:32.606354,2022-09-14 18:43:32.629042,2022-09-14 18:53:52.887890,0:10:20.281487,28.6,16.1
2022-09-14 18:43:32.661069,2022-09-14 18:43:32.667624,2022-09-14 18:53:52.919957,0:10:20.258838,15.8,16.1
2022-09-14 18:43:32.661216,2022-09-14 18:43:32.667785,2022-09-14 18:53:52.946683,0:10:20.285410,18.7,16.1
2022-09-14 18:43:32.627899,2022-09-14 18:43:32.662454,2022-09-14 18:53:52.951923,0:10:20.323974,0.0,16.1
2022-09-14 18:43:32.678667,2022-09-14 18:43:32.684845,2022-09-14 18:53:52.960106,0:10:20.281391,20.0,16.1
2022-09-14 18:43:32.611900,2022-09-14 18:43:32.661782,2022-09-14 18:53:52.971989,0:10:20.360040,16.7,16.1
2022-09-14 18:43:32.666968,2022-09-14 18:43:32.696015,2022-09-14 18:53:52.991839,0:10:20.324822,23.1,16.1
2022-09-14 18:43:32.689656,2022-09-14 18:43:32.702342,2022-09-14 18:53:53.001935,0:10:20.312226,16.7,16.1
2022-09-14 18:43:32.695039,2022-09-14 18:43:32.696059,2022-09-14 18:53:53.016371,0:10:20.321283,33.3,16.1
2022-09-14 18:43:32.701854,2022-09-14 18:43:32.708173,2022-09-14 18:53:53.026324,0:10:20.324421,0.0,16.1
2022-09-14 18:43:32.723770,2022-09-14 18:43:32.735269,2022-09-14 18:53:53.081332,0:10:20.357505,18.2,16.1
2022-09-14 18:43:32.701256,2022-09-14 18:43:32.735269,2022-09-14 18:53:53.089724,0:10:20.388411,33.3,16.1
2022-09-14 18:43:32.678519,2022-09-14 18:43:32.702342,2022-09-14 18:53:53.127236,0:10:20.448663,25.0,16.1
2022-09-14 18:43:32.740524,2022-09-14 18:43:32.753103,2022-09-14 18:53:53.146460,0:10:20.405882,10.0,16.1
2022-09-14 18:43:32.751998,2022-09-14 18:43:32.753113,2022-09-14 18:53:53.154825,0:10:20.402773,33.3,16.1
2022-09-14 18:43:32.740152,2022-09-14 18:43:32.747091,2022-09-14 18:53:53.174160,0:10:20.433956,18.2,16.1
2022-09-14 18:43:32.723588,2022-09-14 18:43:32.741194,2022-09-14 18:53:53.182603,0:10:20.458961,20.0,16.1
2022-09-14 18:43:32.740037,2022-09-14 18:43:32.764237,2022-09-14 18:53:53.195295,0:10:20.455204,25.0,16.1
2022-09-14 18:43:32.768695,2022-09-14 18:43:32.780612,2022-09-14 18:53:53.234671,0:10:20.465916,17.4,16.1
2022-09-14 18:43:32.751539,2022-09-14 18:43:32.758506,2022-09-14 18:53:53.243052,0:10:20.491462,20.0,16.1
2022-09-14 18:43:32.774140,2022-09-14 18:43:32.791748,2022-09-14 18:53:53.263762,0:10:20.489551,16.7,16.1
2022-09-14 18:43:32.802460,2022-09-14 18:43:32.803446,2022-09-14 18:53:53.296537,0:10:20.494024,20.0,16.1
2022-09-14 18:43:32.763099,2022-09-14 18:43:32.797743,2022-09-14 18:53:53.304709,0:10:20.541555,0.0,16.1
2022-09-14 18:43:32.825120,2022-09-14 18:43:32.826094,2022-09-14 18:53:53.328843,0:10:20.503671,20.0,16.1
2022-09-14 18:43:32.785205,2022-09-14 18:43:32.792081,2022-09-14 18:53:53.355623,0:10:20.570363,23.5,16.1
2022-09-14 18:43:32.819125,2022-09-14 18:43:32.832155,2022-09-14 18:53:53.365908,0:10:20.546733,0.0,16.1
2022-09-14 18:43:32.807878,2022-09-14 18:43:32.814656,2022-09-14 18:53:53.387998,0:10:20.580070,33.3,16.1
2022-09-14 18:43:32.824982,2022-09-14 18:43:32.831889,2022-09-14 18:53:53.400813,0:10:20.575782,14.3,16.1
2022-09-14 18:43:32.813428,2022-09-14 18:43:32.820373,2022-09-14 18:53:53.406168,0:10:20.592691,0.0,16.1
2022-09-14 18:43:32.808045,2022-09-14 18:43:32.814474,2022-09-14 18:53:53.418590,0:10:20.610497,25.0,16.1
2022-09-14 18:43:32.837016,2022-09-14 18:43:32.838268,2022-09-14 18:53:53.438019,0:10:20.600954,18.2,16.1
2022-09-14 18:43:32.831213,2022-09-14 18:43:32.855527,2022-09-14 18:53:53.460809,0:10:20.629547,21.4,16.1
2022-09-14 18:43:32.871284,2022-09-14 18:43:32.882597,2022-09-14 18:53:53.493518,0:10:20.622184,15.8,16.1
2022-09-14 18:43:32.893518,2022-09-14 18:43:32.894565,2022-09-14 18:53:53.519849,0:10:20.626280,18.7,16.1
2022-09-14 18:43:32.849066,2022-09-14 18:43:32.855613,2022-09-14 18:53:53.534056,0:10:20.684940,12.5,16.1
2022-09-14 18:43:32.882569,2022-09-14 18:43:32.883681,2022-09-14 18:53:53.556141,0:10:20.673522,21.4,16.1
2022-09-14 18:43:32.881729,2022-09-14 18:43:32.883124,2022-09-14 18:53:53.591208,0:10:20.709426,19.0,16.1
2022-09-14 18:43:32.911465,2022-09-14 18:43:32.912454,2022-09-14 18:53:53.605370,0:10:20.693855,25.0,16.1
2022-09-14 18:43:32.894704,2022-09-14 18:43:32.895643,2022-09-14 18:53:53.617633,0:10:20.722875,14.3,16.1
2022-09-14 18:43:32.894002,2022-09-14 18:43:32.900882,2022-09-14 18:53:53.632922,0:10:20.738867,36.4,16.1
2022-09-14 18:43:32.905639,2022-09-14 18:43:32.906614,2022-09-14 18:53:53.641121,0:10:20.735433,20.0,16.1
2022-09-14 18:43:32.871017,2022-09-14 18:43:32.894593,2022-09-14 18:53:53.646501,0:10:20.775436,25.0,16.1
2022-09-14 18:43:32.894339,2022-09-14 18:43:32.906769,2022-09-14 18:53:53.674906,0:10:20.780517,18.7,16.1
2022-09-14 18:43:32.944653,2022-09-14 18:43:32.945803,2022-09-14 18:53:53.690982,0:10:20.746280,20.0,16.1
2022-09-14 18:43:32.967062,2022-09-14 18:43:32.973275,2022-09-14 18:53:53.733372,0:10:20.766258,16.0,16.1
2022-09-14 18:43:32.944951,2022-09-14 18:43:32.973407,2022-09-14 18:53:53.747655,0:10:20.802647,25.0,16.1
2022-09-14 18:43:32.950254,2022-09-14 18:43:32.951742,2022-09-14 18:53:53.762220,0:10:20.811917,22.2,16.1
2022-09-14 18:43:32.956265,2022-09-14 18:43:32.967674,2022-09-14 18:53:53.775472,0:10:20.819157,22.2,16.1
2022-09-14 18:43:32.944456,2022-09-14 18:43:32.951264,2022-09-14 18:53:53.800386,0:10:20.855877,14.3,16.2
2022-09-14 18:43:32.972905,2022-09-14 18:43:32.985362,2022-09-14 18:53:53.822828,0:10:20.849872,16.7,16.2
2022-09-14 18:43:32.973274,2022-09-14 18:43:32.985206,2022-09-14 18:53:53.843812,0:10:20.870487,15.4,16.1
2022-09-14 18:43:32.956477,2022-09-14 18:43:32.974500,2022-09-14 18:53:53.856299,0:10:20.899772,28.6,16.1
2022-09-14 18:43:33.006997,2022-09-14 18:43:33.023188,2022-09-14 18:53:53.890548,0:10:20.883500,15.0,16.2
2022-09-14 18:43:33.006632,2022-09-14 18:43:33.008067,2022-09-14 18:53:53.913292,0:10:20.906609,26.7,16.2
2022-09-14 18:43:32.972504,2022-09-14 18:43:32.985497,2022-09-14 18:53:53.918678,0:10:20.946117,33.3,16.2
2022-09-14 18:43:33.028382,2022-09-14 18:43:33.029433,2022-09-14 18:53:53.940608,0:10:20.912178,15.4,16.2
2022-09-14 18:43:33.012656,2022-09-14 18:43:33.022913,2022-09-14 18:53:53.948627,0:10:20.935919,20.0,16.2
2022-09-14 18:43:33.021663,2022-09-14 18:43:33.023841,2022-09-14 18:53:53.978817,0:10:20.957103,17.6,16.2
2022-09-14 18:43:33.022261,2022-09-14 18:43:33.051193,2022-09-14 18:53:54.015543,0:10:20.993229,18.2,16.1
2022-09-14 18:43:33.006477,2022-09-14 18:43:33.023545,2022-09-14 18:53:54.023745,0:10:21.017214,20.0,16.1
2022-09-14 18:43:33.050558,2022-09-14 18:43:33.052087,2022-09-14 18:53:54.029017,0:10:20.978411,0.0,16.1
2022-09-14 18:43:33.034235,2022-09-14 18:43:33.045919,2022-09-14 18:53:54.039093,0:10:21.004808,28.6,16.1
2022-09-14 18:43:33.073771,2022-09-14 18:43:33.075564,2022-09-14 18:53:54.071253,0:10:20.997432,16.7,16.1
2022-09-14 18:43:33.034002,2022-09-14 18:43:33.052179,2022-09-14 18:53:54.093563,0:10:21.059511,15.4,16.1
2022-09-14 18:43:33.085551,2022-09-14 18:43:33.086657,2022-09-14 18:53:54.114058,0:10:21.028443,23.1,16.1
2022-09-14 18:43:33.068189,2022-09-14 18:43:33.081064,2022-09-14 18:53:54.122300,0:10:21.054061,20.0,16.1
2022-09-14 18:43:33.073615,2022-09-14 18:43:33.074867,2022-09-14 18:53:54.140431,0:10:21.066767,27.3,16.1
2022-09-14 18:43:33.085856,2022-09-14 18:43:33.092663,2022-09-14 18:53:54.158456,0:10:21.072550,18.2,16.1
2022-09-14 18:43:33.102776,2022-09-14 18:43:33.108984,2022-09-14 18:53:54.201692,0:10:21.098858,16.0,16.2
2022-09-14 18:43:33.108693,2022-09-14 18:43:33.109966,2022-09-14 18:53:54.235197,0:10:21.126453,20.0,16.2
2022-09-14 18:43:33.091590,2022-09-14 18:43:33.109709,2022-09-14 18:53:54.252176,0:10:21.160537,20.0,16.2
2022-09-14 18:43:33.114567,2022-09-14 18:43:33.126215,2022-09-14 18:53:54.260675,0:10:21.146050,20.0,16.0
2022-09-14 18:43:33.141751,2022-09-14 18:43:33.142795,2022-09-14 18:53:54.272728,0:10:21.130927,14.3,16.0
2022-09-14 18:43:33.097225,2022-09-14 18:43:33.142795,2022-09-14 18:53:54.299321,0:10:21.202045,18.7,16.0
2022-09-14 18:43:33.147264,2022-09-14 18:43:33.148869,2022-09-14 18:53:54.315524,0:10:21.168202,22.2,16.0
2022-09-14 18:43:33.131027,2022-09-14 18:43:33.149040,2022-09-14 18:53:54.325826,0:10:21.194749,16.7,16.0
2022-09-14 18:43:33.147686,2022-09-14 18:43:33.154800,2022-09-14 18:53:54.343197,0:10:21.195460,20.0,16.0
2022-09-14 18:43:33.159589,2022-09-14 18:43:33.160964,2022-09-14 18:53:54.365997,0:10:21.206357,21.4,16.0
2022-09-14 18:43:33.154132,2022-09-14 18:43:33.155155,2022-09-14 18:53:54.376118,0:10:21.221936,16.7,16.0
2022-09-14 18:43:33.170681,2022-09-14 18:43:33.183113,2022-09-14 18:53:54.412086,0:10:21.241355,19.0,16.0
2022-09-14 18:43:33.176543,2022-09-14 18:43:33.183356,2022-09-14 18:53:54.427254,0:10:21.250661,22.2,16.0
2022-09-14 18:43:33.209215,2022-09-14 18:43:33.210470,2022-09-14 18:53:54.444886,0:10:21.235621,18.2,16.0
2022-09-14 18:43:33.182331,2022-09-14 18:43:33.204701,2022-09-14 18:53:54.460890,0:10:21.278509,30.0,16.0
2022-09-14 18:43:33.193519,2022-09-14 18:43:33.211309,2022-09-14 18:53:54.468798,0:10:21.275232,20.0,16.0
2022-09-14 18:43:33.227116,2022-09-14 18:43:33.228136,2022-09-14 18:53:54.500008,0:10:21.272842,16.7,16.0
2022-09-14 18:43:33.226829,2022-09-14 18:43:33.228213,2022-09-14 18:53:54.518898,0:10:21.292018,18.2,16.0
2022-09-14 18:43:33.171013,2022-09-14 18:43:33.210330,2022-09-14 18:53:54.554201,0:10:21.383136,19.0,16.0
2022-09-14 18:43:33.203862,2022-09-14 18:43:33.222199,2022-09-14 18:53:54.559438,0:10:21.355526,0.0,16.0
2022-09-14 18:43:33.209787,2022-09-14 18:43:33.233860,2022-09-14 18:53:54.577654,0:10:21.367811,20.0,16.0
2022-09-14 18:43:33.232617,2022-09-14 18:43:33.250691,2022-09-14 18:53:54.589567,0:10:21.356901,33.3,16.0
2022-09-14 18:43:33.260977,2022-09-14 18:43:33.262132,2022-09-14 18:53:54.620105,0:10:21.359072,21.1,16.0
2022-09-14 18:43:33.272176,2022-09-14 18:43:33.278991,2022-09-14 18:53:54.647989,0:10:21.375761,13.3,16.0
2022-09-14 18:43:33.244408,2022-09-14 18:43:33.295068,2022-09-14 18:53:54.660379,0:10:21.415921,25.0,16.0
2022-09-14 18:43:33.238899,2022-09-14 18:43:33.239919,2022-09-14 18:53:54.676401,0:10:21.437451,11.1,16.0
2022-09-14 18:43:33.260776,2022-09-14 18:43:33.278991,2022-09-14 18:53:54.694680,0:10:21.433846,20.0,16.0
2022-09-14 18:43:33.293882,2022-09-14 18:43:33.301083,2022-09-14 18:53:54.721000,0:10:21.427065,18.7,16.0
2022-09-14 18:43:33.272392,2022-09-14 18:43:33.289539,2022-09-14 18:53:54.731156,0:10:21.458712,28.6,16.0
2022-09-14 18:43:33.294041,2022-09-14 18:43:33.301167,2022-09-14 18:53:54.746125,0:10:21.452034,12.5,16.0
2022-09-14 18:43:33.300244,2022-09-14 18:43:33.307278,2022-09-14 18:53:54.751438,0:10:21.451141,33.3,16.0
2022-09-14 18:43:33.277831,2022-09-14 18:43:33.284348,2022-09-14 18:53:54.761891,0:10:21.484010,16.7,16.0
2022-09-14 18:43:33.305798,2022-09-14 18:43:33.307520,2022-09-14 18:53:54.769995,0:10:21.464149,20.0,16.0
2022-09-14 18:43:33.306019,2022-09-14 18:43:33.323816,2022-09-14 18:53:54.808279,0:10:21.502203,18.2,16.0
2022-09-14 18:43:33.323149,2022-09-14 18:43:33.324706,2022-09-14 18:53:54.821387,0:10:21.498183,22.2,16.0
2022-09-14 18:43:33.340699,2022-09-14 18:43:33.352831,2022-09-14 18:53:54.885793,0:10:21.545039,16.2,16.0
2022-09-14 18:43:33.346454,2022-09-14 18:43:33.363516,2022-09-14 18:53:54.894016,0:10:21.547510,33.3,16.0
2022-09-14 18:43:33.323673,2022-09-14 18:43:33.330272,2022-09-14 18:53:54.902344,0:10:21.578621,20.0,16.0
2022-09-14 18:43:33.362493,2022-09-14 18:43:33.363482,2022-09-14 18:53:54.916375,0:10:21.553831,33.3,16.0
2022-09-14 18:43:33.340442,2022-09-14 18:43:33.341533,2022-09-14 18:53:54.930660,0:10:21.590160,12.5,16.0
2022-09-14 18:43:33.357176,2022-09-14 18:43:33.364164,2022-09-14 18:53:54.950805,0:10:21.593578,16.7,16.0
2022-09-14 18:43:33.362993,2022-09-14 18:43:33.364580,2022-09-14 18:53:54.964726,0:10:21.601684,25.0,16.0
2022-09-14 18:43:33.369465,2022-09-14 18:43:33.391885,2022-09-14 18:53:55.010627,0:10:21.641107,15.4,16.0
2022-09-14 18:43:33.402039,2022-09-14 18:43:33.413685,2022-09-14 18:53:55.032018,0:10:21.629925,21.4,16.0
2022-09-14 18:43:33.380322,2022-09-14 18:43:33.391913,2022-09-14 18:53:55.046429,0:10:21.666052,12.5,16.0
2022-09-14 18:43:33.385654,2022-09-14 18:43:33.402762,2022-09-14 18:53:55.056554,0:10:21.670850,20.0,16.0
2022-09-14 18:43:33.413553,2022-09-14 18:43:33.414744,2022-09-14 18:53:55.066931,0:10:21.653328,16.7,16.0
2022-09-14 18:43:33.424693,2022-09-14 18:43:33.425802,2022-09-14 18:53:55.099174,0:10:21.674423,20.0,16.0
2022-09-14 18:43:33.412874,2022-09-14 18:43:33.425918,2022-09-14 18:53:55.104825,0:10:21.691898,0.0,16.0
2022-09-14 18:43:33.419374,2022-09-14 18:43:33.442340,2022-09-14 18:53:55.154535,0:10:21.735104,19.4,16.0
2022-09-14 18:43:33.430337,2022-09-14 18:43:33.442108,2022-09-14 18:53:55.166833,0:10:21.736440,16.7,16.0
2022-09-14 18:43:33.413229,2022-09-14 18:43:33.414611,2022-09-14 18:53:55.178225,0:10:21.764941,16.7,16.0
2022-09-14 18:43:33.474153,2022-09-14 18:43:33.475571,2022-09-14 18:53:55.196942,0:10:21.722734,25.0,16.0
2022-09-14 18:43:33.447045,2022-09-14 18:43:33.464299,2022-09-14 18:53:55.207366,0:10:21.760267,28.6,16.0
2022-09-14 18:43:33.474347,2022-09-14 18:43:33.475788,2022-09-14 18:53:55.219462,0:10:21.745065,14.3,16.0
2022-09-14 18:43:33.446714,2022-09-14 18:43:33.476063,2022-09-14 18:53:55.253125,0:10:21.806360,15.8,16.0
2022-09-14 18:43:33.446910,2022-09-14 18:43:33.469768,2022-09-14 18:53:55.266094,0:10:21.819134,22.2,16.0
2022-09-14 18:43:33.474670,2022-09-14 18:43:33.493163,2022-09-14 18:53:55.302964,0:10:21.828240,22.7,16.0
2022-09-14 18:43:33.509195,2022-09-14 18:43:33.516151,2022-09-14 18:53:55.315313,0:10:21.806065,14.3,16.0
2022-09-14 18:43:33.509012,2022-09-14 18:43:33.510813,2022-09-14 18:53:55.336655,0:10:21.827584,16.7,16.0
2022-09-14 18:43:33.503699,2022-09-14 18:43:33.510755,2022-09-14 18:53:55.344811,0:10:21.841062,20.0,16.0
2022-09-14 18:43:33.492461,2022-09-14 18:43:33.498658,2022-09-14 18:53:55.350094,0:10:21.857584,25.0,16.0
2022-09-14 18:43:33.486617,2022-09-14 18:43:33.538160,2022-09-14 18:53:55.379147,0:10:21.892477,22.2,16.0
2022-09-14 18:43:33.536500,2022-09-14 18:43:33.543363,2022-09-14 18:53:55.395342,0:10:21.858788,20.0,16.0
2022-09-14 18:43:33.536848,2022-09-14 18:43:33.549071,2022-09-14 18:53:55.409662,0:10:21.872757,14.3,16.0
2022-09-14 18:43:33.564854,2022-09-14 18:43:33.566465,2022-09-14 18:53:55.464667,0:10:21.899750,18.2,16.0
2022-09-14 18:43:33.536662,2022-09-14 18:43:33.548774,2022-09-14 18:53:55.472721,0:10:21.936007,20.0,16.0
2022-09-14 18:43:33.509697,2022-09-14 18:43:33.516151,2022-09-14 18:53:55.480889,0:10:21.971141,25.0,16.0
2022-09-14 18:43:33.565065,2022-09-14 18:43:33.566165,2022-09-14 18:53:55.496872,0:10:21.931757,20.0,16.0
2022-09-14 18:43:33.492150,2022-09-14 18:43:33.509859,2022-09-14 18:53:55.508780,0:10:22.016580,0.0,16.0
2022-09-14 18:43:33.548005,2022-09-14 18:43:33.566165,2022-09-14 18:53:55.539477,0:10:21.991421,21.1,16.0
2022-09-14 18:43:33.598093,2022-09-14 18:43:33.605546,2022-09-14 18:53:55.561801,0:10:21.963656,16.7,16.0
2022-09-14 18:43:33.581150,2022-09-14 18:43:33.604840,2022-09-14 18:53:55.573876,0:10:21.992675,33.3,16.0
2022-09-14 18:43:33.597925,2022-09-14 18:43:33.605488,2022-09-14 18:53:55.601855,0:10:22.003878,17.6,16.0
2022-09-14 18:43:33.610056,2022-09-14 18:43:33.611280,2022-09-14 18:53:55.621916,0:10:22.011809,25.0,16.0
2022-09-14 18:43:33.553654,2022-09-14 18:43:33.566465,2022-09-14 18:53:55.629945,0:10:22.076242,20.0,16.0
2022-09-14 18:43:33.632172,2022-09-14 18:43:33.638567,2022-09-14 18:53:55.655044,0:10:22.022822,20.0,16.0
2022-09-14 18:43:33.571064,2022-09-14 18:43:33.611057,2022-09-14 18:53:55.662498,0:10:22.091384,0.0,16.0
2022-09-14 18:43:33.626588,2022-09-14 18:43:33.633103,2022-09-14 18:53:55.674443,0:10:22.047805,25.0,16.0
2022-09-14 18:43:33.603868,2022-09-14 18:43:33.627651,2022-09-14 18:53:55.682332,0:10:22.078416,20.0,16.0
2022-09-14 18:43:33.597754,2022-09-14 18:43:33.644523,2022-09-14 18:53:55.698358,0:10:22.100555,22.2,16.0
2022-09-14 18:43:33.666271,2022-09-14 18:43:33.667629,2022-09-14 18:53:55.757676,0:10:22.091329,19.4,16.0
2022-09-14 18:43:33.665818,2022-09-14 18:43:33.667380,2022-09-14 18:53:55.773486,0:10:22.107600,20.0,16.0
2022-09-14 18:43:33.666034,2022-09-14 18:43:33.672977,2022-09-14 18:53:55.788649,0:10:22.122539,22.2,16.0
2022-09-14 18:43:33.621065,2022-09-14 18:43:33.644505,2022-09-14 18:53:55.797197,0:10:22.176068,20.0,16.0
2022-09-14 18:43:33.666452,2022-09-14 18:43:33.667593,2022-09-14 18:53:55.829797,0:10:22.163277,21.1,16.0
2022-09-14 18:43:33.660357,2022-09-14 18:43:33.673250,2022-09-14 18:53:55.843961,0:10:22.183538,22.2,16.0
2022-09-14 18:43:33.643018,2022-09-14 18:43:33.673250,2022-09-14 18:53:55.849586,0:10:22.206507,33.3,16.0
2022-09-14 18:43:33.689062,2022-09-14 18:43:33.695933,2022-09-14 18:53:55.854986,0:10:22.165865,40.0,16.0
2022-09-14 18:43:33.688672,2022-09-14 18:43:33.696465,2022-09-14 18:53:55.865484,0:10:22.176748,16.7,16.0
2022-09-14 18:43:33.688426,2022-09-14 18:43:33.689638,2022-09-14 18:53:55.873749,0:10:22.185258,20.0,16.0
2022-09-14 18:43:33.706471,2022-09-14 18:43:33.732124,2022-09-14 18:53:55.931357,0:10:22.224820,20.6,16.0
2022-09-14 18:43:33.711883,2022-09-14 18:43:33.718990,2022-09-14 18:53:55.947770,0:10:22.235826,20.0,16.0
2022-09-14 18:43:33.732202,2022-09-14 18:43:33.738341,2022-09-14 18:53:55.960178,0:10:22.227920,25.0,16.0
2022-09-14 18:43:33.731413,2022-09-14 18:43:33.732506,2022-09-14 18:53:55.968574,0:10:22.237088,0.0,16.0
2022-09-14 18:43:33.731969,2022-09-14 18:43:33.738517,2022-09-14 18:53:55.982844,0:10:22.250821,22.2,16.0
2022-09-14 18:43:33.765368,2022-09-14 18:43:33.771531,2022-09-14 18:53:56.012833,0:10:22.247412,22.2,16.1
2022-09-14 18:43:33.731238,2022-09-14 18:43:33.739139,2022-09-14 18:53:56.034916,0:10:22.303627,16.7,16.1
2022-09-14 18:43:33.737579,2022-09-14 18:43:33.750234,2022-09-14 18:53:56.047184,0:10:22.309555,25.0,16.1
2022-09-14 18:43:33.771028,2022-09-14 18:43:33.783120,2022-09-14 18:53:56.071857,0:10:22.300778,14.3,16.0
2022-09-14 18:43:33.770777,2022-09-14 18:43:33.783715,2022-09-14 18:53:56.092025,0:10:22.321193,16.7,16.0
2022-09-14 18:43:33.771191,2022-09-14 18:43:33.782929,2022-09-14 18:53:56.103959,0:10:22.332698,28.6,16.0
2022-09-14 18:43:33.794447,2022-09-14 18:43:33.796556,2022-09-14 18:53:56.128311,0:10:22.333811,14.3,16.0
2022-09-14 18:43:33.800570,2022-09-14 18:43:33.807506,2022-09-14 18:53:56.147769,0:10:22.347149,18.2,16.0
2022-09-14 18:43:33.782218,2022-09-14 18:43:33.789600,2022-09-14 18:53:56.160758,0:10:22.378460,25.0,16.0
2022-09-14 18:43:33.828437,2022-09-14 18:43:33.829499,2022-09-14 18:53:56.202610,0:10:22.374123,16.0,16.0
2022-09-14 18:43:33.794270,2022-09-14 18:43:33.818448,2022-09-14 18:53:56.210954,0:10:22.416636,20.0,16.0
2022-09-14 18:43:33.800013,2022-09-14 18:43:33.807323,2022-09-14 18:53:56.216441,0:10:22.416378,0.0,16.0
2022-09-14 18:43:33.839636,2022-09-14 18:43:33.840995,2022-09-14 18:53:56.240700,0:10:22.401015,25.0,16.0
2022-09-14 18:43:33.801270,2022-09-14 18:43:33.813032,2022-09-14 18:53:56.253749,0:10:22.452430,14.3,16.0
2022-09-14 18:43:33.840322,2022-09-14 18:43:33.863321,2022-09-14 18:53:56.296244,0:10:22.455869,22.2,16.1
2022-09-14 18:43:33.834066,2022-09-14 18:43:33.840176,2022-09-14 18:53:56.321656,0:10:22.487532,14.3,16.1
2022-09-14 18:43:33.856872,2022-09-14 18:43:33.875313,2022-09-14 18:53:56.333800,0:10:22.476877,28.6,16.1
2022-09-14 18:43:33.863055,2022-09-14 18:43:33.864334,2022-09-14 18:53:56.361987,0:10:22.498880,22.2,16.0
2022-09-14 18:43:33.845826,2022-09-14 18:43:33.852187,2022-09-14 18:53:56.370319,0:10:22.524443,20.0,16.0
2022-09-14 18:43:33.857031,2022-09-14 18:43:33.869770,2022-09-14 18:53:56.384882,0:10:22.527801,22.2,16.0
2022-09-14 18:43:33.862825,2022-09-14 18:43:33.869770,2022-09-14 18:53:56.407652,0:10:22.544762,21.4,16.0
2022-09-14 18:43:33.906208,2022-09-14 18:43:33.912514,2022-09-14 18:53:56.417728,0:10:22.511467,16.7,16.0
2022-09-14 18:43:33.862607,2022-09-14 18:43:33.869742,2022-09-14 18:53:56.440582,0:10:22.577923,28.6,16.1
2022-09-14 18:43:33.906369,2022-09-14 18:43:33.929945,2022-09-14 18:53:56.474403,0:10:22.567981,19.0,16.1
2022-09-14 18:43:33.923073,2022-09-14 18:43:33.941051,2022-09-14 18:53:56.498492,0:10:22.575364,21.4,16.1
2022-09-14 18:43:33.929085,2022-09-14 18:43:33.941051,2022-09-14 18:53:56.509763,0:10:22.580628,14.3,16.0
2022-09-14 18:43:33.895624,2022-09-14 18:43:33.918065,2022-09-14 18:53:56.517747,0:10:22.622073,25.0,16.0
2022-09-14 18:43:33.922899,2022-09-14 18:43:33.941355,2022-09-14 18:53:56.523234,0:10:22.600283,25.0,16.0
2022-09-14 18:43:33.923262,2022-09-14 18:43:33.924133,2022-09-14 18:53:56.537824,0:10:22.614513,22.2,16.0
2022-09-14 18:43:33.923604,2022-09-14 18:43:33.951998,2022-09-14 18:53:56.558047,0:10:22.634390,18.2,16.0
2022-09-14 18:43:33.895467,2022-09-14 18:43:33.907270,2022-09-14 18:53:56.566289,0:10:22.670772,20.0,16.0
2022-09-14 18:43:33.956739,2022-09-14 18:43:33.963377,2022-09-14 18:53:56.587049,0:10:22.630261,28.6,16.0
2022-09-14 18:43:33.922713,2022-09-14 18:43:33.946351,2022-09-14 18:53:56.592299,0:10:22.669538,0.0,16.0
2022-09-14 18:43:33.956641,2022-09-14 18:43:33.975341,2022-09-14 18:53:56.620345,0:10:22.663653,23.5,16.0
2022-09-14 18:43:33.974679,2022-09-14 18:43:33.975830,2022-09-14 18:53:56.634317,0:10:22.659588,12.5,16.0
2022-09-14 18:43:33.973673,2022-09-14 18:43:33.981526,2022-09-14 18:53:56.676568,0:10:22.702845,20.0,16.1
2022-09-14 18:43:33.991901,2022-09-14 18:43:33.993475,2022-09-14 18:53:56.684656,0:10:22.692698,0.0,16.1
2022-09-14 18:43:33.986351,2022-09-14 18:43:33.993132,2022-09-14 18:53:56.711033,0:10:22.724633,23.5,16.1
2022-09-14 18:43:33.992201,2022-09-14 18:43:34.004310,2022-09-14 18:53:56.719053,0:10:22.726802,0.0,16.1
2022-09-14 18:43:34.003956,2022-09-14 18:43:34.004889,2022-09-14 18:53:56.731329,0:10:22.727323,33.3,16.1
2022-09-14 18:43:33.986159,2022-09-14 18:43:33.992894,2022-09-14 18:53:56.739377,0:10:22.753168,20.0,16.1
2022-09-14 18:43:34.004226,2022-09-14 18:43:34.026983,2022-09-14 18:53:56.823464,0:10:22.819172,18.0,16.1
2022-09-14 18:43:34.020538,2022-09-14 18:43:34.063390,2022-09-14 18:53:56.841883,0:10:22.821281,10.0,16.0
2022-09-14 18:43:34.046585,2022-09-14 18:43:34.063470,2022-09-14 18:53:56.850014,0:10:22.803376,25.0,16.0
2022-09-14 18:43:34.046069,2022-09-14 18:43:34.057929,2022-09-14 18:53:56.860144,0:10:22.814023,28.6,16.0
2022-09-14 18:43:34.068083,2022-09-14 18:43:34.069689,2022-09-14 18:53:56.891992,0:10:22.823861,20.0,16.0
2022-09-14 18:43:34.068458,2022-09-14 18:43:34.085883,2022-09-14 18:53:56.902054,0:10:22.833548,20.0,16.0
2022-09-14 18:43:34.036922,2022-09-14 18:43:34.091283,2022-09-14 18:53:56.916253,0:10:22.879283,27.3,16.0
2022-09-14 18:43:34.057251,2022-09-14 18:43:34.069690,2022-09-14 18:53:56.931103,0:10:22.873802,12.5,16.0
2022-09-14 18:43:34.068614,2022-09-14 18:43:34.069616,2022-09-14 18:53:56.936393,0:10:22.867731,25.0,16.0
2022-09-14 18:43:34.036737,2022-09-14 18:43:34.058256,2022-09-14 18:53:56.946344,0:10:22.909559,20.0,16.0
2022-09-14 18:43:34.046399,2022-09-14 18:43:34.057929,2022-09-14 18:53:56.968467,0:10:22.922020,21.4,16.0
2022-09-14 18:43:34.090313,2022-09-14 18:43:34.091326,2022-09-14 18:53:56.976574,0:10:22.886212,20.0,16.0
2022-09-14 18:43:34.107749,2022-09-14 18:43:34.109664,2022-09-14 18:53:57.000945,0:10:22.893147,15.4,16.0
2022-09-14 18:43:34.107945,2022-09-14 18:43:34.132014,2022-09-14 18:53:57.025292,0:10:22.917295,20.0,16.0
2022-09-14 18:43:34.119666,2022-09-14 18:43:34.120919,2022-09-14 18:53:57.035145,0:10:22.915430,28.6,16.0
2022-09-14 18:43:34.107587,2022-09-14 18:43:34.143888,2022-09-14 18:53:57.083403,0:10:22.975761,14.8,16.0
2022-09-14 18:43:34.119823,2022-09-14 18:43:34.132582,2022-09-14 18:53:57.092153,0:10:22.972281,20.0,16.0
2022-09-14 18:43:34.131680,2022-09-14 18:43:34.143315,2022-09-14 18:53:57.097483,0:10:22.965753,25.0,16.0
2022-09-14 18:43:34.108341,2022-09-14 18:43:34.109664,2022-09-14 18:53:57.108473,0:10:23.000083,16.7,16.0
2022-09-14 18:43:34.170368,2022-09-14 18:43:34.171655,2022-09-14 18:53:57.155230,0:10:22.984809,18.5,16.0
2022-09-14 18:43:34.142983,2022-09-14 18:43:34.149143,2022-09-14 18:53:57.175290,0:10:23.032255,16.7,16.1
2022-09-14 18:43:34.170967,2022-09-14 18:43:34.182537,2022-09-14 18:53:57.195755,0:10:23.024737,23.1,16.1
2022-09-14 18:43:34.130799,2022-09-14 18:43:34.171392,2022-09-14 18:53:57.203734,0:10:23.072886,20.0,16.1
2022-09-14 18:43:34.170169,2022-09-14 18:43:34.177227,2022-09-14 18:53:57.215680,0:10:23.045452,16.7,16.1
2022-09-14 18:43:34.191938,2022-09-14 18:43:34.198183,2022-09-14 18:53:57.231658,0:10:23.039663,11.1,16.1
2022-09-14 18:43:34.214846,2022-09-14 18:43:34.231836,2022-09-14 18:53:57.269008,0:10:23.054113,18.2,16.1
2022-09-14 18:43:34.197841,2022-09-14 18:43:34.209496,2022-09-14 18:53:57.301848,0:10:23.103957,20.0,16.1
2022-09-14 18:43:34.197588,2022-09-14 18:43:34.214976,2022-09-14 18:53:57.311743,0:10:23.114106,20.0,16.1
2022-09-14 18:43:34.153881,2022-09-14 18:43:34.160269,2022-09-14 18:53:57.321845,0:10:23.167915,16.7,16.1
2022-09-14 18:43:34.203181,2022-09-14 18:43:34.216119,2022-09-14 18:53:57.339193,0:10:23.135962,27.3,16.1
2022-09-14 18:43:34.236165,2022-09-14 18:43:34.242806,2022-09-14 18:53:57.398206,0:10:23.161990,17.1,16.1
2022-09-14 18:43:34.258396,2022-09-14 18:43:34.282569,2022-09-14 18:53:57.406179,0:10:23.147733,20.0,16.1
2022-09-14 18:43:34.214627,2022-09-14 18:43:34.248456,2022-09-14 18:53:57.414313,0:10:23.199636,40.0,16.1
2022-09-14 18:43:34.264074,2022-09-14 18:43:34.265141,2022-09-14 18:53:57.448455,0:10:23.184332,19.0,16.1
2022-09-14 18:43:34.215410,2022-09-14 18:43:34.253767,2022-09-14 18:53:57.464556,0:10:23.249097,20.0,16.1
2022-09-14 18:43:34.275694,2022-09-14 18:43:34.281994,2022-09-14 18:53:57.475393,0:10:23.199650,28.6,16.1
2022-09-14 18:43:34.275521,2022-09-14 18:43:34.288129,2022-09-14 18:53:57.480585,0:10:23.205015,0.0,16.1
2022-09-14 18:43:34.263935,2022-09-14 18:43:34.293906,2022-09-14 18:53:57.494756,0:10:23.230758,22.2,16.1
2022-09-14 18:43:34.281260,2022-09-14 18:43:34.282316,2022-09-14 18:53:57.504872,0:10:23.223564,16.7,16.1
2022-09-14 18:43:34.275394,2022-09-14 18:43:34.310686,2022-09-14 18:53:57.514873,0:10:23.239430,20.0,16.1
2022-09-14 18:43:34.281589,2022-09-14 18:43:34.282569,2022-09-14 18:53:57.524957,0:10:23.243319,16.7,16.1
2022-09-14 18:43:34.241477,2022-09-14 18:43:34.248456,2022-09-14 18:53:57.532808,0:10:23.291284,0.0,16.1
2022-09-14 18:43:34.298500,2022-09-14 18:43:34.299412,2022-09-14 18:53:57.563147,0:10:23.264595,22.2,16.1
2022-09-14 18:43:34.310350,2022-09-14 18:43:34.328662,2022-09-14 18:53:57.595504,0:10:23.285103,20.0,16.0
2022-09-14 18:43:34.321363,2022-09-14 18:43:34.328188,2022-09-14 18:53:57.608593,0:10:23.287180,14.3,16.0
2022-09-14 18:43:34.327597,2022-09-14 18:43:34.339598,2022-09-14 18:53:57.633508,0:10:23.305860,14.3,16.1
2022-09-14 18:43:34.355756,2022-09-14 18:43:34.368132,2022-09-14 18:53:57.670313,0:10:23.314497,18.2,16.1
2022-09-14 18:43:34.356015,2022-09-14 18:43:34.368132,2022-09-14 18:53:57.683252,0:10:23.327187,25.0,16.1
2022-09-14 18:43:34.344042,2022-09-14 18:43:34.350989,2022-09-14 18:53:57.688550,0:10:23.344459,0.0,16.1
2022-09-14 18:43:34.367440,2022-09-14 18:43:34.368643,2022-09-14 18:53:57.699368,0:10:23.331878,28.6,16.1
2022-09-14 18:43:34.344425,2022-09-14 18:43:34.351080,2022-09-14 18:53:57.704597,0:10:23.360125,0.0,16.1
2022-09-14 18:43:34.327442,2022-09-14 18:43:34.344782,2022-09-14 18:53:57.727226,0:10:23.399733,26.7,16.1
2022-09-14 18:43:34.406294,2022-09-14 18:43:34.407847,2022-09-14 18:53:57.781151,0:10:23.374807,16.1,16.1
2022-09-14 18:43:34.361337,2022-09-14 18:43:34.380061,2022-09-14 18:53:57.789225,0:10:23.427838,20.0,16.1
2022-09-14 18:43:34.389776,2022-09-14 18:43:34.413189,2022-09-14 18:53:57.819374,0:10:23.429537,22.2,16.1
2022-09-14 18:43:34.390104,2022-09-14 18:43:34.396219,2022-09-14 18:53:57.827794,0:10:23.437633,0.0,16.1
2022-09-14 18:43:34.406492,2022-09-14 18:43:34.407424,2022-09-14 18:53:57.843133,0:10:23.436573,20.0,16.1
2022-09-14 18:43:34.418223,2022-09-14 18:43:34.419268,2022-09-14 18:53:57.848861,0:10:23.430573,0.0,16.1
2022-09-14 18:43:34.406748,2022-09-14 18:43:34.413189,2022-09-14 18:53:57.861597,0:10:23.454781,25.0,16.1
2022-09-14 18:43:34.395526,2022-09-14 18:43:34.419437,2022-09-14 18:53:57.879452,0:10:23.483860,25.0,16.1
2022-09-14 18:43:34.430131,2022-09-14 18:43:34.452546,2022-09-14 18:53:57.924094,0:10:23.493894,19.2,16.1
2022-09-14 18:43:34.440703,2022-09-14 18:43:34.441903,2022-09-14 18:53:57.940859,0:10:23.500089,20.0,16.1
2022-09-14 18:43:34.456949,2022-09-14 18:43:34.463050,2022-09-14 18:53:57.968235,0:10:23.511218,18.7,16.1
2022-09-14 18:43:34.467421,2022-09-14 18:43:34.479657,2022-09-14 18:53:57.976953,0:10:23.509466,33.3,16.1
2022-09-14 18:43:34.424113,2022-09-14 18:43:34.447179,2022-09-14 18:53:58.007206,0:10:23.583024,17.6,16.1
2022-09-14 18:43:34.467847,2022-09-14 18:43:34.480241,2022-09-14 18:53:58.013175,0:10:23.545264,25.0,16.1
2022-09-14 18:43:34.484854,2022-09-14 18:43:34.497634,2022-09-14 18:53:58.042726,0:10:23.557794,22.2,16.1
2022-09-14 18:43:34.485038,2022-09-14 18:43:34.486408,2022-09-14 18:53:58.059620,0:10:23.574517,20.0,16.1
2022-09-14 18:43:34.451428,2022-09-14 18:43:34.497634,2022-09-14 18:53:58.081852,0:10:23.630362,15.4,16.1
2022-09-14 18:43:34.502824,2022-09-14 18:43:34.503875,2022-09-14 18:53:58.092391,0:10:23.589509,28.6,16.1
2022-09-14 18:43:34.491335,2022-09-14 18:43:34.520382,2022-09-14 18:53:58.125592,0:10:23.634199,21.1,16.1
2022-09-14 18:43:34.479145,2022-09-14 18:43:34.486099,2022-09-14 18:53:58.134057,0:10:23.654858,33.3,16.1
2022-09-14 18:43:34.514235,2022-09-14 18:43:34.520383,2022-09-14 18:53:58.144287,0:10:23.630003,28.6,16.1
2022-09-14 18:43:34.468241,2022-09-14 18:43:34.503495,2022-09-14 18:53:58.152314,0:10:23.684021,20.0,16.1
2022-09-14 18:43:34.530433,2022-09-14 18:43:34.532180,2022-09-14 18:53:58.185465,0:10:23.654981,15.8,16.1
2022-09-14 18:43:34.519719,2022-09-14 18:43:34.537736,2022-09-14 18:53:58.226980,0:10:23.707207,20.0,16.1
2022-09-14 18:43:34.530283,2022-09-14 18:43:34.543219,2022-09-14 18:53:58.254567,0:10:23.724231,13.3,16.1
2022-09-14 18:43:34.547777,2022-09-14 18:43:34.549143,2022-09-14 18:53:58.268333,0:10:23.720505,12.5,16.1
2022-09-14 18:43:34.548740,2022-09-14 18:43:34.555231,2022-09-14 18:53:58.285133,0:10:23.736336,20.0,16.1
2022-09-14 18:43:34.542330,2022-09-14 18:43:34.549242,2022-09-14 18:53:58.303993,0:10:23.761608,25.0,16.1
2022-09-14 18:43:34.565625,2022-09-14 18:43:34.566878,2022-09-14 18:53:58.322323,0:10:23.756643,18.2,16.1
2022-09-14 18:43:34.548278,2022-09-14 18:43:34.566878,2022-09-14 18:53:58.343186,0:10:23.794856,23.1,16.1
2022-09-14 18:43:34.560169,2022-09-14 18:43:34.561255,2022-09-14 18:53:58.357679,0:10:23.797451,14.3,16.1
2022-09-14 18:43:34.582385,2022-09-14 18:43:34.583381,2022-09-14 18:53:58.367575,0:10:23.785140,28.6,16.1
2022-09-14 18:43:34.621583,2022-09-14 18:43:34.628064,2022-09-14 18:53:58.421362,0:10:23.799723,21.2,16.0
2022-09-14 18:43:34.593463,2022-09-14 18:43:34.615799,2022-09-14 18:53:58.431607,0:10:23.838091,28.6,16.0
2022-09-14 18:43:34.615592,2022-09-14 18:43:34.627871,2022-09-14 18:53:58.462729,0:10:23.847072,16.7,16.0
2022-09-14 18:43:34.615351,2022-09-14 18:43:34.621964,2022-09-14 18:53:58.473387,0:10:23.857985,16.7,16.0
2022-09-14 18:43:34.659745,2022-09-14 18:43:34.660815,2022-09-14 18:53:58.483492,0:10:23.823698,16.7,16.0
2022-09-14 18:43:34.593637,2022-09-14 18:43:34.605142,2022-09-14 18:53:58.493676,0:10:23.899984,28.6,16.0
2022-09-14 18:43:34.615114,2022-09-14 18:43:34.627995,2022-09-14 18:53:58.501555,0:10:23.886394,0.0,16.0
2022-09-14 18:43:34.632537,2022-09-14 18:43:34.654793,2022-09-14 18:53:58.510102,0:10:23.877516,40.0,16.0
2022-09-14 18:43:34.621318,2022-09-14 18:43:34.628011,2022-09-14 18:53:58.529177,0:10:23.907808,23.1,16.0
2022-09-14 18:43:34.654000,2022-09-14 18:43:34.662450,2022-09-14 18:53:58.563187,0:10:23.909136,20.0,16.0
2022-09-14 18:43:34.660298,2022-09-14 18:43:34.662128,2022-09-14 18:53:58.568537,0:10:23.908189,0.0,16.0
2022-09-14 18:43:34.642733,2022-09-14 18:43:34.662085,2022-09-14 18:53:58.592602,0:10:23.949821,20.0,16.0
2022-09-14 18:43:34.683074,2022-09-14 18:43:34.689671,2022-09-14 18:53:58.620618,0:10:23.937493,18.8,16.1
2022-09-14 18:43:34.683293,2022-09-14 18:43:34.690418,2022-09-14 18:53:58.638459,0:10:23.955116,18.2,16.1
2022-09-14 18:43:34.688901,2022-09-14 18:43:34.689948,2022-09-14 18:53:58.646464,0:10:23.957513,0.0,16.1
2022-09-14 18:43:34.682930,2022-09-14 18:43:34.689827,2022-09-14 18:53:58.672708,0:10:23.989728,20.0,16.1
2022-09-14 18:43:34.711469,2022-09-14 18:43:34.712432,2022-09-14 18:53:58.682964,0:10:23.971445,16.7,16.1
2022-09-14 18:43:34.738687,2022-09-14 18:43:34.739849,2022-09-14 18:53:58.727129,0:10:23.988393,18.5,16.1
2022-09-14 18:43:34.700143,2022-09-14 18:43:34.712364,2022-09-14 18:53:58.742751,0:10:24.042546,12.5,16.1
2022-09-14 18:43:34.739240,2022-09-14 18:43:34.740427,2022-09-14 18:53:58.750880,0:10:24.011592,20.0,16.1
2022-09-14 18:43:34.716940,2022-09-14 18:43:34.728982,2022-09-14 18:53:58.776765,0:10:24.059776,25.0,16.1
2022-09-14 18:43:34.745290,2022-09-14 18:43:34.752162,2022-09-14 18:53:58.784706,0:10:24.039367,0.0,16.1
2022-09-14 18:43:34.750981,2022-09-14 18:43:34.762862,2022-09-14 18:53:58.809022,0:10:24.057992,20.0,16.1
2022-09-14 18:43:34.722468,2022-09-14 18:43:34.739875,2022-09-14 18:53:58.841224,0:10:24.118707,21.1,16.1
2022-09-14 18:43:34.767436,2022-09-14 18:43:34.768515,2022-09-14 18:53:58.851277,0:10:24.083792,16.7,16.1
2022-09-14 18:43:34.773452,2022-09-14 18:43:34.779857,2022-09-14 18:53:58.861344,0:10:24.087843,16.7,16.1
2022-09-14 18:43:34.761778,2022-09-14 18:43:34.779927,2022-09-14 18:53:58.889488,0:10:24.127657,18.7,16.1
2022-09-14 18:43:34.761642,2022-09-14 18:43:34.780028,2022-09-14 18:53:58.905694,0:10:24.143995,20.0,16.1
2022-09-14 18:43:34.778753,2022-09-14 18:43:34.791104,2022-09-14 18:53:58.919824,0:10:24.141021,22.2,16.1
2022-09-14 18:43:34.801872,2022-09-14 18:43:34.803049,2022-09-14 18:53:58.953796,0:10:24.151874,15.8,16.1
2022-09-14 18:43:34.807627,2022-09-14 18:43:34.808546,2022-09-14 18:53:58.961722,0:10:24.154046,33.3,16.1
2022-09-14 18:43:34.790436,2022-09-14 18:43:34.808493,2022-09-14 18:53:58.986115,0:10:24.195629,25.0,16.1
2022-09-14 18:43:34.801409,2022-09-14 18:43:34.802801,2022-09-14 18:53:58.998884,0:10:24.197427,25.0,16.1
2022-09-14 18:43:34.824151,2022-09-14 18:43:34.825476,2022-09-14 18:53:59.004380,0:10:24.180178,33.3,16.1
2022-09-14 18:43:34.847281,2022-09-14 18:43:34.848388,2022-09-14 18:53:59.072001,0:10:24.224662,15.4,16.1
2022-09-14 18:43:34.824416,2022-09-14 18:43:34.825632,2022-09-14 18:53:59.085983,0:10:24.261513,22.2,16.1
2022-09-14 18:43:34.863235,2022-09-14 18:43:34.864694,2022-09-14 18:53:59.094065,0:10:24.230780,25.0,16.1
2022-09-14 18:43:34.841621,2022-09-14 18:43:34.848266,2022-09-14 18:53:59.102470,0:10:24.260800,20.0,16.1
2022-09-14 18:43:34.841964,2022-09-14 18:43:34.848266,2022-09-14 18:53:59.119524,0:10:24.277512,20.0,16.1
2022-09-14 18:43:34.863704,2022-09-14 18:43:34.865123,2022-09-14 18:53:59.124911,0:10:24.261158,25.0,16.1
2022-09-14 18:43:34.864092,2022-09-14 18:43:34.865055,2022-09-14 18:53:59.142833,0:10:24.278692,20.0,16.1
2022-09-14 18:43:34.823963,2022-09-14 18:43:34.864054,2022-09-14 18:53:59.157028,0:10:24.333017,12.5,16.1
2022-09-14 18:43:34.875716,2022-09-14 18:43:34.882203,2022-09-14 18:53:59.176119,0:10:24.300352,18.2,16.1
2022-09-14 18:43:34.887468,2022-09-14 18:43:34.893782,2022-09-14 18:53:59.218267,0:10:24.330746,25.0,16.1
2022-09-14 18:43:34.887275,2022-09-14 18:43:34.893746,2022-09-14 18:53:59.226266,0:10:24.338941,25.0,16.1
2022-09-14 18:43:34.893143,2022-09-14 18:43:34.899565,2022-09-14 18:53:59.240767,0:10:24.347573,30.0,16.1
2022-09-14 18:43:34.904065,2022-09-14 18:43:34.910504,2022-09-14 18:53:59.268947,0:10:24.364831,17.6,16.1
2022-09-14 18:43:34.915917,2022-09-14 18:43:34.927299,2022-09-14 18:53:59.315433,0:10:24.399463,18.5,16.1
2022-09-14 18:43:34.926603,2022-09-14 18:43:34.933604,2022-09-14 18:53:59.341919,0:10:24.415258,18.7,16.1
2022-09-14 18:43:34.915729,2022-09-14 18:43:34.939014,2022-09-14 18:53:59.350261,0:10:24.434477,20.0,16.1
2022-09-14 18:43:34.948822,2022-09-14 18:43:34.949797,2022-09-14 18:53:59.361809,0:10:24.412918,28.6,16.1
2022-09-14 18:43:34.927003,2022-09-14 18:43:34.928039,2022-09-14 18:53:59.380932,0:10:24.453877,18.2,16.1
2022-09-14 18:43:34.954847,2022-09-14 18:43:34.955904,2022-09-14 18:53:59.389143,0:10:24.434247,33.3,16.1
2022-09-14 18:43:34.960487,2022-09-14 18:43:34.961884,2022-09-14 18:53:59.399475,0:10:24.438939,16.7,16.1
2022-09-14 18:43:34.932603,2022-09-14 18:43:34.938877,2022-09-14 18:53:59.409745,0:10:24.477094,16.7,16.1
2022-09-14 18:43:34.949210,2022-09-14 18:43:34.962055,2022-09-14 18:53:59.423387,0:10:24.474127,14.3,16.1
2022-09-14 18:43:34.987555,2022-09-14 18:43:34.988828,2022-09-14 18:53:59.473527,0:10:24.485917,19.4,16.1
2022-09-14 18:43:34.981089,2022-09-14 18:43:34.988104,2022-09-14 18:53:59.489439,0:10:24.508299,30.0,16.1
2022-09-14 18:43:34.967250,2022-09-14 18:43:34.988245,2022-09-14 18:53:59.501717,0:10:24.534417,25.0,16.1
2022-09-14 18:43:34.987757,2022-09-14 18:43:34.999589,2022-09-14 18:53:59.550815,0:10:24.562988,26.7,16.1
2022-09-14 18:43:34.993348,2022-09-14 18:43:35.027476,2022-09-14 18:53:59.566571,0:10:24.573156,12.5,16.1
2022-09-14 18:43:34.987082,2022-09-14 18:43:34.988802,2022-09-14 18:53:59.572132,0:10:24.584985,25.0,16.1
2022-09-14 18:43:35.009713,2022-09-14 18:43:35.021899,2022-09-14 18:53:59.598775,0:10:24.588971,20.0,16.1
2022-09-14 18:43:35.042971,2022-09-14 18:43:35.050587,2022-09-14 18:53:59.627443,0:10:24.584402,17.6,16.1
2022-09-14 18:43:35.015287,2022-09-14 18:43:35.016233,2022-09-14 18:53:59.635767,0:10:24.620413,20.0,16.1
2022-09-14 18:43:35.031842,2022-09-14 18:43:35.032933,2022-09-14 18:53:59.646077,0:10:24.614170,16.7,16.1
2022-09-14 18:43:35.020732,2022-09-14 18:43:35.032933,2022-09-14 18:53:59.665262,0:10:24.644464,18.2,16.1
2022-09-14 18:43:35.048793,2022-09-14 18:43:35.050587,2022-09-14 18:53:59.670776,0:10:24.621907,33.3,16.1
2022-09-14 18:43:35.049102,2022-09-14 18:43:35.050436,2022-09-14 18:53:59.679315,0:10:24.630151,20.0,16.1
2022-09-14 18:43:35.048622,2022-09-14 18:43:35.050004,2022-09-14 18:53:59.720001,0:10:24.671310,20.0,16.1
2022-09-14 18:43:35.049531,2022-09-14 18:43:35.068311,2022-09-14 18:53:59.728433,0:10:24.678834,20.0,16.1
2022-09-14 18:43:35.066431,2022-09-14 18:43:35.068894,2022-09-14 18:53:59.736821,0:10:24.670329,25.0,16.1
2022-09-14 18:43:35.090024,2022-09-14 18:43:35.096121,2022-09-14 18:53:59.779982,0:10:24.689896,19.2,16.1
2022-09-14 18:43:35.106305,2022-09-14 18:43:35.107272,2022-09-14 18:53:59.823616,0:10:24.717237,19.2,16.1
2022-09-14 18:43:35.078985,2022-09-14 18:43:35.085609,2022-09-14 18:53:59.839088,0:10:24.760030,30.0,16.1
2022-09-14 18:43:35.111987,2022-09-14 18:43:35.114055,2022-09-14 18:53:59.849815,0:10:24.737760,16.7,16.1
2022-09-14 18:43:35.078712,2022-09-14 18:43:35.085539,2022-09-14 18:53:59.862386,0:10:24.783600,25.0,16.1
2022-09-14 18:43:35.112410,2022-09-14 18:43:35.114055,2022-09-14 18:53:59.881765,0:10:24.769285,18.2,16.1
2022-09-14 18:43:35.100841,2022-09-14 18:43:35.113979,2022-09-14 18:53:59.923351,0:10:24.822436,25.9,16.1
2022-09-14 18:43:35.134677,2022-09-14 18:43:35.146544,2022-09-14 18:53:59.949345,0:10:24.814599,13.3,16.1
2022-09-14 18:43:35.151012,2022-09-14 18:43:35.152521,2022-09-14 18:53:59.955148,0:10:24.804065,33.3,16.1
2022-09-14 18:43:35.145618,2022-09-14 18:43:35.151966,2022-09-14 18:53:59.964108,0:10:24.818421,20.0,16.1
2022-09-14 18:43:35.112151,2022-09-14 18:43:35.113600,2022-09-14 18:53:59.972962,0:10:24.860743,20.0,16.1
2022-09-14 18:43:35.112532,2022-09-14 18:43:35.141139,2022-09-14 18:53:59.992189,0:10:24.879587,18.2,16.1
2022-09-14 18:43:35.167818,2022-09-14 18:43:35.169330,2022-09-14 18:54:00.020261,0:10:24.852373,22.2,16.1
2022-09-14 18:43:35.151281,2022-09-14 18:43:35.152299,2022-09-14 18:54:00.045573,0:10:24.894224,20.0,16.1
2022-09-14 18:43:35.162258,2022-09-14 18:43:35.175241,2022-09-14 18:54:00.054042,0:10:24.891719,20.0,16.1
2022-09-14 18:43:35.174244,2022-09-14 18:43:35.186810,2022-09-14 18:54:00.073114,0:10:24.898800,20.0,16.1
2022-09-14 18:43:35.174766,2022-09-14 18:43:35.186546,2022-09-14 18:54:00.085763,0:10:24.910927,33.3,16.1
2022-09-14 18:43:35.191589,2022-09-14 18:43:35.197866,2022-09-14 18:54:00.114568,0:10:24.922913,17.6,16.1
2022-09-14 18:43:35.202294,2022-09-14 18:43:35.214322,2022-09-14 18:54:00.148564,0:10:24.946212,23.8,16.1
2022-09-14 18:43:35.207762,2022-09-14 18:43:35.214322,2022-09-14 18:54:00.169998,0:10:24.962181,15.4,16.1
2022-09-14 18:43:35.174981,2022-09-14 18:43:35.187085,2022-09-14 18:54:00.193232,0:10:25.018198,21.4,16.1
2022-09-14 18:43:35.214007,2022-09-14 18:43:35.236964,2022-09-14 18:54:00.207343,0:10:24.993283,30.0,16.1
2022-09-14 18:43:35.213816,2022-09-14 18:43:35.237725,2022-09-14 18:54:00.221415,0:10:25.007547,14.3,16.1
2022-09-14 18:43:35.230593,2022-09-14 18:43:35.237632,2022-09-14 18:54:00.237279,0:10:25.006637,27.3,16.1
2022-09-14 18:43:35.270044,2022-09-14 18:43:35.270987,2022-09-14 18:54:00.268740,0:10:24.998646,16.7,16.1
2022-09-14 18:43:35.235911,2022-09-14 18:43:35.243283,2022-09-14 18:54:00.301615,0:10:25.065654,15.8,16.1
2022-09-14 18:43:35.236579,2022-09-14 18:43:35.243405,2022-09-14 18:54:00.309805,0:10:25.073176,50.0,16.1
2022-09-14 18:43:35.253417,2022-09-14 18:43:35.259783,2022-09-14 18:54:00.323052,0:10:25.069585,25.0,16.1
2022-09-14 18:43:35.259148,2022-09-14 18:43:35.270987,2022-09-14 18:54:00.343924,0:10:25.084727,23.1,16.1
2022-09-14 18:43:35.318748,2022-09-14 18:43:35.319878,2022-09-14 18:54:00.383579,0:10:25.064779,17.4,16.1
2022-09-14 18:43:35.296504,2022-09-14 18:43:35.308725,2022-09-14 18:54:00.388917,0:10:25.092364,25.0,16.1
2022-09-14 18:43:35.279235,2022-09-14 18:43:35.291483,2022-09-14 18:54:00.397787,0:10:25.118502,20.0,16.1
2022-09-14 18:43:35.279390,2022-09-14 18:43:35.303135,2022-09-14 18:54:00.425110,0:10:25.145666,18.7,16.1
2022-09-14 18:43:35.296852,2022-09-14 18:43:35.341393,2022-09-14 18:54:00.435263,0:10:25.138361,28.6,16.1
2022-09-14 18:43:35.279671,2022-09-14 18:43:35.297080,2022-09-14 18:54:00.443384,0:10:25.163664,20.0,16.1
2022-09-14 18:43:35.340169,2022-09-14 18:43:35.342219,2022-09-14 18:54:00.467774,0:10:25.127555,15.4,16.1
2022-09-14 18:43:35.341873,2022-09-14 18:43:35.354237,2022-09-14 18:54:00.504187,0:10:25.162260,18.2,16.1
2022-09-14 18:43:35.290924,2022-09-14 18:43:35.341222,2022-09-14 18:54:00.516304,0:10:25.225330,14.3,16.1
2022-09-14 18:43:35.341328,2022-09-14 18:43:35.353735,2022-09-14 18:54:00.526416,0:10:25.185039,16.7,16.1
2022-09-14 18:43:35.340820,2022-09-14 18:43:35.354589,2022-09-14 18:54:00.537954,0:10:25.197084,16.7,16.1
2022-09-14 18:43:35.236090,2022-09-14 18:43:35.286052,2022-09-14 18:54:00.557957,0:10:25.321817,23.1,16.1
2022-09-14 18:43:35.352965,2022-09-14 18:43:35.371347,2022-09-14 18:54:00.568684,0:10:25.215664,33.3,16.1
2022-09-14 18:43:35.353564,2022-09-14 18:43:35.355267,2022-09-14 18:54:00.588998,0:10:25.235385,16.7,16.1
2022-09-14 18:43:35.393113,2022-09-14 18:43:35.409698,2022-09-14 18:54:00.640477,0:10:25.247309,19.4,16.1
2022-09-14 18:43:35.370385,2022-09-14 18:43:35.377235,2022-09-14 18:54:00.645877,0:10:25.275444,0.0,16.1
2022-09-14 18:43:35.370967,2022-09-14 18:43:35.377529,2022-09-14 18:54:00.673705,0:10:25.302690,23.5,16.1
2022-09-14 18:43:35.381935,2022-09-14 18:43:35.410267,2022-09-14 18:54:00.688950,0:10:25.306967,30.0,16.1
2022-09-14 18:43:35.409698,2022-09-14 18:43:35.421969,2022-09-14 18:54:00.711617,0:10:25.301871,21.4,16.1
2022-09-14 18:43:35.408886,2022-09-14 18:43:35.410326,2022-09-14 18:54:00.719563,0:10:25.310628,20.0,16.1
2022-09-14 18:43:35.415422,2022-09-14 18:43:35.416682,2022-09-14 18:54:00.727705,0:10:25.312235,20.0,16.1
2022-09-14 18:43:35.431997,2022-09-14 18:43:35.444627,2022-09-14 18:54:00.762380,0:10:25.330333,15.0,16.1
2022-09-14 18:43:35.409952,2022-09-14 18:43:35.416682,2022-09-14 18:54:00.767777,0:10:25.357776,33.3,16.1
2022-09-14 18:43:35.449679,2022-09-14 18:43:35.456810,2022-09-14 18:54:00.800625,0:10:25.350892,20.0,16.1
2022-09-14 18:43:35.409291,2022-09-14 18:43:35.427599,2022-09-14 18:54:00.806065,0:10:25.396723,33.3,16.1
2022-09-14 18:43:35.438265,2022-09-14 18:43:35.444747,2022-09-14 18:54:00.820287,0:10:25.381969,30.0,16.1
2022-09-14 18:43:35.455401,2022-09-14 18:43:35.456810,2022-09-14 18:54:00.828384,0:10:25.372934,20.0,16.1
2022-09-14 18:43:35.455608,2022-09-14 18:43:35.489725,2022-09-14 18:54:00.894673,0:10:25.439006,15.8,16.1
2022-09-14 18:43:35.488745,2022-09-14 18:43:35.495250,2022-09-14 18:54:00.914756,0:10:25.425929,25.0,16.1
2022-09-14 18:43:35.477563,2022-09-14 18:43:35.501109,2022-09-14 18:54:00.925523,0:10:25.447907,14.3,16.1
2022-09-14 18:43:35.488317,2022-09-14 18:43:35.489724,2022-09-14 18:54:00.930818,0:10:25.442443,50.0,16.1
2022-09-14 18:43:35.499984,2022-09-14 18:43:35.501150,2022-09-14 18:54:00.938707,0:10:25.438673,20.0,16.1
2022-09-14 18:43:35.477794,2022-09-14 18:43:35.495280,2022-09-14 18:54:00.948797,0:10:25.470954,20.0,16.1
2022-09-14 18:43:35.488513,2022-09-14 18:43:35.500915,2022-09-14 18:54:00.979095,0:10:25.490529,21.1,16.1
2022-09-14 18:43:35.518331,2022-09-14 18:43:35.519479,2022-09-14 18:54:01.003162,0:10:25.484781,14.3,16.1
2022-09-14 18:43:35.512300,2022-09-14 18:43:35.519412,2022-09-14 18:54:01.011619,0:10:25.499269,25.0,16.1
2022-09-14 18:43:35.540240,2022-09-14 18:43:35.541281,2022-09-14 18:54:01.053622,0:10:25.513332,16.0,16.1
2022-09-14 18:43:35.505888,2022-09-14 18:43:35.525209,2022-09-14 18:54:01.061671,0:10:25.555728,33.3,16.1
2022-09-14 18:43:35.517914,2022-09-14 18:43:35.519446,2022-09-14 18:54:01.089870,0:10:25.571894,18.8,16.1
2022-09-14 18:43:35.576130,2022-09-14 18:43:35.577816,2022-09-14 18:54:01.117657,0:10:25.541468,23.5,16.1
2022-09-14 18:43:35.565338,2022-09-14 18:43:35.577049,2022-09-14 18:54:01.143017,0:10:25.577622,20.0,16.1
2022-09-14 18:43:35.576708,2022-09-14 18:43:35.577816,2022-09-14 18:54:01.159183,0:10:25.582418,20.0,16.1
2022-09-14 18:43:35.576377,2022-09-14 18:43:35.583926,2022-09-14 18:54:01.176962,0:10:25.600526,18.2,16.1
2022-09-14 18:43:35.582680,2022-09-14 18:43:35.589430,2022-09-14 18:54:01.187070,0:10:25.604342,20.0,16.1
2022-09-14 18:43:35.550880,2022-09-14 18:43:35.600339,2022-09-14 18:54:01.209077,0:10:25.658149,21.4,16.1
2022-09-14 18:43:35.565610,2022-09-14 18:43:35.566594,2022-09-14 18:54:01.217071,0:10:25.651413,20.0,16.1
2022-09-14 18:43:35.583061,2022-09-14 18:43:35.606145,2022-09-14 18:54:01.224965,0:10:25.641855,25.0,16.1
2022-09-14 18:43:35.582296,2022-09-14 18:43:35.583755,2022-09-14 18:54:01.245106,0:10:25.662761,16.7,16.1
2022-09-14 18:43:35.616073,2022-09-14 18:43:35.628008,2022-09-14 18:54:01.271177,0:10:25.655054,23.5,16.1
2022-09-14 18:43:35.626640,2022-09-14 18:43:35.633655,2022-09-14 18:54:01.291302,0:10:25.664612,18.2,16.1
2022-09-14 18:43:35.604825,2022-09-14 18:43:35.639480,2022-09-14 18:54:01.303397,0:10:25.698519,25.0,16.1
2022-09-14 18:43:35.627074,2022-09-14 18:43:35.639480,2022-09-14 18:54:01.327417,0:10:25.700294,14.3,16.1
2022-09-14 18:43:35.638912,2022-09-14 18:43:35.640253,2022-09-14 18:54:01.339814,0:10:25.700852,28.6,16.1
2022-09-14 18:43:35.638300,2022-09-14 18:43:35.673109,2022-09-14 18:54:01.359760,0:10:25.721409,16.7,16.1
2022-09-14 18:43:35.650556,2022-09-14 18:43:35.662222,2022-09-14 18:54:01.369853,0:10:25.719247,16.7,16.1
2022-09-14 18:43:35.638101,2022-09-14 18:43:35.645825,2022-09-14 18:54:01.384508,0:10:25.746356,25.0,16.1
2022-09-14 18:43:35.672196,2022-09-14 18:43:35.689884,2022-09-14 18:54:01.412614,0:10:25.740367,17.6,16.1
2022-09-14 18:43:35.644710,2022-09-14 18:43:35.662222,2022-09-14 18:54:01.434577,0:10:25.789816,15.4,16.1
2022-09-14 18:43:35.689556,2022-09-14 18:43:35.695733,2022-09-14 18:54:01.456050,0:10:25.766443,16.7,16.1
2022-09-14 18:43:35.712085,2022-09-14 18:43:35.713437,2022-09-14 18:54:01.499222,0:10:25.787087,16.0,16.1
2022-09-14 18:43:35.694947,2022-09-14 18:43:35.696597,2022-09-14 18:54:01.517273,0:10:25.822275,18.2,16.1
2022-09-14 18:43:35.701612,2022-09-14 18:43:35.713948,2022-09-14 18:54:01.529070,0:10:25.827409,28.6,16.1
2022-09-14 18:43:35.701422,2022-09-14 18:43:35.702364,2022-09-14 18:54:01.537205,0:10:25.835734,33.3,16.1
2022-09-14 18:43:35.689095,2022-09-14 18:43:35.702118,2022-09-14 18:54:01.545407,0:10:25.856261,33.3,16.1
2022-09-14 18:43:35.689438,2022-09-14 18:43:35.713775,2022-09-14 18:54:01.567753,0:10:25.878265,23.1,16.1
2022-09-14 18:43:35.701102,2022-09-14 18:43:35.713115,2022-09-14 18:54:01.584036,0:10:25.882884,20.0,16.1
2022-09-14 18:43:35.713048,2022-09-14 18:43:35.719229,2022-09-14 18:54:01.598069,0:10:25.884971,12.5,16.1
2022-09-14 18:43:35.751441,2022-09-14 18:43:35.753072,2022-09-14 18:54:01.616186,0:10:25.864695,27.3,16.1
2022-09-14 18:43:35.751624,2022-09-14 18:43:35.752896,2022-09-14 18:54:01.634128,0:10:25.882455,18.2,16.1
2022-09-14 18:43:35.758067,2022-09-14 18:43:35.759060,2022-09-14 18:54:01.645201,0:10:25.887085,16.7,16.1
2022-09-14 18:43:35.740148,2022-09-14 18:43:35.741819,2022-09-14 18:54:01.664262,0:10:25.924060,18.2,16.1
2022-09-14 18:43:35.758701,2022-09-14 18:43:35.776280,2022-09-14 18:54:01.696673,0:10:25.937906,20.0,16.1
2022-09-14 18:43:35.781817,2022-09-14 18:43:35.782807,2022-09-14 18:54:01.708109,0:10:25.926237,16.7,16.1
2022-09-14 18:43:35.781273,2022-09-14 18:43:35.788451,2022-09-14 18:54:01.733284,0:10:25.951953,20.0,16.1
2022-09-14 18:43:35.775349,2022-09-14 18:43:35.788228,2022-09-14 18:54:01.741531,0:10:25.966127,20.0,16.1
2022-09-14 18:43:35.764217,2022-09-14 18:43:35.776115,2022-09-14 18:54:01.755675,0:10:25.991397,30.0,16.1
2022-09-14 18:43:35.769711,2022-09-14 18:43:35.782508,2022-09-14 18:54:01.787810,0:10:26.018045,16.7,16.1
2022-09-14 18:43:35.804078,2022-09-14 18:43:35.816395,2022-09-14 18:54:01.804899,0:10:26.000768,20.0,16.1
2022-09-14 18:43:35.821506,2022-09-14 18:43:35.822872,2022-09-14 18:54:01.833179,0:10:26.011617,17.6,16.1
2022-09-14 18:43:35.821795,2022-09-14 18:43:35.828424,2022-09-14 18:54:01.841288,0:10:26.019442,20.0,16.1
2022-09-14 18:43:35.827626,2022-09-14 18:43:35.833788,2022-09-14 18:54:01.865370,0:10:26.037693,21.4,16.1
2022-09-14 18:43:35.815114,2022-09-14 18:43:35.816105,2022-09-14 18:54:01.895426,0:10:26.080261,21.1,16.1
2022-09-14 18:43:35.838501,2022-09-14 18:43:35.855899,2022-09-14 18:54:01.919589,0:10:26.081038,15.4,16.1
2022-09-14 18:43:35.821029,2022-09-14 18:43:35.822537,2022-09-14 18:54:01.924809,0:10:26.103730,0.0,16.1
2022-09-14 18:43:35.844484,2022-09-14 18:43:35.861502,2022-09-14 18:54:01.937730,0:10:26.093197,25.0,16.1
2022-09-14 18:43:35.838179,2022-09-14 18:43:35.845437,2022-09-14 18:54:01.955855,0:10:26.117627,25.0,16.1
2022-09-14 18:43:35.877186,2022-09-14 18:43:35.878213,2022-09-14 18:54:01.982003,0:10:26.104768,20.0,16.1
2022-09-14 18:43:35.883452,2022-09-14 18:43:35.885188,2022-09-14 18:54:01.995111,0:10:26.111611,22.2,16.1
2022-09-14 18:43:35.883616,2022-09-14 18:43:35.885169,2022-09-14 18:54:02.010357,0:10:26.126691,22.2,16.1
2022-09-14 18:43:35.855055,2022-09-14 18:43:35.872555,2022-09-14 18:54:02.018548,0:10:26.163444,40.0,16.1
2022-09-14 18:43:35.889731,2022-09-14 18:43:35.896035,2022-09-14 18:54:02.030920,0:10:26.141140,14.3,16.1
2022-09-14 18:43:35.866223,2022-09-14 18:43:35.884218,2022-09-14 18:54:02.076515,0:10:26.210242,21.4,16.1
2022-09-14 18:43:35.901217,2022-09-14 18:43:35.913198,2022-09-14 18:54:02.111037,0:10:26.209769,19.0,16.1
2022-09-14 18:43:35.901464,2022-09-14 18:43:35.907607,2022-09-14 18:54:02.123743,0:10:26.222230,14.3,16.1
2022-09-14 18:43:35.918167,2022-09-14 18:43:35.929658,2022-09-14 18:54:02.138477,0:10:26.220260,22.2,16.1
2022-09-14 18:43:35.934238,2022-09-14 18:43:35.935219,2022-09-14 18:54:02.146973,0:10:26.212687,20.0,16.1
2022-09-14 18:43:35.907009,2022-09-14 18:43:35.913154,2022-09-14 18:54:02.176344,0:10:26.269285,17.6,16.1
2022-09-14 18:43:35.945829,2022-09-14 18:43:35.952208,2022-09-14 18:54:02.184440,0:10:26.238562,20.0,16.1
2022-09-14 18:43:35.928523,2022-09-14 18:43:35.934935,2022-09-14 18:54:02.196429,0:10:26.267858,14.3,16.1
2022-09-14 18:43:35.939688,2022-09-14 18:43:35.940949,2022-09-14 18:54:02.232711,0:10:26.292973,19.0,16.1
2022-09-14 18:43:35.962931,2022-09-14 18:43:35.975508,2022-09-14 18:54:02.245566,0:10:26.282586,14.3,16.1
2022-09-14 18:43:35.951628,2022-09-14 18:43:35.975601,2022-09-14 18:54:02.250844,0:10:26.299167,25.0,16.1
2022-09-14 18:43:35.963734,2022-09-14 18:43:35.975907,2022-09-14 18:54:02.260773,0:10:26.296987,20.0,16.1
2022-09-14 18:43:35.945533,2022-09-14 18:43:35.952810,2022-09-14 18:54:02.279003,0:10:26.333422,18.2,16.1
2022-09-14 18:43:36.008525,2022-09-14 18:43:36.015232,2022-09-14 18:54:02.318897,0:10:26.310323,17.4,16.1
2022-09-14 18:43:35.969217,2022-09-14 18:43:35.987705,2022-09-14 18:54:02.345063,0:10:26.375797,18.8,16.1
2022-09-14 18:43:36.008724,2022-09-14 18:43:36.014822,2022-09-14 18:54:02.381749,0:10:26.372974,21.7,16.1
2022-09-14 18:43:36.014230,2022-09-14 18:43:36.021268,2022-09-14 18:54:02.398141,0:10:26.383860,22.2,16.1
2022-09-14 18:43:36.003247,2022-09-14 18:43:36.026931,2022-09-14 18:54:02.403420,0:10:26.400124,25.0,16.1
2022-09-14 18:43:36.003063,2022-09-14 18:43:36.015341,2022-09-14 18:54:02.413424,0:10:26.410312,20.0,16.1
2022-09-14 18:43:36.014051,2022-09-14 18:43:36.021315,2022-09-14 18:54:02.429570,0:10:26.415470,20.0,16.1
2022-09-14 18:43:36.025916,2022-09-14 18:43:36.027067,2022-09-14 18:54:02.451532,0:10:26.425567,21.4,16.1
2022-09-14 18:43:36.037028,2022-09-14 18:43:36.048740,2022-09-14 18:54:02.461608,0:10:26.424531,20.0,16.1
2022-09-14 18:43:36.031512,2022-09-14 18:43:36.048667,2022-09-14 18:54:02.495854,0:10:26.464284,22.7,16.1
2022-09-14 18:43:36.076705,2022-09-14 18:43:36.077846,2022-09-14 18:54:02.529017,0:10:26.452255,20.0,16.1
2022-09-14 18:43:36.077909,2022-09-14 18:43:36.079223,2022-09-14 18:54:02.542034,0:10:26.464071,14.3,16.1
2022-09-14 18:43:36.070783,2022-09-14 18:43:36.077998,2022-09-14 18:54:02.547295,0:10:26.476460,50.0,16.1
2022-09-14 18:43:36.069766,2022-09-14 18:43:36.078166,2022-09-14 18:54:02.555574,0:10:26.485757,20.0,16.1
2022-09-14 18:43:36.069973,2022-09-14 18:43:36.078872,2022-09-14 18:54:02.565550,0:10:26.495528,16.7,16.1
2022-09-14 18:43:36.047614,2022-09-14 18:43:36.054722,2022-09-14 18:54:02.607721,0:10:26.560056,20.0,16.1
2022-09-14 18:43:36.077549,2022-09-14 18:43:36.079432,2022-09-14 18:54:02.626949,0:10:26.549349,16.7,16.1
2022-09-14 18:43:36.100564,2022-09-14 18:43:36.107114,2022-09-14 18:54:02.645314,0:10:26.544702,20.0,16.1
2022-09-14 18:43:36.111817,2022-09-14 18:43:36.112865,2022-09-14 18:54:02.653234,0:10:26.541369,20.0,16.1
2022-09-14 18:43:36.139726,2022-09-14 18:43:36.140645,2022-09-14 18:54:02.707502,0:10:26.567725,21.2,16.1
2022-09-14 18:43:36.111388,2022-09-14 18:43:36.113099,2022-09-14 18:54:02.717318,0:10:26.605881,16.7,16.1
2022-09-14 18:43:36.095005,2022-09-14 18:43:36.101604,2022-09-14 18:54:02.731400,0:10:26.636346,22.2,16.1
2022-09-14 18:43:36.139220,2022-09-14 18:43:36.140479,2022-09-14 18:54:02.739305,0:10:26.600036,25.0,16.1
2022-09-14 18:43:36.133530,2022-09-14 18:43:36.140645,2022-09-14 18:54:02.749524,0:10:26.615945,16.7,16.1
2022-09-14 18:43:36.133727,2022-09-14 18:43:36.140479,2022-09-14 18:54:02.769222,0:10:26.635445,16.7,16.1
2022-09-14 18:43:36.139378,2022-09-14 18:43:36.141545,2022-09-14 18:54:02.785274,0:10:26.645848,22.2,16.1
2022-09-14 18:43:36.140225,2022-09-14 18:43:36.141594,2022-09-14 18:54:02.796714,0:10:26.656439,14.3,16.1
2022-09-14 18:43:36.157455,2022-09-14 18:43:36.175567,2022-09-14 18:54:02.817698,0:10:26.660187,16.7,16.1
2022-09-14 18:43:36.163013,2022-09-14 18:43:36.164135,2022-09-14 18:54:02.849760,0:10:26.686698,21.1,16.1
2022-09-14 18:43:36.174548,2022-09-14 18:43:36.186903,2022-09-14 18:54:02.861812,0:10:26.687214,25.0,16.1
2022-09-14 18:43:36.196524,2022-09-14 18:43:36.197615,2022-09-14 18:54:02.916337,0:10:26.719762,23.5,16.1
2022-09-14 18:43:36.219219,2022-09-14 18:43:36.220581,2022-09-14 18:54:02.929055,0:10:26.709786,14.3,16.1
2022-09-14 18:43:36.196893,2022-09-14 18:43:36.208748,2022-09-14 18:54:02.934274,0:10:26.737333,25.0,16.1
2022-09-14 18:43:36.218531,2022-09-14 18:43:36.220084,2022-09-14 18:54:02.949191,0:10:26.730611,22.2,16.1
2022-09-14 18:43:36.213107,2022-09-14 18:43:36.219728,2022-09-14 18:54:02.954402,0:10:26.741247,33.3,16.1
2022-09-14 18:43:36.218732,2022-09-14 18:43:36.220510,2022-09-14 18:54:02.968575,0:10:26.749795,22.2,16.1
2022-09-14 18:43:36.174390,2022-09-14 18:43:36.192102,2022-09-14 18:54:03.007396,0:10:26.832953,20.8,16.1
2022-09-14 18:43:36.219434,2022-09-14 18:43:36.243028,2022-09-14 18:54:03.012638,0:10:26.793153,0.0,16.1
2022-09-14 18:43:36.241789,2022-09-14 18:43:36.248509,2022-09-14 18:54:03.041092,0:10:26.799251,17.6,16.1
2022-09-14 18:43:36.241947,2022-09-14 18:43:36.248357,2022-09-14 18:54:03.055155,0:10:26.813157,25.0,16.1
2022-09-14 18:43:36.258451,2022-09-14 18:43:36.264714,2022-09-14 18:54:03.086198,0:10:26.827696,16.7,16.1
2022-09-14 18:43:36.280045,2022-09-14 18:43:36.292416,2022-09-14 18:54:03.118665,0:10:26.838558,15.8,16.1
2022-09-14 18:43:36.280229,2022-09-14 18:43:36.286927,2022-09-14 18:54:03.132546,0:10:26.852266,22.2,16.1
2022-09-14 18:43:36.285862,2022-09-14 18:43:36.297961,2022-09-14 18:54:03.143422,0:10:26.857511,28.6,16.1
2022-09-14 18:43:36.247618,2022-09-14 18:43:36.264789,2022-09-14 18:54:03.148696,0:10:26.901023,0.0,16.1
2022-09-14 18:43:36.291432,2022-09-14 18:43:36.292656,2022-09-14 18:54:03.156720,0:10:26.865240,20.0,16.1
2022-09-14 18:43:36.302382,2022-09-14 18:43:36.319039,2022-09-14 18:54:03.186904,0:10:26.884472,17.6,16.1
2022-09-14 18:43:36.274738,2022-09-14 18:43:36.292416,2022-09-14 18:54:03.218943,0:10:26.944155,15.8,16.1
2022-09-14 18:43:36.323767,2022-09-14 18:43:36.335861,2022-09-14 18:54:03.229049,0:10:26.905233,20.0,16.1
2022-09-14 18:43:36.308647,2022-09-14 18:43:36.335984,2022-09-14 18:54:03.250952,0:10:26.942255,21.4,16.1
2022-09-14 18:43:36.280418,2022-09-14 18:43:36.292393,2022-09-14 18:54:03.283075,0:10:27.002608,16.7,16.1
2022-09-14 18:43:36.352701,2022-09-14 18:43:36.364019,2022-09-14 18:54:03.309744,0:10:26.956994,18.7,16.1
2022-09-14 18:43:36.346900,2022-09-14 18:43:36.369714,2022-09-14 18:54:03.317619,0:10:26.970672,20.0,16.1
2022-09-14 18:43:36.323635,2022-09-14 18:43:36.336182,2022-09-14 18:54:03.327664,0:10:27.003972,33.3,16.1
2022-09-14 18:43:36.341205,2022-09-14 18:43:36.363937,2022-09-14 18:54:03.348768,0:10:27.007514,16.7,16.1
2022-09-14 18:43:36.340640,2022-09-14 18:43:36.348021,2022-09-14 18:54:03.354047,0:10:27.013359,0.0,16.1
2022-09-14 18:43:36.369465,2022-09-14 18:43:36.381913,2022-09-14 18:54:03.385114,0:10:27.015599,21.1,16.1
2022-09-14 18:43:36.347211,2022-09-14 18:43:36.370414,2022-09-14 18:54:03.400099,0:10:27.052838,22.2,16.1
2022-09-14 18:43:36.369869,2022-09-14 18:43:36.398110,2022-09-14 18:54:03.418337,0:10:27.048418,25.0,16.1
2022-09-14 18:43:36.403186,2022-09-14 18:43:36.404156,2022-09-14 18:54:03.440116,0:10:27.036880,23.1,16.1
2022-09-14 18:43:36.409061,2022-09-14 18:43:36.415186,2022-09-14 18:54:03.478401,0:10:27.069290,17.4,16.1
2022-09-14 18:43:36.430430,2022-09-14 18:43:36.432156,2022-09-14 18:54:03.514232,0:10:27.083751,22.7,16.1
2022-09-14 18:43:36.368843,2022-09-14 18:43:36.370497,2022-09-14 18:54:03.529252,0:10:27.160358,30.0,16.1
2022-09-14 18:43:36.436971,2022-09-14 18:43:36.444003,2022-09-14 18:54:03.545249,0:10:27.108229,20.0,16.1
2022-09-14 18:43:36.431066,2022-09-14 18:43:36.443766,2022-09-14 18:54:03.553660,0:10:27.122534,25.0,16.1
2022-09-14 18:43:36.430792,2022-09-14 18:43:36.432287,2022-09-14 18:54:03.568300,0:10:27.137460,20.0,16.1
2022-09-14 18:43:36.425050,2022-09-14 18:43:36.437876,2022-09-14 18:54:03.573662,0:10:27.148557,33.3,16.1
2022-09-14 18:43:36.402745,2022-09-14 18:43:36.431719,2022-09-14 18:54:03.583887,0:10:27.181094,16.7,16.1
2022-09-14 18:43:36.386459,2022-09-14 18:43:36.398074,2022-09-14 18:54:03.593851,0:10:27.207344,16.7,16.1
2022-09-14 18:43:36.431247,2022-09-14 18:43:36.460092,2022-09-14 18:54:03.634334,0:10:27.203032,20.8,16.1
2022-09-14 18:43:36.453972,2022-09-14 18:43:36.471059,2022-09-14 18:54:03.643043,0:10:27.189017,42.9,16.1
2022-09-14 18:43:36.470364,2022-09-14 18:43:36.471450,2022-09-14 18:54:03.663317,0:10:27.192901,16.7,16.1
2022-09-14 18:43:36.464568,2022-09-14 18:43:36.476958,2022-09-14 18:54:03.685253,0:10:27.220634,16.7,16.1
2022-09-14 18:43:36.492593,2022-09-14 18:43:36.493470,2022-09-14 18:54:03.706642,0:10:27.213999,16.7,16.2
2022-09-14 18:43:36.504088,2022-09-14 18:43:36.505049,2022-09-14 18:54:03.737708,0:10:27.233569,21.1,16.1
2022-09-14 18:43:36.486824,2022-09-14 18:43:36.499297,2022-09-14 18:54:03.749568,0:10:27.262695,14.3,16.1
2022-09-14 18:43:36.481533,2022-09-14 18:43:36.498968,2022-09-14 18:54:03.757678,0:10:27.276090,33.3,16.1
2022-09-14 18:43:36.509510,2022-09-14 18:43:36.516033,2022-09-14 18:54:03.775764,0:10:27.266205,27.3,16.1
2022-09-14 18:43:36.498372,2022-09-14 18:43:36.510530,2022-09-14 18:54:03.801130,0:10:27.302706,13.3,16.1
2022-09-14 18:43:36.498162,2022-09-14 18:43:36.516033,2022-09-14 18:54:03.812122,0:10:27.313909,28.6,16.1
2022-09-14 18:43:36.520412,2022-09-14 18:43:36.544229,2022-09-14 18:54:03.826369,0:10:27.305905,12.5,16.1
2022-09-14 18:43:36.526151,2022-09-14 18:43:36.527783,2022-09-14 18:54:03.834446,0:10:27.308247,40.0,16.1
2022-09-14 18:43:36.554500,2022-09-14 18:43:36.555668,2022-09-14 18:54:03.864559,0:10:27.310008,16.7,16.1
2022-09-14 18:43:36.576644,2022-09-14 18:43:36.582964,2022-09-14 18:54:03.920398,0:10:27.343698,18.2,16.1
2022-09-14 18:43:36.532350,2022-09-14 18:43:36.544385,2022-09-14 18:54:03.934688,0:10:27.402261,12.5,16.1
2022-09-14 18:43:36.543087,2022-09-14 18:43:36.555867,2022-09-14 18:54:03.948762,0:10:27.405623,25.0,16.1
2022-09-14 18:43:36.571202,2022-09-14 18:43:36.572261,2022-09-14 18:54:03.962744,0:10:27.391478,12.5,16.1
2022-09-14 18:43:36.587629,2022-09-14 18:43:36.588546,2022-09-14 18:54:03.975077,0:10:27.387398,14.3,16.2
2022-09-14 18:43:36.604187,2022-09-14 18:43:36.605515,2022-09-14 18:54:03.988916,0:10:27.384679,22.2,16.2
2022-09-14 18:43:36.560634,2022-09-14 18:43:36.582926,2022-09-14 18:54:04.011185,0:10:27.450500,16.7,16.2
2022-09-14 18:43:36.603928,2022-09-14 18:43:36.606360,2022-09-14 18:54:04.033393,0:10:27.429414,15.4,16.2
2022-09-14 18:43:36.549117,2022-09-14 18:43:36.582926,2022-09-14 18:54:04.045553,0:10:27.496385,28.6,16.1
2022-09-14 18:43:36.604576,2022-09-14 18:43:36.606441,2022-09-14 18:54:04.074338,0:10:27.469704,17.6,16.1
2022-09-14 18:43:36.632759,2022-09-14 18:43:36.633993,2022-09-14 18:54:04.090551,0:10:27.457739,27.3,16.1
2022-09-14 18:43:36.621789,2022-09-14 18:43:36.622888,2022-09-14 18:54:04.104777,0:10:27.482937,22.2,16.1
2022-09-14 18:43:36.610945,2022-09-14 18:43:36.634137,2022-09-14 18:54:04.115087,0:10:27.504088,16.7,16.1
2022-09-14 18:43:36.593031,2022-09-14 18:43:36.605081,2022-09-14 18:54:04.127112,0:10:27.534031,16.7,16.1
2022-09-14 18:43:36.654659,2022-09-14 18:43:36.656099,2022-09-14 18:54:04.168391,0:10:27.513678,16.7,16.1
2022-09-14 18:43:36.655054,2022-09-14 18:43:36.666989,2022-09-14 18:54:04.173880,0:10:27.518776,25.0,16.1
2022-09-14 18:43:36.621976,2022-09-14 18:43:36.633993,2022-09-14 18:54:04.188120,0:10:27.566086,22.2,16.1
2022-09-14 18:43:36.666813,2022-09-14 18:43:36.667880,2022-09-14 18:54:04.206602,0:10:27.539735,11.1,16.1
2022-09-14 18:43:36.666018,2022-09-14 18:43:36.668688,2022-09-14 18:54:04.217586,0:10:27.551516,16.7,16.1
2022-09-14 18:43:36.655240,2022-09-14 18:43:36.666952,2022-09-14 18:54:04.223322,0:10:27.568027,40.0,16.1
2022-09-14 18:43:36.666592,2022-09-14 18:43:36.667509,2022-09-14 18:54:04.231438,0:10:27.564795,0.0,16.1
2022-09-14 18:43:36.684559,2022-09-14 18:43:36.691164,2022-09-14 18:54:04.284676,0:10:27.600053,19.4,16.1
2022-09-14 18:43:36.678423,2022-09-14 18:43:36.685824,2022-09-14 18:54:04.293330,0:10:27.614857,0.0,16.1
2022-09-14 18:43:36.719918,2022-09-14 18:43:36.726519,2022-09-14 18:54:04.322502,0:10:27.602529,22.2,16.1
2022-09-14 18:43:36.684717,2022-09-14 18:43:36.721269,2022-09-14 18:54:04.355248,0:10:27.670472,21.1,16.1
2022-09-14 18:43:36.698641,2022-09-14 18:43:36.715054,2022-09-14 18:54:04.373868,0:10:27.675171,10.0,16.1
2022-09-14 18:43:36.719725,2022-09-14 18:43:36.743001,2022-09-14 18:54:04.392451,0:10:27.672671,35.7,16.1
2022-09-14 18:43:36.725779,2022-09-14 18:43:36.737409,2022-09-14 18:54:04.414423,0:10:27.688593,15.4,16.1
2022-09-14 18:43:36.742065,2022-09-14 18:43:36.743060,2022-09-14 18:54:04.448224,0:10:27.706104,15.8,16.1
2022-09-14 18:43:36.748063,2022-09-14 18:43:36.749092,2022-09-14 18:54:04.464344,0:10:27.716230,20.0,16.1
2022-09-14 18:43:36.736631,2022-09-14 18:43:36.759864,2022-09-14 18:54:04.484770,0:10:27.748088,18.2,16.1
2022-09-14 18:43:36.742446,2022-09-14 18:43:36.765756,2022-09-14 18:54:04.492852,0:10:27.750357,20.0,16.1
2022-09-14 18:43:36.748531,2022-09-14 18:43:36.759973,2022-09-14 18:54:04.500941,0:10:27.752362,20.0,16.2
2022-09-14 18:43:36.781107,2022-09-14 18:43:36.787286,2022-09-14 18:54:04.520852,0:10:27.739696,18.2,16.2
2022-09-14 18:43:36.791641,2022-09-14 18:43:36.793246,2022-09-14 18:54:04.558898,0:10:27.767206,20.8,16.2
2022-09-14 18:43:36.792201,2022-09-14 18:43:36.799000,2022-09-14 18:54:04.567170,0:10:27.774920,20.0,16.2
2022-09-14 18:43:36.798123,2022-09-14 18:43:36.810726,2022-09-14 18:54:04.594104,0:10:27.795929,13.3,16.2
2022-09-14 18:43:36.764712,2022-09-14 18:43:36.771310,2022-09-14 18:54:04.599562,0:10:27.834797,50.0,16.2
2022-09-14 18:43:36.803957,2022-09-14 18:43:36.816322,2022-09-14 18:54:04.618084,0:10:27.814077,10.0,16.2
2022-09-14 18:43:36.815623,2022-09-14 18:43:36.832881,2022-09-14 18:54:04.638188,0:10:27.822515,23.1,16.2
2022-09-14 18:43:36.809380,2022-09-14 18:43:36.816365,2022-09-14 18:54:04.656507,0:10:27.847077,20.0,16.2
2022-09-14 18:43:36.837745,2022-09-14 18:43:36.844043,2022-09-14 18:54:04.670377,0:10:27.832583,22.2,16.2
2022-09-14 18:43:36.791865,2022-09-14 18:43:36.827249,2022-09-14 18:54:04.680459,0:10:27.888545,16.7,16.2
2022-09-14 18:43:36.832366,2022-09-14 18:43:36.860955,2022-09-14 18:54:04.714833,0:10:27.882418,20.0,16.2
2022-09-14 18:43:36.859641,2022-09-14 18:43:36.862367,2022-09-14 18:54:04.741434,0:10:27.881743,18.7,16.2
2022-09-14 18:43:36.860821,2022-09-14 18:43:36.868508,2022-09-14 18:54:04.755178,0:10:27.894308,22.2,16.2
2022-09-14 18:43:36.860067,2022-09-14 18:43:36.867643,2022-09-14 18:54:04.797327,0:10:27.937209,16.7,16.2
2022-09-14 18:43:36.860439,2022-09-14 18:43:36.867786,2022-09-14 18:54:04.815729,0:10:27.955240,18.2,16.1
2022-09-14 18:43:36.859848,2022-09-14 18:43:36.861472,2022-09-14 18:54:04.820964,0:10:27.961067,0.0,16.1
2022-09-14 18:43:36.888902,2022-09-14 18:43:36.900490,2022-09-14 18:54:04.837269,0:10:27.948318,27.3,16.1
2022-09-14 18:43:36.899410,2022-09-14 18:43:36.911383,2022-09-14 18:54:04.849855,0:10:27.950396,14.3,16.1
2022-09-14 18:43:36.905176,2022-09-14 18:43:36.911383,2022-09-14 18:54:04.857979,0:10:27.952754,33.3,16.1
2022-09-14 18:43:36.866907,2022-09-14 18:43:36.905989,2022-09-14 18:54:04.878087,0:10:28.011130,25.0,16.1
2022-09-14 18:43:36.933310,2022-09-14 18:43:36.935130,2022-09-14 18:54:04.915845,0:10:27.982485,17.4,16.1
2022-09-14 18:43:36.910688,2022-09-14 18:43:36.922789,2022-09-14 18:54:04.921353,0:10:28.010615,33.3,16.1
2022-09-14 18:43:36.922051,2022-09-14 18:43:36.940439,2022-09-14 18:54:04.926581,0:10:28.004481,33.3,16.1
2022-09-14 18:43:36.927319,2022-09-14 18:43:36.934726,2022-09-14 18:54:04.947546,0:10:28.020178,15.4,16.2
2022-09-14 18:43:36.970554,2022-09-14 18:43:36.971563,2022-09-14 18:54:04.978367,0:10:28.007764,21.1,16.2
2022-09-14 18:43:36.976137,2022-09-14 18:43:36.977098,2022-09-14 18:54:04.990639,0:10:28.014451,16.7,16.2
2022-09-14 18:43:36.921685,2022-09-14 18:43:36.928409,2022-09-14 18:54:05.000734,0:10:28.079001,16.7,16.2
2022-09-14 18:43:36.933478,2022-09-14 18:43:36.940439,2022-09-14 18:54:05.033960,0:10:28.100430,20.0,16.2
2022-09-14 18:43:36.970790,2022-09-14 18:43:36.977183,2022-09-14 18:54:05.042022,0:10:28.071182,33.3,16.2
2022-09-14 18:43:36.993212,2022-09-14 18:43:36.994371,2022-09-14 18:54:05.057579,0:10:28.064314,22.2,16.2
2022-09-14 18:43:36.992504,2022-09-14 18:43:36.994268,2022-09-14 18:54:05.076373,0:10:28.083820,18.2,16.2
2022-09-14 18:43:36.992135,2022-09-14 18:43:37.001019,2022-09-14 18:54:05.094657,0:10:28.102465,18.2,16.2
2022-09-14 18:43:36.992285,2022-09-14 18:43:36.994230,2022-09-14 18:54:05.113429,0:10:28.121094,18.2,16.2
2022-09-14 18:43:36.999394,2022-09-14 18:43:37.001444,2022-09-14 18:54:05.144447,0:10:28.145002,21.1,16.2
2022-09-14 18:43:36.994020,2022-09-14 18:43:37.037149,2022-09-14 18:54:05.174295,0:10:28.180225,17.6,16.2
2022-09-14 18:43:37.036267,2022-09-14 18:43:37.059044,2022-09-14 18:54:05.194700,0:10:28.158376,16.7,16.2
2022-09-14 18:43:37.035980,2022-09-14 18:43:37.037066,2022-09-14 18:54:05.200115,0:10:28.164086,33.3,16.2
2022-09-14 18:43:36.992887,2022-09-14 18:43:37.000882,2022-09-14 18:54:05.211362,0:10:28.218425,14.3,16.2
2022-09-14 18:43:37.052861,2022-09-14 18:43:37.059044,2022-09-14 18:54:05.219424,0:10:28.166514,25.0,16.2
2022-09-14 18:43:37.058476,2022-09-14 18:43:37.081943,2022-09-14 18:54:05.267603,0:10:28.209074,17.2,16.2
2022-09-14 18:43:37.064422,2022-09-14 18:43:37.065539,2022-09-14 18:54:05.283150,0:10:28.218677,22.2,16.2
2022-09-14 18:43:37.058730,2022-09-14 18:43:37.071049,2022-09-14 18:54:05.288361,0:10:28.229581,33.3,16.2
2022-09-14 18:43:37.058240,2022-09-14 18:43:37.076533,2022-09-14 18:54:05.293669,0:10:28.235374,0.0,16.2
2022-09-14 18:43:37.070310,2022-09-14 18:43:37.081944,2022-09-14 18:54:05.331938,0:10:28.261576,25.0,16.1
2022-09-14 18:43:37.098389,2022-09-14 18:43:37.099467,2022-09-14 18:54:05.350270,0:10:28.251825,18.2,16.2
2022-09-14 18:43:37.086473,2022-09-14 18:43:37.110015,2022-09-14 18:54:05.362416,0:10:28.275891,25.0,16.2
2022-09-14 18:43:37.086691,2022-09-14 18:43:37.104838,2022-09-14 18:54:05.370423,0:10:28.283682,20.0,16.2
2022-09-14 18:43:37.114769,2022-09-14 18:43:37.121570,2022-09-14 18:54:05.390658,0:10:28.275833,25.0,16.2
2022-09-14 18:43:37.127313,2022-09-14 18:43:37.133887,2022-09-14 18:54:05.432936,0:10:28.305570,16.0,16.2
2022-09-14 18:43:37.114614,2022-09-14 18:43:37.128291,2022-09-14 18:54:05.455315,0:10:28.340649,21.4,16.2
2022-09-14 18:43:37.120473,2022-09-14 18:43:37.139232,2022-09-14 18:54:05.478033,0:10:28.357508,16.7,16.2
2022-09-14 18:43:37.132663,2022-09-14 18:43:37.139214,2022-09-14 18:54:05.488059,0:10:28.355342,16.7,16.2
2022-09-14 18:43:37.121122,2022-09-14 18:43:37.161961,2022-09-14 18:54:05.502243,0:10:28.381070,22.2,16.2
2022-09-14 18:43:37.120609,2022-09-14 18:43:37.122542,2022-09-14 18:54:05.514638,0:10:28.393979,25.0,16.2
2022-09-14 18:43:37.149407,2022-09-14 18:43:37.151189,2022-09-14 18:54:05.526741,0:10:28.377270,16.7,16.2
2022-09-14 18:43:37.149116,2022-09-14 18:43:37.162077,2022-09-14 18:54:05.547053,0:10:28.397888,23.1,16.2
2022-09-14 18:43:37.178337,2022-09-14 18:43:37.179282,2022-09-14 18:54:05.581361,0:10:28.402974,15.0,16.2
2022-09-14 18:43:37.161177,2022-09-14 18:43:37.173847,2022-09-14 18:54:05.605546,0:10:28.444320,21.4,16.1
2022-09-14 18:43:37.185959,2022-09-14 18:43:37.186955,2022-09-14 18:54:05.617553,0:10:28.431545,25.0,16.1
2022-09-14 18:43:37.185786,2022-09-14 18:43:37.187453,2022-09-14 18:54:05.633705,0:10:28.447867,20.0,16.1
2022-09-14 18:43:37.186270,2022-09-14 18:43:37.199243,2022-09-14 18:54:05.659871,0:10:28.473553,25.0,16.1
2022-09-14 18:43:37.209516,2022-09-14 18:43:37.215616,2022-09-14 18:54:05.675992,0:10:28.466427,27.3,16.1
2022-09-14 18:43:37.186451,2022-09-14 18:43:37.198815,2022-09-14 18:54:05.700070,0:10:28.513570,14.3,16.1
2022-09-14 18:43:37.253520,2022-09-14 18:43:37.260185,2022-09-14 18:54:05.762481,0:10:28.508910,18.9,16.1
2022-09-14 18:43:37.191895,2022-09-14 18:43:37.198815,2022-09-14 18:54:05.776448,0:10:28.584501,14.3,16.1
2022-09-14 18:43:37.242439,2022-09-14 18:43:37.254959,2022-09-14 18:54:05.786357,0:10:28.543870,16.7,16.1
2022-09-14 18:43:37.215347,2022-09-14 18:43:37.232662,2022-09-14 18:54:05.796488,0:10:28.581091,28.6,16.1
2022-09-14 18:43:37.253676,2022-09-14 18:43:37.260604,2022-09-14 18:54:05.816877,0:10:28.563148,16.7,16.1
2022-09-14 18:43:37.259414,2022-09-14 18:43:37.271476,2022-09-14 18:54:05.826959,0:10:28.567496,20.0,16.1
2022-09-14 18:43:37.203870,2022-09-14 18:43:37.227088,2022-09-14 18:54:05.842088,0:10:28.638169,20.0,16.1
2022-09-14 18:43:37.247918,2022-09-14 18:43:37.266244,2022-09-14 18:54:05.850191,0:10:28.602226,25.0,16.1
2022-09-14 18:43:37.248114,2022-09-14 18:43:37.254959,2022-09-14 18:54:05.855539,0:10:28.607373,50.0,16.1
2022-09-14 18:43:37.253807,2022-09-14 18:43:37.271512,2022-09-14 18:54:05.875818,0:10:28.621962,16.7,16.2
2022-09-14 18:43:37.276594,2022-09-14 18:43:37.277761,2022-09-14 18:54:05.886010,0:10:28.609368,20.0,16.2
2022-09-14 18:43:37.293040,2022-09-14 18:43:37.294563,2022-09-14 18:54:05.906312,0:10:28.613224,23.1,16.2
2022-09-14 18:43:37.316447,2022-09-14 18:43:37.322915,2022-09-14 18:54:05.949937,0:10:28.633441,19.2,16.2
2022-09-14 18:43:37.276770,2022-09-14 18:43:37.294634,2022-09-14 18:54:05.963707,0:10:28.686887,30.0,16.2
2022-09-14 18:43:37.315975,2022-09-14 18:43:37.317472,2022-09-14 18:54:05.968959,0:10:28.652934,0.0,16.2
2022-09-14 18:43:37.315656,2022-09-14 18:43:37.334130,2022-09-14 18:54:05.980951,0:10:28.665246,25.0,16.2
2022-09-14 18:43:37.315818,2022-09-14 18:43:37.323087,2022-09-14 18:54:06.015195,0:10:28.699324,23.8,16.2
2022-09-14 18:43:37.310276,2022-09-14 18:43:37.345140,2022-09-14 18:54:06.023400,0:10:28.713074,25.0,16.2
2022-09-14 18:43:37.316136,2022-09-14 18:43:37.334042,2022-09-14 18:54:06.045806,0:10:28.729619,15.4,16.2
2022-09-14 18:43:37.354839,2022-09-14 18:43:37.356305,2022-09-14 18:54:06.055997,0:10:28.701109,16.7,16.2
2022-09-14 18:43:37.355071,2022-09-14 18:43:37.362409,2022-09-14 18:54:06.092401,0:10:28.737276,18.2,16.2
2022-09-14 18:43:37.383543,2022-09-14 18:43:37.389776,2022-09-14 18:54:06.132783,0:10:28.749189,17.4,16.2
2022-09-14 18:43:37.377849,2022-09-14 18:43:37.395074,2022-09-14 18:54:06.145398,0:10:28.767499,25.0,16.2
2022-09-14 18:43:37.361207,2022-09-14 18:43:37.362368,2022-09-14 18:54:06.150572,0:10:28.789315,25.0,16.2
2022-09-14 18:43:37.377675,2022-09-14 18:43:37.384142,2022-09-14 18:54:06.158990,0:10:28.781265,25.0,16.2
2022-09-14 18:43:37.372222,2022-09-14 18:43:37.395225,2022-09-14 18:54:06.167074,0:10:28.794804,20.0,16.2
2022-09-14 18:43:37.361409,2022-09-14 18:43:37.378921,2022-09-14 18:54:06.182908,0:10:28.821449,11.1,16.2
2022-09-14 18:43:37.383401,2022-09-14 18:43:37.395537,2022-09-14 18:54:06.219771,0:10:28.836315,18.2,16.2
2022-09-14 18:43:37.433629,2022-09-14 18:43:37.435429,2022-09-14 18:54:06.244253,0:10:28.810572,15.4,16.2
2022-09-14 18:43:37.427592,2022-09-14 18:43:37.435308,2022-09-14 18:54:06.252361,0:10:28.824720,20.0,16.2
2022-09-14 18:43:37.428387,2022-09-14 18:43:37.434704,2022-09-14 18:54:06.262745,0:10:28.834291,16.7,16.2
2022-09-14 18:43:37.416770,2022-09-14 18:43:37.428743,2022-09-14 18:54:06.291719,0:10:28.874898,22.2,16.2
2022-09-14 18:43:37.394547,2022-09-14 18:43:37.428468,2022-09-14 18:54:06.321799,0:10:28.927197,22.2,16.2
2022-09-14 18:43:37.440682,2022-09-14 18:43:37.452479,2022-09-14 18:54:06.344948,0:10:28.904212,21.4,16.2
2022-09-14 18:43:37.427762,2022-09-14 18:43:37.435021,2022-09-14 18:54:06.367417,0:10:28.939599,15.4,16.2
2022-09-14 18:43:37.446130,2022-09-14 18:43:37.464193,2022-09-14 18:54:06.381691,0:10:28.935503,12.5,16.2
2022-09-14 18:43:37.457267,2022-09-14 18:43:37.458834,2022-09-14 18:54:06.395301,0:10:28.937982,40.0,16.2
2022-09-14 18:43:37.457487,2022-09-14 18:43:37.464193,2022-09-14 18:54:06.406055,0:10:28.948519,0.0,16.2
2022-09-14 18:43:37.479200,2022-09-14 18:43:37.486019,2022-09-14 18:54:06.418317,0:10:28.939069,33.3,16.2
2022-09-14 18:43:37.463403,2022-09-14 18:43:37.474756,2022-09-14 18:54:06.438980,0:10:28.975523,23.1,16.2
2022-09-14 18:43:37.496798,2022-09-14 18:43:37.509639,2022-09-14 18:54:06.483350,0:10:28.986499,19.2,16.2
2022-09-14 18:43:37.508309,2022-09-14 18:43:37.510064,2022-09-14 18:54:06.488589,0:10:28.980231,0.0,16.2
2022-09-14 18:43:37.520219,2022-09-14 18:43:37.526892,2022-09-14 18:54:06.509573,0:10:28.989303,16.7,16.2
2022-09-14 18:43:37.496143,2022-09-14 18:43:37.497838,2022-09-14 18:54:06.517696,0:10:29.021497,33.3,16.2
2022-09-14 18:43:37.520375,2022-09-14 18:43:37.532938,2022-09-14 18:54:06.549222,0:10:29.028797,21.1,16.2
2022-09-14 18:43:37.490826,2022-09-14 18:43:37.509334,2022-09-14 18:54:06.554497,0:10:29.063623,0.0,16.2
2022-09-14 18:43:37.514815,2022-09-14 18:43:37.527016,2022-09-14 18:54:06.576428,0:10:29.061565,21.4,16.2
2022-09-14 18:43:37.496403,2022-09-14 18:43:37.509377,2022-09-14 18:54:06.584571,0:10:29.088120,25.0,16.2
2022-09-14 18:43:37.525976,2022-09-14 18:43:37.538135,2022-09-14 18:54:06.594447,0:10:29.068422,16.7,16.2
2022-09-14 18:43:37.559174,2022-09-14 18:43:37.571310,2022-09-14 18:54:06.636997,0:10:29.077773,15.4,16.2
2022-09-14 18:43:37.553620,2022-09-14 18:43:37.566136,2022-09-14 18:54:06.677306,0:10:29.123634,20.8,16.2
2022-09-14 18:43:37.559753,2022-09-14 18:43:37.560734,2022-09-14 18:54:06.689338,0:10:29.129535,25.0,16.2
2022-09-14 18:43:37.587551,2022-09-14 18:43:37.588659,2022-09-14 18:54:06.717459,0:10:29.129858,18.7,16.2
2022-09-14 18:43:37.576100,2022-09-14 18:43:37.577584,2022-09-14 18:54:06.733258,0:10:29.157108,20.0,16.2
2022-09-14 18:43:37.559570,2022-09-14 18:43:37.560734,2022-09-14 18:54:06.743996,0:10:29.184377,16.7,16.2
2022-09-14 18:43:37.587798,2022-09-14 18:43:37.594511,2022-09-14 18:54:06.749182,0:10:29.161336,33.3,16.2
2022-09-14 18:43:37.588059,2022-09-14 18:43:37.594519,2022-09-14 18:54:06.757091,0:10:29.168984,20.0,16.2
2022-09-14 18:43:37.599165,2022-09-14 18:43:37.627104,2022-09-14 18:54:06.807523,0:10:29.208302,20.0,16.2
2022-09-14 18:43:37.641452,2022-09-14 18:43:37.642587,2022-09-14 18:54:06.828531,0:10:29.187026,15.4,16.2
2022-09-14 18:43:37.620439,2022-09-14 18:43:37.653188,2022-09-14 18:54:06.834005,0:10:29.213517,0.0,16.2
2022-09-14 18:43:37.570707,2022-09-14 18:43:37.583056,2022-09-14 18:54:06.849848,0:10:29.279091,20.0,16.2
2022-09-14 18:43:37.620604,2022-09-14 18:43:37.664497,2022-09-14 18:54:06.860042,0:10:29.239372,33.3,16.2
2022-09-14 18:43:37.647008,2022-09-14 18:43:37.664497,2022-09-14 18:54:06.890246,0:10:29.243188,21.1,16.2
2022-09-14 18:43:37.657568,2022-09-14 18:43:37.681556,2022-09-14 18:54:06.912346,0:10:29.254729,21.4,16.2
2022-09-14 18:43:37.614734,2022-09-14 18:43:37.642437,2022-09-14 18:54:06.954827,0:10:29.340043,20.0,16.2
2022-09-14 18:43:37.657758,2022-09-14 18:43:37.681556,2022-09-14 18:54:06.980874,0:10:29.323067,13.3,16.2
2022-09-14 18:43:37.692371,2022-09-14 18:43:37.693642,2022-09-14 18:54:06.993062,0:10:29.300642,25.0,16.2
2022-09-14 18:43:37.681097,2022-09-14 18:43:37.693218,2022-09-14 18:54:07.007293,0:10:29.326147,25.0,16.2
2022-09-14 18:43:37.681383,2022-09-14 18:43:37.693368,2022-09-14 18:54:07.020337,0:10:29.338902,14.3,16.2
2022-09-14 18:43:37.704033,2022-09-14 18:43:37.710366,2022-09-14 18:54:07.025630,0:10:29.321549,25.0,16.2
2022-09-14 18:43:37.631613,2022-09-14 18:43:37.693892,2022-09-14 18:54:07.038219,0:10:29.406557,14.3,16.2
2022-09-14 18:43:37.680573,2022-09-14 18:43:37.693797,2022-09-14 18:54:07.043558,0:10:29.362936,33.3,16.2
2022-09-14 18:43:37.680913,2022-09-14 18:43:37.687814,2022-09-14 18:54:07.068041,0:10:29.387078,20.0,16.2
2022-09-14 18:43:37.721215,2022-09-14 18:43:37.722507,2022-09-14 18:54:07.090281,0:10:29.369016,15.4,16.2
2022-09-14 18:43:37.709337,2022-09-14 18:43:37.715826,2022-09-14 18:54:07.098322,0:10:29.388936,25.0,16.2
2022-09-14 18:43:37.721467,2022-09-14 18:43:37.722383,2022-09-14 18:54:07.112761,0:10:29.391239,22.2,16.2
2022-09-14 18:43:37.743857,2022-09-14 18:43:37.745420,2022-09-14 18:54:07.161322,0:10:29.417413,20.0,16.2
2022-09-14 18:43:37.744017,2022-09-14 18:43:37.745596,2022-09-14 18:54:07.177508,0:10:29.433439,22.2,16.2
2022-09-14 18:43:37.744460,2022-09-14 18:43:37.745692,2022-09-14 18:54:07.193677,0:10:29.449159,20.0,16.2
2022-09-14 18:43:37.744220,2022-09-14 18:43:37.745420,2022-09-14 18:54:07.206052,0:10:29.461782,33.3,16.2
2022-09-14 18:43:37.765803,2022-09-14 18:43:37.766831,2022-09-14 18:54:07.218172,0:10:29.452319,14.3,16.2
2022-09-14 18:43:37.738194,2022-09-14 18:43:37.767215,2022-09-14 18:54:07.247089,0:10:29.508845,22.2,16.2
2022-09-14 18:43:37.782629,2022-09-14 18:43:37.783850,2022-09-14 18:54:07.252418,0:10:29.469741,33.3,16.2
2022-09-14 18:43:37.771771,2022-09-14 18:43:37.800647,2022-09-14 18:54:07.316521,0:10:29.544700,20.5,16.2
2022-09-14 18:43:37.811370,2022-09-14 18:43:37.812630,2022-09-14 18:54:07.335512,0:10:29.524089,18.2,16.2
2022-09-14 18:43:37.783426,2022-09-14 18:43:37.795372,2022-09-14 18:54:07.342779,0:10:29.559304,0.0,16.2
2022-09-14 18:43:37.805101,2022-09-14 18:43:37.806002,2022-09-14 18:54:07.352827,0:10:29.547677,20.0,16.2
2022-09-14 18:43:37.766339,2022-09-14 18:43:37.805967,2022-09-14 18:54:07.362910,0:10:29.596522,16.7,16.2
2022-09-14 18:43:37.810801,2022-09-14 18:43:37.812981,2022-09-14 18:54:07.372959,0:10:29.562110,16.7,16.2
2022-09-14 18:43:37.828597,2022-09-14 18:43:37.830043,2022-09-14 18:54:07.419064,0:10:29.590417,21.4,16.2
2022-09-14 18:43:37.829065,2022-09-14 18:43:37.830288,2022-09-14 18:54:07.431009,0:10:29.601895,14.3,16.2
2022-09-14 18:43:37.810599,2022-09-14 18:43:37.812000,2022-09-14 18:54:07.439186,0:10:29.628538,20.0,16.2
2022-09-14 18:43:37.804958,2022-09-14 18:43:37.812379,2022-09-14 18:54:07.453110,0:10:29.648104,14.3,16.2
2022-09-14 18:43:37.839961,2022-09-14 18:43:37.841067,2022-09-14 18:54:07.468951,0:10:29.628941,20.0,16.2
2022-09-14 18:43:37.846017,2022-09-14 18:43:37.857799,2022-09-14 18:54:07.486987,0:10:29.640921,18.2,16.2
2022-09-14 18:43:37.845566,2022-09-14 18:43:37.852610,2022-09-14 18:54:07.507109,0:10:29.661494,18.2,16.2
2022-09-14 18:43:37.894835,2022-09-14 18:43:37.895837,2022-09-14 18:54:07.574515,0:10:29.679627,17.5,16.2
2022-09-14 18:43:37.867671,2022-09-14 18:43:37.868815,2022-09-14 18:54:07.582631,0:10:29.714909,0.0,16.2
2022-09-14 18:43:37.900301,2022-09-14 18:43:37.901364,2022-09-14 18:54:07.601529,0:10:29.701177,18.2,16.2
2022-09-14 18:43:37.873449,2022-09-14 18:43:37.901493,2022-09-14 18:54:07.606989,0:10:29.733491,33.3,16.2
2022-09-14 18:43:37.889315,2022-09-14 18:43:37.912435,2022-09-14 18:54:07.625156,0:10:29.735792,18.2,16.2
2022-09-14 18:43:37.873606,2022-09-14 18:43:37.890133,2022-09-14 18:54:07.633015,0:10:29.759360,20.0,16.2
2022-09-14 18:43:37.906345,2022-09-14 18:43:37.912390,2022-09-14 18:54:07.662367,0:10:29.755971,26.3,16.2
2022-09-14 18:43:37.873304,2022-09-14 18:43:37.874694,2022-09-14 18:54:07.672515,0:10:29.799161,20.0,16.2
2022-09-14 18:43:37.917233,2022-09-14 18:43:37.924291,2022-09-14 18:54:07.705788,0:10:29.788502,20.0,16.2
2022-09-14 18:43:37.917700,2022-09-14 18:43:37.918704,2022-09-14 18:54:07.713368,0:10:29.795615,20.0,16.2
2022-09-14 18:43:37.928688,2022-09-14 18:43:37.930496,2022-09-14 18:54:07.742637,0:10:29.813895,17.6,16.2
2022-09-14 18:43:37.940946,2022-09-14 18:43:37.942065,2022-09-14 18:54:07.748000,0:10:29.807003,0.0,16.2
2022-09-14 18:43:37.935356,2022-09-14 18:43:37.953683,2022-09-14 18:54:07.780482,0:10:29.845073,20.0,16.2
2022-09-14 18:43:37.940746,2022-09-14 18:43:37.942149,2022-09-14 18:54:07.792447,0:10:29.851648,14.3,16.2
2022-09-14 18:43:37.963645,2022-09-14 18:43:37.972685,2022-09-14 18:54:07.802489,0:10:29.838795,20.0,16.2
2022-09-14 18:43:37.952417,2022-09-14 18:43:37.953683,2022-09-14 18:54:07.812722,0:10:29.860252,16.7,16.2
2022-09-14 18:43:37.963973,2022-09-14 18:43:37.979239,2022-09-14 18:54:07.835452,0:10:29.871428,15.4,16.2
2022-09-14 18:43:37.972172,2022-09-14 18:43:37.973106,2022-09-14 18:54:07.856166,0:10:29.883943,16.7,16.2
2022-09-14 18:43:37.978492,2022-09-14 18:43:37.990903,2022-09-14 18:54:07.866097,0:10:29.887556,16.7,16.2
2022-09-14 18:43:38.006101,2022-09-14 18:43:38.018966,2022-09-14 18:54:07.925019,0:10:29.918864,17.6,16.2
2022-09-14 18:43:38.017764,2022-09-14 18:43:38.024843,2022-09-14 18:54:07.949484,0:10:29.931665,25.0,16.2
2022-09-14 18:43:38.006291,2022-09-14 18:43:38.007409,2022-09-14 18:54:07.969724,0:10:29.963376,16.7,16.2
2022-09-14 18:43:37.979019,2022-09-14 18:43:38.007532,2022-09-14 18:54:07.990022,0:10:30.010950,23.1,16.2
2022-09-14 18:43:38.034645,2022-09-14 18:43:38.041222,2022-09-14 18:54:07.998537,0:10:29.963842,20.0,16.2
2022-09-14 18:43:38.045974,2022-09-14 18:43:38.047177,2022-09-14 18:54:08.009344,0:10:29.963318,33.3,16.2
2022-09-14 18:43:38.040234,2022-09-14 18:43:38.046674,2022-09-14 18:54:08.017450,0:10:29.977165,20.0,16.2
2022-09-14 18:43:37.989681,2022-09-14 18:43:38.024843,2022-09-14 18:54:08.044036,0:10:30.054303,23.5,16.2
2022-09-14 18:43:38.034908,2022-09-14 18:43:38.041055,2022-09-14 18:54:08.052424,0:10:30.017462,0.0,16.2
2022-09-14 18:43:38.011985,2022-09-14 18:43:38.018829,2022-09-14 18:54:08.067359,0:10:30.055319,22.2,16.2
2022-09-14 18:43:38.052866,2022-09-14 18:43:38.089579,2022-09-14 18:54:08.110791,0:10:30.057863,19.2,16.2
2022-09-14 18:43:38.094226,2022-09-14 18:43:38.105501,2022-09-14 18:54:08.125619,0:10:30.031340,12.5,16.2
2022-09-14 18:43:38.077439,2022-09-14 18:43:38.078660,2022-09-14 18:54:08.144429,0:10:30.066938,30.8,16.2
2022-09-14 18:43:38.051761,2022-09-14 18:43:38.069620,2022-09-14 18:54:08.163064,0:10:30.111251,18.2,16.2
2022-09-14 18:43:38.115456,2022-09-14 18:43:38.122391,2022-09-14 18:54:08.179497,0:10:30.063988,11.1,16.2
2022-09-14 18:43:38.077730,2022-09-14 18:43:38.083928,2022-09-14 18:54:08.212569,0:10:30.134787,21.1,16.2
2022-09-14 18:43:38.104694,2022-09-14 18:43:38.116368,2022-09-14 18:54:08.246286,0:10:30.141539,15.0,16.2
2022-09-14 18:43:38.121489,2022-09-14 18:43:38.128695,2022-09-14 18:54:08.251605,0:10:30.130061,33.3,16.2
2022-09-14 18:43:38.093995,2022-09-14 18:43:38.122996,2022-09-14 18:54:08.260138,0:10:30.166089,33.3,16.2
2022-09-14 18:43:38.115673,2022-09-14 18:43:38.128695,2022-09-14 18:54:08.272553,0:10:30.156832,14.3,16.2
2022-09-14 18:43:38.121912,2022-09-14 18:43:38.139925,2022-09-14 18:54:08.287194,0:10:30.165230,22.2,16.2
2022-09-14 18:43:38.115999,2022-09-14 18:43:38.128848,2022-09-14 18:54:08.301537,0:10:30.185484,12.5,16.2
2022-09-14 18:43:38.138959,2022-09-14 18:43:38.145496,2022-09-14 18:54:08.335246,0:10:30.196229,20.0,16.2
2022-09-14 18:43:38.144668,2022-09-14 18:43:38.157690,2022-09-14 18:54:08.350923,0:10:30.206200,22.2,16.2
2022-09-14 18:43:38.156044,2022-09-14 18:43:38.157565,2022-09-14 18:54:08.370345,0:10:30.214249,16.7,16.2
2022-09-14 18:43:38.156578,2022-09-14 18:43:38.157763,2022-09-14 18:54:08.391595,0:10:30.234962,23.1,16.2
2022-09-14 18:43:38.183801,2022-09-14 18:43:38.190415,2022-09-14 18:54:08.410788,0:10:30.226936,18.2,16.2
2022-09-14 18:43:38.167906,2022-09-14 18:43:38.174096,2022-09-14 18:54:08.423050,0:10:30.255092,14.3,16.2
2022-09-14 18:43:38.184009,2022-09-14 18:43:38.191465,2022-09-14 18:54:08.459781,0:10:30.275716,21.7,16.2
2022-09-14 18:43:38.189804,2022-09-14 18:43:38.190736,2022-09-14 18:54:08.474321,0:10:30.284465,12.5,16.2
2022-09-14 18:43:38.189595,2022-09-14 18:43:38.190497,2022-09-14 18:54:08.503124,0:10:30.313477,18.7,16.2
2022-09-14 18:43:38.217314,2022-09-14 18:43:38.223579,2022-09-14 18:54:08.513236,0:10:30.295869,16.7,16.2
2022-09-14 18:43:38.190405,2022-09-14 18:43:38.202120,2022-09-14 18:54:08.523859,0:10:30.333399,28.6,16.2
2022-09-14 18:43:38.201130,2022-09-14 18:43:38.207413,2022-09-14 18:54:08.532426,0:10:30.331245,20.0,16.2
2022-09-14 18:43:38.222928,2022-09-14 18:43:38.224136,2022-09-14 18:54:08.544623,0:10:30.321645,14.3,16.2
2022-09-14 18:43:38.239505,2022-09-14 18:43:38.241047,2022-09-14 18:54:08.581275,0:10:30.341719,19.0,16.2
2022-09-14 18:43:38.211884,2022-09-14 18:43:38.229465,2022-09-14 18:54:08.606064,0:10:30.394129,20.0,16.2
2022-09-14 18:43:38.255586,2022-09-14 18:43:38.282768,2022-09-14 18:54:08.638558,0:10:30.382920,20.0,16.2
2022-09-14 18:43:38.245628,2022-09-14 18:43:38.256411,2022-09-14 18:54:08.649799,0:10:30.404121,16.7,16.2
2022-09-14 18:43:38.271002,2022-09-14 18:43:38.277053,2022-09-14 18:54:08.669157,0:10:30.398104,23.1,16.2
2022-09-14 18:43:38.255166,2022-09-14 18:43:38.283104,2022-09-14 18:54:08.677103,0:10:30.421888,40.0,16.2
2022-09-14 18:43:38.281604,2022-09-14 18:43:38.299350,2022-09-14 18:54:08.707310,0:10:30.425656,16.7,16.2
2022-09-14 18:43:38.281782,2022-09-14 18:43:38.310019,2022-09-14 18:54:08.740379,0:10:30.458546,15.8,16.2
2022-09-14 18:43:38.270815,2022-09-14 18:43:38.294066,2022-09-14 18:54:08.745818,0:10:30.474954,33.3,16.2
2022-09-14 18:43:38.254955,2022-09-14 18:43:38.266512,2022-09-14 18:54:08.769161,0:10:30.514157,20.0,16.2
2022-09-14 18:43:38.335993,2022-09-14 18:43:38.337042,2022-09-14 18:54:08.789925,0:10:30.453883,16.7,16.2
2022-09-14 18:43:38.314663,2022-09-14 18:43:38.315825,2022-09-14 18:54:08.799798,0:10:30.485087,33.3,16.2
2022-09-14 18:43:38.330550,2022-09-14 18:43:38.337630,2022-09-14 18:54:08.829629,0:10:30.499030,12.5,16.2
2022-09-14 18:43:38.320486,2022-09-14 18:43:38.337042,2022-09-14 18:54:08.839913,0:10:30.519379,37.5,16.2
2022-09-14 18:43:38.320295,2022-09-14 18:43:38.337733,2022-09-14 18:54:08.865924,0:10:30.545579,13.3,16.2
2022-09-14 18:43:38.342269,2022-09-14 18:43:38.354638,2022-09-14 18:54:08.875888,0:10:30.533567,28.6,16.2
2022-09-14 18:43:38.320677,2022-09-14 18:43:38.337828,2022-09-14 18:54:08.893896,0:10:30.573170,20.0,16.2
2022-09-14 18:43:38.342409,2022-09-14 18:43:38.360166,2022-09-14 18:54:08.902082,0:10:30.559625,20.0,16.2
2022-09-14 18:43:38.321017,2022-09-14 18:43:38.354508,2022-09-14 18:54:08.952768,0:10:30.631695,19.4,16.2
2022-09-14 18:43:38.391254,2022-09-14 18:43:38.403119,2022-09-14 18:54:08.964876,0:10:30.573570,16.7,16.2
2022-09-14 18:43:38.336350,2022-09-14 18:43:38.360166,2022-09-14 18:54:08.972989,0:10:30.636588,20.0,16.2
2022-09-14 18:43:38.385655,2022-09-14 18:43:38.403455,2022-09-14 18:54:08.993114,0:10:30.607409,23.1,16.2
2022-09-14 18:43:38.403188,2022-09-14 18:43:38.410466,2022-09-14 18:54:09.032307,0:10:30.629068,17.4,16.2
2022-09-14 18:43:38.385850,2022-09-14 18:43:38.397938,2022-09-14 18:54:09.037522,0:10:30.651622,33.3,16.2
2022-09-14 18:43:38.396821,2022-09-14 18:43:38.404276,2022-09-14 18:54:09.049636,0:10:30.652767,14.3,16.2
2022-09-14 18:43:38.403019,2022-09-14 18:43:38.410422,2022-09-14 18:54:09.057955,0:10:30.654888,42.9,16.2
2022-09-14 18:43:38.402385,2022-09-14 18:43:38.404079,2022-09-14 18:54:09.068751,0:10:30.666316,16.7,16.2
2022-09-14 18:43:38.396984,2022-09-14 18:43:38.416011,2022-09-14 18:54:09.073963,0:10:30.676927,33.3,16.2
2022-09-14 18:43:38.448276,2022-09-14 18:43:38.449321,2022-09-14 18:54:09.120245,0:10:30.671916,18.5,16.2
2022-09-14 18:43:38.459481,2022-09-14 18:43:38.460695,2022-09-14 18:54:09.152698,0:10:30.693153,20.0,16.2
2022-09-14 18:43:38.459647,2022-09-14 18:43:38.466214,2022-09-14 18:54:09.180856,0:10:30.721158,17.6,16.2
2022-09-14 18:43:38.414980,2022-09-14 18:43:38.437563,2022-09-14 18:54:09.189220,0:10:30.774191,0.0,16.2
2022-09-14 18:43:38.403525,2022-09-14 18:43:38.404480,2022-09-14 18:54:09.221717,0:10:30.818142,21.1,16.2
2022-09-14 18:43:38.471048,2022-09-14 18:43:38.471987,2022-09-14 18:54:09.229891,0:10:30.758794,20.0,16.2
2022-09-14 18:43:38.476574,2022-09-14 18:43:38.478104,2022-09-14 18:54:09.239853,0:10:30.763226,16.7,16.2
2022-09-14 18:43:38.465620,2022-09-14 18:43:38.484847,2022-09-14 18:54:09.252144,0:10:30.786475,25.0,16.2
2022-09-14 18:43:38.483064,2022-09-14 18:43:38.484228,2022-09-14 18:54:09.270567,0:10:30.787455,10.0,16.2
2022-09-14 18:43:38.476985,2022-09-14 18:43:38.483711,2022-09-14 18:54:09.275974,0:10:30.798940,50.0,16.2
2022-09-14 18:43:38.453718,2022-09-14 18:43:38.477910,2022-09-14 18:54:09.292033,0:10:30.838266,20.0,16.2
2022-09-14 18:43:38.465453,2022-09-14 18:43:38.483524,2022-09-14 18:54:09.300497,0:10:30.834995,0.0,16.2
2022-09-14 18:43:38.510981,2022-09-14 18:43:38.517293,2022-09-14 18:54:09.326559,0:10:30.815529,23.5,16.2
2022-09-14 18:43:38.516584,2022-09-14 18:43:38.526603,2022-09-14 18:54:09.340451,0:10:30.823818,14.3,16.2
2022-09-14 18:43:38.524813,2022-09-14 18:43:38.526036,2022-09-14 18:54:09.359245,0:10:30.834375,25.0,16.2
2022-09-14 18:43:38.538114,2022-09-14 18:43:38.539718,2022-09-14 18:54:09.411899,0:10:30.873726,16.1,16.2
2022-09-14 18:43:38.525929,2022-09-14 18:43:38.539624,2022-09-14 18:54:09.427372,0:10:30.901391,22.2,16.2
2022-09-14 18:43:38.525434,2022-09-14 18:43:38.539547,2022-09-14 18:54:09.441564,0:10:30.916079,12.5,16.2
2022-09-14 18:43:38.526062,2022-09-14 18:43:38.539661,2022-09-14 18:54:09.449488,0:10:30.923377,20.0,16.2
2022-09-14 18:43:38.555243,2022-09-14 18:43:38.561292,2022-09-14 18:54:09.461848,0:10:30.906552,37.5,16.2
2022-09-14 18:43:38.531580,2022-09-14 18:43:38.539073,2022-09-14 18:54:09.475055,0:10:30.943424,22.2,16.2
2022-09-14 18:43:38.554948,2022-09-14 18:43:38.561292,2022-09-14 18:54:09.480707,0:10:30.925692,0.0,16.2
2022-09-14 18:43:38.581891,2022-09-14 18:43:38.583497,2022-09-14 18:54:09.504857,0:10:30.922916,14.3,16.2
2022-09-14 18:43:38.610235,2022-09-14 18:43:38.611267,2022-09-14 18:54:09.577847,0:10:30.967559,18.2,16.2
2022-09-14 18:43:38.599415,2022-09-14 18:43:38.616570,2022-09-14 18:54:09.594896,0:10:30.995430,20.0,16.2
2022-09-14 18:43:38.599257,2022-09-14 18:43:38.611267,2022-09-14 18:54:09.603213,0:10:31.003902,25.0,16.2
2022-09-14 18:43:38.599071,2022-09-14 18:43:38.611267,2022-09-14 18:54:09.613443,0:10:31.014322,16.7,16.2
2022-09-14 18:43:38.582374,2022-09-14 18:43:38.616690,2022-09-14 18:54:09.656867,0:10:31.074435,19.2,16.2
2022-09-14 18:43:38.599597,2022-09-14 18:43:38.611267,2022-09-14 18:54:09.667810,0:10:31.068158,16.7,16.2
2022-09-14 18:43:38.616104,2022-09-14 18:43:38.628363,2022-09-14 18:54:09.673043,0:10:31.056891,25.0,16.2
2022-09-14 18:43:38.615961,2022-09-14 18:43:38.617310,2022-09-14 18:54:09.682963,0:10:31.066954,20.0,16.2
2022-09-14 18:43:38.621961,2022-09-14 18:43:38.628489,2022-09-14 18:54:09.702916,0:10:31.080906,16.7,16.2
2022-09-14 18:43:38.643622,2022-09-14 18:43:38.644911,2022-09-14 18:54:09.727089,0:10:31.083418,20.0,16.2
2022-09-14 18:43:38.666320,2022-09-14 18:43:38.672529,2022-09-14 18:54:09.743184,0:10:31.076814,12.5,16.2
2022-09-14 18:43:38.677408,2022-09-14 18:43:38.678585,2022-09-14 18:54:09.756353,0:10:31.078896,25.0,16.2
2022-09-14 18:43:38.644226,2022-09-14 18:43:38.656377,2022-09-14 18:54:09.770328,0:10:31.126054,12.5,16.2
2022-09-14 18:43:38.676928,2022-09-14 18:43:38.678936,2022-09-14 18:54:09.787272,0:10:31.110295,27.3,16.2
2022-09-14 18:43:38.678299,2022-09-14 18:43:38.679903,2022-09-14 18:54:09.820131,0:10:31.141772,15.8,16.2
2022-09-14 18:43:38.684903,2022-09-14 18:43:38.691670,2022-09-14 18:54:09.832125,0:10:31.147170,25.0,16.2
2022-09-14 18:43:38.707270,2022-09-14 18:43:38.713315,2022-09-14 18:54:09.848487,0:10:31.141165,11.1,16.2
2022-09-14 18:43:38.677883,2022-09-14 18:43:38.680092,2022-09-14 18:54:09.856624,0:10:31.178691,25.0,16.2
2022-09-14 18:43:38.677562,2022-09-14 18:43:38.679571,2022-09-14 18:54:09.866661,0:10:31.189042,16.7,16.2
2022-09-14 18:43:38.679453,2022-09-14 18:43:38.686010,2022-09-14 18:54:09.876693,0:10:31.197183,28.6,16.2
2022-09-14 18:43:38.751284,2022-09-14 18:43:38.758181,2022-09-14 18:54:09.951216,0:10:31.199877,16.3,16.2
2022-09-14 18:43:38.712623,2022-09-14 18:43:38.725225,2022-09-14 18:54:09.961420,0:10:31.248746,16.7,16.2
2022-09-14 18:43:38.740530,2022-09-14 18:43:38.757882,2022-09-14 18:54:09.977498,0:10:31.236917,22.2,16.2
2022-09-14 18:43:38.740753,2022-09-14 18:43:38.758079,2022-09-14 18:54:09.987676,0:10:31.246865,28.6,16.2
2022-09-14 18:43:38.735001,2022-09-14 18:43:38.741742,2022-09-14 18:54:10.014889,0:10:31.279836,18.7,16.2
2022-09-14 18:43:38.751596,2022-09-14 18:43:38.763617,2022-09-14 18:54:10.033796,0:10:31.282150,18.2,16.2
2022-09-14 18:43:38.740927,2022-09-14 18:43:38.774493,2022-09-14 18:54:10.051780,0:10:31.310802,18.2,16.2
2022-09-14 18:43:38.768312,2022-09-14 18:43:38.785532,2022-09-14 18:54:10.079866,0:10:31.311503,18.7,16.2
2022-09-14 18:43:38.773650,2022-09-14 18:43:38.785711,2022-09-14 18:54:10.090312,0:10:31.316610,16.7,16.2
2022-09-14 18:43:38.751772,2022-09-14 18:43:38.757798,2022-09-14 18:54:10.128491,0:10:31.376663,20.0,16.2
2022-09-14 18:43:38.751441,2022-09-14 18:43:38.785660,2022-09-14 18:54:10.144848,0:10:31.393356,12.5,16.2
2022-09-14 18:43:38.818209,2022-09-14 18:43:38.824954,2022-09-14 18:54:10.157754,0:10:31.339493,14.3,16.2
2022-09-14 18:43:38.823775,2022-09-14 18:43:38.825169,2022-09-14 18:54:10.165749,0:10:31.341925,33.3,16.2
2022-09-14 18:43:38.795604,2022-09-14 18:43:38.796693,2022-09-14 18:54:10.193926,0:10:31.398272,17.6,16.2
2022-09-14 18:43:38.823499,2022-09-14 18:43:38.830459,2022-09-14 18:54:10.199215,0:10:31.375666,33.3,16.2
2022-09-14 18:43:38.817336,2022-09-14 18:43:38.818785,2022-09-14 18:54:10.210310,0:10:31.392925,16.7,16.2
2022-09-14 18:43:38.817127,2022-09-14 18:43:38.824777,2022-09-14 18:54:10.221219,0:10:31.404044,25.0,16.2
2022-09-14 18:43:38.801326,2022-09-14 18:43:38.807478,2022-09-14 18:54:10.226423,0:10:31.425048,33.3,16.2
2022-09-14 18:43:38.806622,2022-09-14 18:43:38.842481,2022-09-14 18:54:10.240574,0:10:31.433902,12.5,16.2
2022-09-14 18:43:38.841352,2022-09-14 18:43:38.848635,2022-09-14 18:54:10.258487,0:10:31.417087,20.0,16.2
2022-09-14 18:43:38.829797,2022-09-14 18:43:38.831627,2022-09-14 18:54:10.274459,0:10:31.444614,27.3,16.2
2022-09-14 18:43:38.864435,2022-09-14 18:43:38.865439,2022-09-14 18:54:10.305284,0:10:31.440799,16.7,16.2
2022-09-14 18:43:38.858548,2022-09-14 18:43:38.859687,2022-09-14 18:54:10.313774,0:10:31.455177,20.0,16.2
2022-09-14 18:43:38.880631,2022-09-14 18:43:38.881821,2022-09-14 18:54:10.364170,0:10:31.483484,22.6,16.2
2022-09-14 18:43:38.897444,2022-09-14 18:43:38.904143,2022-09-14 18:54:10.385659,0:10:31.488156,15.4,16.2
2022-09-14 18:43:38.881232,2022-09-14 18:43:38.887314,2022-09-14 18:54:10.390973,0:10:31.509691,33.3,16.2
2022-09-14 18:43:38.897568,2022-09-14 18:43:38.898489,2022-09-14 18:54:10.403139,0:10:31.505520,25.0,16.2
2022-09-14 18:43:38.886990,2022-09-14 18:43:38.904143,2022-09-14 18:54:10.416577,0:10:31.529537,14.3,16.2
2022-09-14 18:43:38.886595,2022-09-14 18:43:38.898647,2022-09-14 18:54:10.455708,0:10:31.569057,17.4,16.2
2022-09-14 18:43:38.886763,2022-09-14 18:43:38.926435,2022-09-14 18:54:10.473900,0:10:31.587087,18.2,16.2
2022-09-14 18:43:38.919873,2022-09-14 18:43:38.926268,2022-09-14 18:54:10.488009,0:10:31.568086,25.0,16.2
2022-09-14 18:43:38.908636,2022-09-14 18:43:38.926058,2022-09-14 18:54:10.512462,0:10:31.603775,20.0,16.2
2022-09-14 18:43:38.925809,2022-09-14 18:43:38.947851,2022-09-14 18:54:10.544446,0:10:31.618587,21.1,16.2
2022-09-14 18:43:38.947266,2022-09-14 18:43:38.948233,2022-09-14 18:54:10.565336,0:10:31.618020,16.7,16.2
2022-09-14 18:43:38.974378,2022-09-14 18:43:38.975359,2022-09-14 18:54:10.579602,0:10:31.605173,22.2,16.2
2022-09-14 18:43:38.953297,2022-09-14 18:43:38.969734,2022-09-14 18:54:10.593288,0:10:31.639942,22.2,16.2
2022-09-14 18:43:38.958956,2022-09-14 18:43:38.969862,2022-09-14 18:54:10.609514,0:10:31.650505,20.0,16.2
2022-09-14 18:43:38.974636,2022-09-14 18:43:38.975647,2022-09-14 18:54:10.621856,0:10:31.647167,28.6,16.2
2022-09-14 18:43:38.953102,2022-09-14 18:43:38.969733,2022-09-14 18:54:10.632384,0:10:31.679228,28.6,16.2
2022-09-14 18:43:38.947590,2022-09-14 18:43:38.948487,2022-09-14 18:54:10.665695,0:10:31.718046,15.8,16.2
2022-09-14 18:43:38.986160,2022-09-14 18:43:38.987702,2022-09-14 18:54:10.671036,0:10:31.684826,25.0,16.2
2022-09-14 18:43:38.986691,2022-09-14 18:43:39.004439,2022-09-14 18:54:10.701986,0:10:31.715243,21.1,16.2
2022-09-14 18:43:39.025173,2022-09-14 18:43:39.026181,2022-09-14 18:54:10.716300,0:10:31.691077,25.0,16.2
2022-09-14 18:43:38.952928,2022-09-14 18:43:38.998847,2022-09-14 18:54:10.738740,0:10:31.785748,15.4,16.2
2022-09-14 18:43:39.031185,2022-09-14 18:43:39.032571,2022-09-14 18:54:10.764266,0:10:31.733030,20.0,16.2
2022-09-14 18:43:39.008892,2022-09-14 18:43:39.015282,2022-09-14 18:54:10.769510,0:10:31.760568,0.0,16.2
2022-09-14 18:43:39.037686,2022-09-14 18:43:39.038635,2022-09-14 18:54:10.785412,0:10:31.747675,22.2,16.2
2022-09-14 18:43:39.014675,2022-09-14 18:43:39.031833,2022-09-14 18:54:10.793460,0:10:31.778736,20.0,16.2
2022-09-14 18:43:39.037151,2022-09-14 18:43:39.044557,2022-09-14 18:54:10.825466,0:10:31.788265,20.0,16.2
2022-09-14 18:43:39.037315,2022-09-14 18:43:39.043986,2022-09-14 18:54:10.839203,0:10:31.801839,25.0,16.2
2022-09-14 18:43:39.049495,2022-09-14 18:43:39.050498,2022-09-14 18:54:10.851388,0:10:31.801843,14.3,16.2
2022-09-14 18:43:39.031399,2022-09-14 18:43:39.043986,2022-09-14 18:54:10.873450,0:10:31.842001,21.4,16.2
2022-09-14 18:43:39.071277,2022-09-14 18:43:39.088530,2022-09-14 18:54:10.915814,0:10:31.844485,20.0,16.2
2022-09-14 18:43:39.087530,2022-09-14 18:43:39.088785,2022-09-14 18:54:10.937177,0:10:31.849596,28.6,16.2
2022-09-14 18:43:39.076633,2022-09-14 18:43:39.088386,2022-09-14 18:54:10.961832,0:10:31.885149,14.3,16.2
2022-09-14 18:43:39.098915,2022-09-14 18:43:39.111696,2022-09-14 18:54:10.977704,0:10:31.878737,20.0,16.2
2022-09-14 18:43:39.055008,2022-09-14 18:43:39.082963,2022-09-14 18:54:10.982963,0:10:31.927906,33.3,16.2
2022-09-14 18:43:39.111181,2022-09-14 18:43:39.112077,2022-09-14 18:54:11.005278,0:10:31.894046,15.4,16.2
2022-09-14 18:43:39.110186,2022-09-14 18:43:39.111241,2022-09-14 18:54:11.016703,0:10:31.906467,28.6,16.2
2022-09-14 18:43:39.093283,2022-09-14 18:43:39.099890,2022-09-14 18:54:11.053671,0:10:31.960331,18.2,16.2
2022-09-14 18:43:39.093583,2022-09-14 18:43:39.111283,2022-09-14 18:54:11.065702,0:10:31.972070,25.0,16.2
2022-09-14 18:43:39.143326,2022-09-14 18:43:39.149413,2022-09-14 18:54:11.104272,0:10:31.960891,21.7,16.2
2022-09-14 18:43:39.160164,2022-09-14 18:43:39.166283,2022-09-14 18:54:11.138455,0:10:31.978235,19.0,16.2
2022-09-14 18:43:39.110991,2022-09-14 18:43:39.149715,2022-09-14 18:54:11.146982,0:10:32.035938,20.0,16.2
2022-09-14 18:43:39.170683,2022-09-14 18:43:39.171772,2022-09-14 18:54:11.167871,0:10:31.997135,16.7,16.2
2022-09-14 18:43:39.143063,2022-09-14 18:43:39.144161,2022-09-14 18:54:11.177898,0:10:32.034785,16.7,16.2
2022-09-14 18:43:39.171656,2022-09-14 18:43:39.178287,2022-09-14 18:54:11.188199,0:10:32.016494,42.9,16.2
2022-09-14 18:43:39.148692,2022-09-14 18:43:39.155329,2022-09-14 18:54:11.204849,0:10:32.056106,20.0,16.2
2022-09-14 18:43:39.116882,2022-09-14 18:43:39.138757,2022-09-14 18:54:11.225765,0:10:32.108832,16.7,16.2
2022-09-14 18:43:39.204656,2022-09-14 18:43:39.206082,2022-09-14 18:54:11.242405,0:10:32.037699,27.3,16.2
2022-09-14 18:43:39.183281,2022-09-14 18:43:39.189500,2022-09-14 18:54:11.258963,0:10:32.075632,27.3,16.2
2022-09-14 18:43:39.171229,2022-09-14 18:43:39.189500,2022-09-14 18:54:11.273713,0:10:32.102429,12.5,16.2
2022-09-14 18:43:39.205496,2022-09-14 18:43:39.222599,2022-09-14 18:54:11.289087,0:10:32.083542,12.5,16.2
2022-09-14 18:43:39.177555,2022-09-14 18:43:39.205876,2022-09-14 18:54:11.294683,0:10:32.117070,50.0,16.2
2022-09-14 18:43:39.171478,2022-09-14 18:43:39.183614,2022-09-14 18:54:11.315789,0:10:32.144261,16.7,16.2
2022-09-14 18:43:39.222133,2022-09-14 18:43:39.251419,2022-09-14 18:54:11.359584,0:10:32.137396,16.0,16.2
2022-09-14 18:43:39.216444,2022-09-14 18:43:39.245532,2022-09-14 18:54:11.371283,0:10:32.154785,25.0,16.2
2022-09-14 18:43:39.244527,2022-09-14 18:43:39.245532,2022-09-14 18:54:11.387918,0:10:32.143340,11.1,16.2
2022-09-14 18:43:39.233694,2022-09-14 18:43:39.251398,2022-09-14 18:54:11.422294,0:10:32.188546,20.0,16.2
2022-09-14 18:43:39.239028,2022-09-14 18:43:39.250844,2022-09-14 18:54:11.430276,0:10:32.191199,20.0,16.2
2022-09-14 18:43:39.233486,2022-09-14 18:43:39.267957,2022-09-14 18:54:11.442313,0:10:32.208778,33.3,16.2
2022-09-14 18:43:39.266361,2022-09-14 18:43:39.267728,2022-09-14 18:54:11.450280,0:10:32.183871,20.0,16.2
2022-09-14 18:43:39.266503,2022-09-14 18:43:39.267919,2022-09-14 18:54:11.466239,0:10:32.199688,12.5,16.2
2022-09-14 18:43:39.266161,2022-09-14 18:43:39.267630,2022-09-14 18:54:11.486508,0:10:32.220299,23.1,16.2
2022-09-14 18:43:39.283850,2022-09-14 18:43:39.290927,2022-09-14 18:54:11.536322,0:10:32.252422,17.2,16.2
2022-09-14 18:43:39.306848,2022-09-14 18:43:39.313796,2022-09-14 18:54:11.547720,0:10:32.240822,28.6,16.2
2022-09-14 18:43:39.278189,2022-09-14 18:43:39.285357,2022-09-14 18:54:11.558731,0:10:32.280474,16.7,16.2
2022-09-14 18:43:39.301291,2022-09-14 18:43:39.307546,2022-09-14 18:54:11.582085,0:10:32.280744,14.3,16.2
2022-09-14 18:43:39.295529,2022-09-14 18:43:39.313739,2022-09-14 18:54:11.608958,0:10:32.313379,18.7,16.2
2022-09-14 18:43:39.301446,2022-09-14 18:43:39.307545,2022-09-14 18:54:11.616912,0:10:32.315418,25.0,16.2
2022-09-14 18:43:39.312567,2022-09-14 18:43:39.335459,2022-09-14 18:54:11.624939,0:10:32.312323,20.0,16.2
2022-09-14 18:43:39.329124,2022-09-14 18:43:39.335923,2022-09-14 18:54:11.635013,0:10:32.305841,28.6,16.2
2022-09-14 18:43:39.329314,2022-09-14 18:43:39.336183,2022-09-14 18:54:11.648882,0:10:32.319520,14.3,16.2
2022-09-14 18:43:39.335231,2022-09-14 18:43:39.341709,2022-09-14 18:54:11.657071,0:10:32.321774,20.0,16.2
2022-09-14 18:43:39.346491,2022-09-14 18:43:39.364781,2022-09-14 18:54:11.720820,0:10:32.374274,18.4,16.2
2022-09-14 18:43:39.369250,2022-09-14 18:43:39.370251,2022-09-14 18:54:11.726186,0:10:32.356887,25.0,16.2
2022-09-14 18:43:39.369925,2022-09-14 18:43:39.370894,2022-09-14 18:54:11.734324,0:10:32.364351,25.0,16.2
2022-09-14 18:43:39.346092,2022-09-14 18:43:39.359389,2022-09-14 18:54:11.742245,0:10:32.396106,33.3,16.2
2022-09-14 18:43:39.394467,2022-09-14 18:43:39.395387,2022-09-14 18:54:11.768171,0:10:32.373653,20.0,16.2
2022-09-14 18:43:39.375673,2022-09-14 18:43:39.381745,2022-09-14 18:54:11.782975,0:10:32.407253,22.2,16.2
2022-09-14 18:43:39.381951,2022-09-14 18:43:39.406393,2022-09-14 18:54:11.792954,0:10:32.410954,16.7,16.2
2022-09-14 18:43:39.363767,2022-09-14 18:43:39.370980,2022-09-14 18:54:11.822932,0:10:32.459115,21.1,16.2
2022-09-14 18:43:39.411011,2022-09-14 18:43:39.422918,2022-09-14 18:54:11.849201,0:10:32.438140,14.3,16.2
2022-09-14 18:43:39.421820,2022-09-14 18:43:39.422808,2022-09-14 18:54:11.861491,0:10:32.439622,25.0,16.2
2022-09-14 18:43:39.400207,2022-09-14 18:43:39.422390,2022-09-14 18:54:11.898513,0:10:32.498257,18.2,16.2
2022-09-14 18:43:39.427754,2022-09-14 18:43:39.467588,2022-09-14 18:54:11.929528,0:10:32.501724,16.7,16.2
2022-09-14 18:43:39.421550,2022-09-14 18:43:39.428644,2022-09-14 18:54:11.950364,0:10:32.528765,16.7,16.2
2022-09-14 18:43:39.450770,2022-09-14 18:43:39.462356,2022-09-14 18:54:11.955690,0:10:32.504866,50.0,16.2
2022-09-14 18:43:39.445136,2022-09-14 18:43:39.451189,2022-09-14 18:54:11.966140,0:10:32.520956,16.7,16.2
2022-09-14 18:43:39.466801,2022-09-14 18:43:39.474150,2022-09-14 18:54:11.985226,0:10:32.518377,25.0,16.2
2022-09-14 18:43:39.473116,2022-09-14 18:43:39.485061,2022-09-14 18:54:12.000144,0:10:32.526979,20.0,16.2
2022-09-14 18:43:39.444946,2022-09-14 18:43:39.451386,2022-09-14 18:54:12.008144,0:10:32.563150,25.0,16.2
2022-09-14 18:43:39.450509,2022-09-14 18:43:39.474037,2022-09-14 18:54:12.030323,0:10:32.579762,15.4,16.2
2022-09-14 18:43:39.467223,2022-09-14 18:43:39.490481,2022-09-14 18:54:12.061706,0:10:32.594433,21.1,16.2
2022-09-14 18:43:39.494953,2022-09-14 18:43:39.496525,2022-09-14 18:54:12.115419,0:10:32.620414,21.2,16.2
2022-09-14 18:43:39.496243,2022-09-14 18:43:39.524612,2022-09-14 18:54:12.133002,0:10:32.636709,20.0,16.2
2022-09-14 18:43:39.512485,2022-09-14 18:43:39.525067,2022-09-14 18:54:12.148123,0:10:32.635588,22.2,16.2
2022-09-14 18:43:39.495091,2022-09-14 18:43:39.530855,2022-09-14 18:54:12.156103,0:10:32.660962,20.0,16.2
2022-09-14 18:43:39.517897,2022-09-14 18:43:39.524544,2022-09-14 18:54:12.164210,0:10:32.646264,20.0,16.2
2022-09-14 18:43:39.518117,2022-09-14 18:43:39.519206,2022-09-14 18:54:12.179218,0:10:32.661052,22.2,16.2
2022-09-14 18:43:39.529826,2022-09-14 18:43:39.531704,2022-09-14 18:54:12.184638,0:10:32.654761,0.0,16.2
2022-09-14 18:43:39.530276,2022-09-14 18:43:39.531704,2022-09-14 18:54:12.203180,0:10:32.672854,20.0,16.2
2022-09-14 18:43:39.512268,2022-09-14 18:43:39.524830,2022-09-14 18:54:12.231558,0:10:32.719240,17.6,16.2
2022-09-14 18:43:39.536160,2022-09-14 18:43:39.542525,2022-09-14 18:54:12.239715,0:10:32.703506,20.0,16.2
2022-09-14 18:43:39.558521,2022-09-14 18:43:39.565368,2022-09-14 18:54:12.266349,0:10:32.707779,13.3,16.2
2022-09-14 18:43:39.581161,2022-09-14 18:43:39.587677,2022-09-14 18:54:12.288710,0:10:32.707499,28.6,16.2
2022-09-14 18:43:39.564418,2022-09-14 18:43:39.575617,2022-09-14 18:54:12.305145,0:10:32.740665,11.1,16.2
2022-09-14 18:43:39.580909,2022-09-14 18:43:39.582004,2022-09-14 18:54:12.313160,0:10:32.732202,33.3,16.2
2022-09-14 18:43:39.592400,2022-09-14 18:43:39.604053,2022-09-14 18:54:12.349286,0:10:32.756833,19.0,16.2
2022-09-14 18:43:39.592194,2022-09-14 18:43:39.604634,2022-09-14 18:54:12.379421,0:10:32.787176,22.2,16.2
2022-09-14 18:43:39.602509,2022-09-14 18:43:39.604407,2022-09-14 18:54:12.395375,0:10:32.792817,20.0,16.2
2022-09-14 18:43:39.580394,2022-09-14 18:43:39.609935,2022-09-14 18:54:12.417645,0:10:32.837194,15.4,16.2
2022-09-14 18:43:39.609076,2022-09-14 18:43:39.615963,2022-09-14 18:54:12.432635,0:10:32.823509,22.2,16.2
2022-09-14 18:43:39.602855,2022-09-14 18:43:39.621719,2022-09-14 18:54:12.437915,0:10:32.835012,33.3,16.2
2022-09-14 18:43:39.620706,2022-09-14 18:43:39.622034,2022-09-14 18:54:12.457773,0:10:32.837019,16.7,16.2
2022-09-14 18:43:39.626584,2022-09-14 18:43:39.632977,2022-09-14 18:54:12.504023,0:10:32.877355,21.4,16.2
2022-09-14 18:43:39.662074,2022-09-14 18:43:39.664478,2022-09-14 18:54:12.524468,0:10:32.862341,23.1,16.2
2022-09-14 18:43:39.663862,2022-09-14 18:43:39.669899,2022-09-14 18:54:12.534772,0:10:32.870842,16.7,16.2
2022-09-14 18:43:39.696482,2022-09-14 18:43:39.697889,2022-09-14 18:54:12.579554,0:10:32.883018,19.2,16.2
2022-09-14 18:43:39.674925,2022-09-14 18:43:39.675879,2022-09-14 18:54:12.584873,0:10:32.909898,0.0,16.2
2022-09-14 18:43:39.651723,2022-09-14 18:43:39.662861,2022-09-14 18:54:12.601691,0:10:32.949911,20.0,16.2
2022-09-14 18:43:39.663313,2022-09-14 18:43:39.664478,2022-09-14 18:54:12.606896,0:10:32.943534,33.3,16.2
2022-09-14 18:43:39.696249,2022-09-14 18:43:39.698031,2022-09-14 18:54:12.625137,0:10:32.928838,18.2,16.2
2022-09-14 18:43:39.662783,2022-09-14 18:43:39.681296,2022-09-14 18:54:12.633144,0:10:32.970312,20.0,16.2
2022-09-14 18:43:39.663529,2022-09-14 18:43:39.697342,2022-09-14 18:54:12.641028,0:10:32.977450,25.0,16.2
2022-09-14 18:43:39.642892,2022-09-14 18:43:39.663982,2022-09-14 18:54:12.652483,0:10:33.009543,25.0,16.2
2022-09-14 18:43:39.724354,2022-09-14 18:43:39.725556,2022-09-14 18:54:12.690850,0:10:32.966441,18.2,16.2
2022-09-14 18:43:39.713111,2022-09-14 18:43:39.719348,2022-09-14 18:54:12.719376,0:10:33.006209,17.6,16.2
2022-09-14 18:43:39.725153,2022-09-14 18:43:39.726242,2022-09-14 18:54:12.742346,0:10:33.017136,15.4,16.2
2022-09-14 18:43:39.724616,2022-09-14 18:43:39.726521,2022-09-14 18:54:12.752710,0:10:33.028042,28.6,16.2
2022-09-14 18:43:39.724201,2022-09-14 18:43:39.737893,2022-09-14 18:54:12.771339,0:10:33.047087,18.2,16.2
2022-09-14 18:43:39.736873,2022-09-14 18:43:39.759314,2022-09-14 18:54:12.804384,0:10:33.067454,16.7,16.2
2022-09-14 18:43:39.725898,2022-09-14 18:43:39.738041,2022-09-14 18:54:12.812523,0:10:33.086570,20.0,16.2
2022-09-14 18:43:39.725638,2022-09-14 18:43:39.737375,2022-09-14 18:54:12.817891,0:10:33.092203,0.0,16.2
2022-09-14 18:43:39.758686,2022-09-14 18:43:39.786912,2022-09-14 18:54:12.864019,0:10:33.105281,21.4,16.2
2022-09-14 18:43:39.758948,2022-09-14 18:43:39.775711,2022-09-14 18:54:12.872171,0:10:33.113174,20.0,16.2
2022-09-14 18:43:39.785979,2022-09-14 18:43:39.803848,2022-09-14 18:54:12.915013,0:10:33.128982,19.2,16.2
2022-09-14 18:43:39.785770,2022-09-14 18:43:39.798213,2022-09-14 18:54:12.923065,0:10:33.137245,20.0,16.2
2022-09-14 18:43:39.791319,2022-09-14 18:43:39.798256,2022-09-14 18:54:12.948613,0:10:33.157242,20.0,16.2
2022-09-14 18:43:39.803571,2022-09-14 18:43:39.809715,2022-09-14 18:54:12.956987,0:10:33.153352,0.0,16.2
2022-09-14 18:43:39.814285,2022-09-14 18:43:39.820947,2022-09-14 18:54:12.962210,0:10:33.147876,33.3,16.2
2022-09-14 18:43:39.802938,2022-09-14 18:43:39.820900,2022-09-14 18:54:13.000210,0:10:33.197222,20.8,16.2
2022-09-14 18:43:39.819714,2022-09-14 18:43:39.826399,2022-09-14 18:54:13.010288,0:10:33.190525,20.0,16.2
2022-09-14 18:43:39.819851,2022-09-14 18:43:39.857842,2022-09-14 18:54:13.018360,0:10:33.198460,0.0,16.2
2022-09-14 18:43:39.791535,2022-09-14 18:43:39.826398,2022-09-14 18:54:13.049887,0:10:33.258302,21.1,16.2
2022-09-14 18:43:39.856860,2022-09-14 18:43:39.857754,2022-09-14 18:54:13.078675,0:10:33.221748,26.3,16.2
2022-09-14 18:43:39.803342,2022-09-14 18:43:39.826360,2022-09-14 18:54:13.095552,0:10:33.292155,11.1,16.2
2022-09-14 18:43:39.856663,2022-09-14 18:43:39.870028,2022-09-14 18:54:13.103820,0:10:33.247103,20.0,16.2
2022-09-14 18:43:39.863546,2022-09-14 18:43:39.869763,2022-09-14 18:54:13.124465,0:10:33.260870,23.1,16.2
2022-09-14 18:43:39.880480,2022-09-14 18:43:39.897913,2022-09-14 18:54:13.141676,0:10:33.261140,11.1,16.2
2022-09-14 18:43:39.847412,2022-09-14 18:43:39.858533,2022-09-14 18:54:13.165335,0:10:33.317872,21.4,16.2
2022-09-14 18:43:39.857766,2022-09-14 18:43:39.875853,2022-09-14 18:54:13.170573,0:10:33.312759,25.0,16.2
2022-09-14 18:43:39.869104,2022-09-14 18:43:39.892272,2022-09-14 18:54:13.178691,0:10:33.309531,25.0,16.2
2022-09-14 18:43:39.874571,2022-09-14 18:43:39.875607,2022-09-14 18:54:13.196660,0:10:33.322034,18.2,16.2
2022-09-14 18:43:39.880285,2022-09-14 18:43:39.897913,2022-09-14 18:54:13.204910,0:10:33.324576,0.0,16.2
2022-09-14 18:43:39.920123,2022-09-14 18:43:39.927068,2022-09-14 18:54:13.241589,0:10:33.321414,18.2,16.2
2022-09-14 18:43:39.891548,2022-09-14 18:43:39.904045,2022-09-14 18:54:13.247144,0:10:33.355547,60.0,16.2
2022-09-14 18:43:39.908616,2022-09-14 18:43:39.921047,2022-09-14 18:54:13.265017,0:10:33.356352,10.0,16.2
2022-09-14 18:43:39.919953,2022-09-14 18:43:39.927029,2022-09-14 18:54:13.299892,0:10:33.379889,19.0,16.2
2022-09-14 18:43:39.943020,2022-09-14 18:43:39.944845,2022-09-14 18:54:13.322151,0:10:33.379081,23.1,16.2
2022-09-14 18:43:39.943509,2022-09-14 18:43:39.944942,2022-09-14 18:54:13.334337,0:10:33.390778,14.3,16.2
2022-09-14 18:43:39.926403,2022-09-14 18:43:39.944942,2022-09-14 18:54:13.349999,0:10:33.423547,30.0,16.2
2022-09-14 18:43:39.932157,2022-09-14 18:43:39.944157,2022-09-14 18:54:13.368008,0:10:33.435802,25.0,16.2
2022-09-14 18:43:39.971537,2022-09-14 18:43:39.977947,2022-09-14 18:54:13.386129,0:10:33.414543,18.2,16.2
2022-09-14 18:43:39.987911,2022-09-14 18:43:39.988886,2022-09-14 18:54:13.424993,0:10:33.437023,21.7,16.2
2022-09-14 18:43:39.926021,2022-09-14 18:43:39.956154,2022-09-14 18:54:13.430340,0:10:33.504270,25.0,16.2
2022-09-14 18:43:39.955186,2022-09-14 18:43:39.956100,2022-09-14 18:54:13.441505,0:10:33.486270,28.6,16.2
2022-09-14 18:43:39.994088,2022-09-14 18:43:39.995727,2022-09-14 18:54:13.470402,0:10:33.476265,22.2,16.2
2022-09-14 18:43:40.005899,2022-09-14 18:43:40.006831,2022-09-14 18:54:13.484633,0:10:33.478685,22.2,16.2
2022-09-14 18:43:39.994592,2022-09-14 18:43:40.001268,2022-09-14 18:54:13.498809,0:10:33.504168,22.2,16.2
2022-09-14 18:43:39.994793,2022-09-14 18:43:40.012209,2022-09-14 18:54:13.515486,0:10:33.520642,12.5,16.2
2022-09-14 18:43:39.994285,2022-09-14 18:43:39.995264,2022-09-14 18:54:13.525494,0:10:33.531159,16.7,16.2
2022-09-14 18:43:40.022409,2022-09-14 18:43:40.040527,2022-09-14 18:54:13.549808,0:10:33.527350,20.0,16.2
2022-09-14 18:43:40.017005,2022-09-14 18:43:40.034459,2022-09-14 18:54:13.558028,0:10:33.540975,33.3,16.2
2022-09-14 18:43:39.995042,2022-09-14 18:43:40.034833,2022-09-14 18:54:13.574334,0:10:33.579239,22.2,16.2
2022-09-14 18:43:40.055905,2022-09-14 18:43:40.062364,2022-09-14 18:54:13.611982,0:10:33.556023,20.8,16.2
2022-09-14 18:43:40.033212,2022-09-14 18:43:40.056833,2022-09-14 18:54:13.632335,0:10:33.599071,23.1,16.2
2022-09-14 18:43:40.056177,2022-09-14 18:43:40.063504,2022-09-14 18:54:13.660957,0:10:33.604726,17.6,16.2
2022-09-14 18:43:40.061976,2022-09-14 18:43:40.063558,2022-09-14 18:54:13.675366,0:10:33.613337,12.5,16.2
2022-09-14 18:43:40.068320,2022-09-14 18:43:40.074392,2022-09-14 18:54:13.691665,0:10:33.623288,20.0,16.2
2022-09-14 18:43:40.062612,2022-09-14 18:43:40.080107,2022-09-14 18:54:13.699933,0:10:33.637269,0.0,16.2
2022-09-14 18:43:40.073738,2022-09-14 18:43:40.080043,2022-09-14 18:54:13.740717,0:10:33.666926,17.4,16.2
2022-09-14 18:43:40.079068,2022-09-14 18:43:40.095855,2022-09-14 18:54:13.748739,0:10:33.669621,20.0,16.2
2022-09-14 18:43:40.106681,2022-09-14 18:43:40.107790,2022-09-14 18:54:13.764852,0:10:33.658122,27.3,16.2
2022-09-14 18:43:40.100609,2022-09-14 18:43:40.107130,2022-09-14 18:54:13.770121,0:10:33.669464,0.0,16.2
2022-09-14 18:43:40.061702,2022-09-14 18:43:40.080107,2022-09-14 18:54:13.794979,0:10:33.733227,20.0,16.2
2022-09-14 18:43:40.117488,2022-09-14 18:43:40.119190,2022-09-14 18:54:13.815351,0:10:33.697814,16.7,16.2
2022-09-14 18:43:40.134046,2022-09-14 18:43:40.140093,2022-09-14 18:54:13.847687,0:10:33.713583,16.7,16.2
2022-09-14 18:43:40.139600,2022-09-14 18:43:40.151631,2022-09-14 18:54:13.885817,0:10:33.746167,17.4,16.2
2022-09-14 18:43:40.150988,2022-09-14 18:43:40.157445,2022-09-14 18:54:13.895777,0:10:33.744739,33.3,16.2
2022-09-14 18:43:40.117935,2022-09-14 18:43:40.125012,2022-09-14 18:54:13.913771,0:10:33.795786,18.2,16.2
2022-09-14 18:43:40.123907,2022-09-14 18:43:40.146374,2022-09-14 18:54:13.919066,0:10:33.795110,50.0,16.2
2022-09-14 18:43:40.139809,2022-09-14 18:43:40.151917,2022-09-14 18:54:13.932182,0:10:33.792324,12.5,16.2
2022-09-14 18:43:40.133838,2022-09-14 18:43:40.146238,2022-09-14 18:54:13.956318,0:10:33.822432,21.4,16.2
2022-09-14 18:43:40.167776,2022-09-14 18:43:40.189414,2022-09-14 18:54:13.977721,0:10:33.809895,9.1,16.2
2022-09-14 18:43:40.177875,2022-09-14 18:43:40.190208,2022-09-14 18:54:14.007392,0:10:33.829458,21.1,16.2
2022-09-14 18:43:40.167617,2022-09-14 18:43:40.190135,2022-09-14 18:54:14.026192,0:10:33.858523,25.0,16.2
2022-09-14 18:43:40.200512,2022-09-14 18:43:40.201515,2022-09-14 18:54:14.053130,0:10:33.852565,18.7,16.2
2022-09-14 18:43:40.200268,2022-09-14 18:43:40.207136,2022-09-14 18:54:14.061590,0:10:33.861271,25.0,16.2
2022-09-14 18:43:40.206542,2022-09-14 18:43:40.208860,2022-09-14 18:54:14.072633,0:10:33.866039,33.3,16.2
2022-09-14 18:43:40.189221,2022-09-14 18:43:40.208139,2022-09-14 18:54:14.081446,0:10:33.892175,0.0,16.2
2022-09-14 18:43:40.188841,2022-09-14 18:43:40.195755,2022-09-14 18:54:14.098999,0:10:33.910106,27.3,16.2
2022-09-14 18:43:40.206111,2022-09-14 18:43:40.214284,2022-09-14 18:54:14.113674,0:10:33.907505,12.5,16.2
2022-09-14 18:43:40.213747,2022-09-14 18:43:40.220074,2022-09-14 18:54:14.129556,0:10:33.915758,20.0,16.2
2022-09-14 18:43:40.232950,2022-09-14 18:43:40.239348,2022-09-14 18:54:14.164820,0:10:33.931813,23.8,16.2
2022-09-14 18:43:40.238334,2022-09-14 18:43:40.244423,2022-09-14 18:54:14.173073,0:10:33.934684,20.0,16.2
2022-09-14 18:43:40.243711,2022-09-14 18:43:40.250326,2022-09-14 18:54:14.189995,0:10:33.946230,20.0,16.2
2022-09-14 18:43:40.249326,2022-09-14 18:43:40.251191,2022-09-14 18:54:14.210178,0:10:33.960801,23.1,16.2
2022-09-14 18:43:40.249736,2022-09-14 18:43:40.251191,2022-09-14 18:54:14.222515,0:10:33.972726,25.0,16.2
2022-09-14 18:43:40.267065,2022-09-14 18:43:40.288944,2022-09-14 18:54:14.288338,0:10:34.021217,20.0,16.2
2022-09-14 18:43:40.288111,2022-09-14 18:43:40.305838,2022-09-14 18:54:14.300644,0:10:34.012481,14.3,16.2
2022-09-14 18:43:40.266892,2022-09-14 18:43:40.294788,2022-09-14 18:54:14.309147,0:10:34.042201,40.0,16.2
2022-09-14 18:43:40.304791,2022-09-14 18:43:40.305838,2022-09-14 18:54:14.317578,0:10:34.012735,20.0,16.2
2022-09-14 18:43:40.277708,2022-09-14 18:43:40.289103,2022-09-14 18:54:14.347605,0:10:34.069846,21.1,16.2
2022-09-14 18:43:40.310620,2022-09-14 18:43:40.312876,2022-09-14 18:54:14.360031,0:10:34.049357,14.3,16.2
2022-09-14 18:43:40.311538,2022-09-14 18:43:40.312912,2022-09-14 18:54:14.374079,0:10:34.062489,25.0,16.2
2022-09-14 18:43:40.277881,2022-09-14 18:43:40.289187,2022-09-14 18:54:14.388099,0:10:34.110166,22.2,16.2
2022-09-14 18:43:40.311000,2022-09-14 18:43:40.318962,2022-09-14 18:54:14.429593,0:10:34.118539,20.0,16.2
2022-09-14 18:43:40.339977,2022-09-14 18:43:40.341668,2022-09-14 18:54:14.444557,0:10:34.104528,22.2,16.2
2022-09-14 18:43:40.340110,2022-09-14 18:43:40.341668,2022-09-14 18:54:14.464663,0:10:34.124495,16.7,16.2
2022-09-14 18:43:40.311820,2022-09-14 18:43:40.329819,2022-09-14 18:54:14.472575,0:10:34.160705,25.0,16.2
2022-09-14 18:43:40.334615,2022-09-14 18:43:40.335593,2022-09-14 18:54:14.490918,0:10:34.156253,18.2,16.2
2022-09-14 18:43:40.340542,2022-09-14 18:43:40.341668,2022-09-14 18:54:14.517258,0:10:34.176666,18.7,16.1
2022-09-14 18:43:40.374492,2022-09-14 18:43:40.375445,2022-09-14 18:54:14.542633,0:10:34.168090,20.0,16.1
2022-09-14 18:43:40.373607,2022-09-14 18:43:40.381127,2022-09-14 18:54:14.559286,0:10:34.185629,20.0,16.1
2022-09-14 18:43:40.373946,2022-09-14 18:43:40.391728,2022-09-14 18:54:14.570375,0:10:34.196380,16.7,16.1
2022-09-14 18:43:40.373756,2022-09-14 18:43:40.397144,2022-09-14 18:54:14.601761,0:10:34.227955,21.1,16.2
2022-09-14 18:43:40.413160,2022-09-14 18:43:40.414939,2022-09-14 18:54:14.630529,0:10:34.217317,17.6,16.2
2022-09-14 18:43:40.401730,2022-09-14 18:43:40.414274,2022-09-14 18:54:14.635812,0:10:34.234033,33.3,16.2
2022-09-14 18:43:40.374798,2022-09-14 18:43:40.408339,2022-09-14 18:54:14.663236,0:10:34.288387,22.2,16.2
2022-09-14 18:43:40.407267,2022-09-14 18:43:40.415124,2022-09-14 18:54:14.679796,0:10:34.272480,11.1,16.2
2022-09-14 18:43:40.351970,2022-09-14 18:43:40.374845,2022-09-14 18:54:14.691974,0:10:34.339956,28.6,16.2
2022-09-14 18:43:40.435790,2022-09-14 18:43:40.437172,2022-09-14 18:54:14.706002,0:10:34.270163,12.5,16.2
2022-09-14 18:43:40.396369,2022-09-14 18:43:40.414411,2022-09-14 18:54:14.728023,0:10:34.331605,23.1,16.2
2022-09-14 18:43:40.435591,2022-09-14 18:43:40.436980,2022-09-14 18:54:14.740058,0:10:34.304418,14.3,16.2
2022-09-14 18:43:40.412964,2022-09-14 18:43:40.437130,2022-09-14 18:54:14.766065,0:10:34.353051,23.5,16.2
2022-09-14 18:43:40.442466,2022-09-14 18:43:40.443570,2022-09-14 18:54:14.784350,0:10:34.341834,18.2,16.2
2022-09-14 18:43:40.436579,2022-09-14 18:43:40.448872,2022-09-14 18:54:14.794468,0:10:34.357839,20.0,16.2
2022-09-14 18:43:40.464670,2022-09-14 18:43:40.466028,2022-09-14 18:54:14.804257,0:10:34.339538,16.7,16.2
2022-09-14 18:43:40.476677,2022-09-14 18:43:40.484017,2022-09-14 18:54:14.842373,0:10:34.365645,18.2,16.2
2022-09-14 18:43:40.477042,2022-09-14 18:43:40.478152,2022-09-14 18:54:14.850563,0:10:34.373471,20.0,16.2
2022-09-14 18:43:40.436875,2022-09-14 18:43:40.454577,2022-09-14 18:54:14.874382,0:10:34.437458,21.4,16.2
2022-09-14 18:43:40.500546,2022-09-14 18:43:40.501486,2022-09-14 18:54:14.894349,0:10:34.393753,16.7,16.2
2022-09-14 18:43:40.476812,2022-09-14 18:43:40.500845,2022-09-14 18:54:14.918252,0:10:34.441391,21.4,16.2
2022-09-14 18:43:40.499707,2022-09-14 18:43:40.500659,2022-09-14 18:54:14.926592,0:10:34.426837,20.0,16.2
2022-09-14 18:43:40.482903,2022-09-14 18:43:40.494714,2022-09-14 18:54:14.964893,0:10:34.481939,17.4,16.2
2022-09-14 18:43:40.516600,2022-09-14 18:43:40.528530,2022-09-14 18:54:14.978852,0:10:34.462203,25.0,16.2
2022-09-14 18:43:40.538716,2022-09-14 18:43:40.539651,2022-09-14 18:54:15.017551,0:10:34.478784,17.4,16.2
2022-09-14 18:43:40.538466,2022-09-14 18:43:40.539817,2022-09-14 18:54:15.022942,0:10:34.484427,25.0,16.2
2022-09-14 18:43:40.522160,2022-09-14 18:43:40.539470,2022-09-14 18:54:15.033228,0:10:34.511019,20.0,16.2
2022-09-14 18:43:40.539412,2022-09-14 18:43:40.540855,2022-09-14 18:54:15.060727,0:10:34.521259,22.2,16.2
2022-09-14 18:43:40.500171,2022-09-14 18:43:40.540621,2022-09-14 18:54:15.066206,0:10:34.565981,0.0,16.2
2022-09-14 18:43:40.563250,2022-09-14 18:43:40.564242,2022-09-14 18:54:15.071553,0:10:34.508255,25.0,16.2
2022-09-14 18:43:40.539106,2022-09-14 18:43:40.540919,2022-09-14 18:54:15.091159,0:10:34.552001,25.0,16.2
2022-09-14 18:43:40.562058,2022-09-14 18:43:40.574870,2022-09-14 18:54:15.113855,0:10:34.551747,15.4,16.2
2022-09-14 18:43:40.584573,2022-09-14 18:43:40.585554,2022-09-14 18:54:15.129876,0:10:34.545255,22.2,16.2
2022-09-14 18:43:40.590092,2022-09-14 18:43:40.591011,2022-09-14 18:54:15.182251,0:10:34.592109,18.7,16.2
2022-09-14 18:43:40.562243,2022-09-14 18:43:40.569822,2022-09-14 18:54:15.190282,0:10:34.627989,40.0,16.2
2022-09-14 18:43:40.601613,2022-09-14 18:43:40.602537,2022-09-14 18:54:15.200486,0:10:34.598824,16.7,16.2
2022-09-14 18:43:40.562704,2022-09-14 18:43:40.596643,2022-09-14 18:54:15.214791,0:10:34.652037,22.2,16.2
2022-09-14 18:43:40.601006,2022-09-14 18:43:40.602663,2022-09-14 18:54:15.226697,0:10:34.625635,14.3,16.2
2022-09-14 18:43:40.601369,2022-09-14 18:43:40.603120,2022-09-14 18:54:15.247055,0:10:34.645637,18.2,16.2
2022-09-14 18:43:40.624503,2022-09-14 18:43:40.625531,2022-09-14 18:54:15.263277,0:10:34.638722,20.0,16.2
2022-09-14 18:43:40.602140,2022-09-14 18:43:40.603435,2022-09-14 18:54:15.277597,0:10:34.675409,12.5,16.2
2022-09-14 18:43:40.630373,2022-09-14 18:43:40.636949,2022-09-14 18:54:15.295760,0:10:34.665337,25.0,16.2
2022-09-14 18:43:40.635834,2022-09-14 18:43:40.653272,2022-09-14 18:54:15.327991,0:10:34.692103,21.1,16.2
2022-09-14 18:43:40.624887,2022-09-14 18:43:40.642396,2022-09-14 18:54:15.356133,0:10:34.731195,27.8,16.2
2022-09-14 18:43:40.680098,2022-09-14 18:43:40.681435,2022-09-14 18:54:15.394431,0:10:34.714281,13.6,16.2
2022-09-14 18:43:40.686050,2022-09-14 18:43:40.687028,2022-09-14 18:54:15.406871,0:10:34.720771,25.0,16.2
2022-09-14 18:43:40.663763,2022-09-14 18:43:40.670253,2022-09-14 18:54:15.433421,0:10:34.769607,14.3,16.2
2022-09-14 18:43:40.662955,2022-09-14 18:43:40.675634,2022-09-14 18:54:15.449095,0:10:34.786091,27.3,16.2
2022-09-14 18:43:40.663149,2022-09-14 18:43:40.681207,2022-09-14 18:54:15.460988,0:10:34.797790,16.7,16.2
2022-09-14 18:43:40.686678,2022-09-14 18:43:40.698467,2022-09-14 18:54:15.469115,0:10:34.782387,20.0,16.2
2022-09-14 18:43:40.702928,2022-09-14 18:43:40.704138,2022-09-14 18:54:15.481012,0:10:34.778036,25.0,16.2
2022-09-14 18:43:40.657546,2022-09-14 18:43:40.664407,2022-09-14 18:54:15.492844,0:10:34.835249,28.6,16.2
2022-09-14 18:43:40.647038,2022-09-14 18:43:40.670147,2022-09-14 18:54:15.527105,0:10:34.880018,19.0,16.2
2022-09-14 18:43:40.708716,2022-09-14 18:43:40.732074,2022-09-14 18:54:15.549709,0:10:34.840943,15.4,16.2
2022-09-14 18:43:40.731439,2022-09-14 18:43:40.737890,2022-09-14 18:54:15.554928,0:10:34.823440,33.3,16.2
2022-09-14 18:43:40.720149,2022-09-14 18:43:40.726870,2022-09-14 18:54:15.566988,0:10:34.846790,25.0,16.2
2022-09-14 18:43:40.748418,2022-09-14 18:43:40.749473,2022-09-14 18:54:15.596975,0:10:34.848508,11.8,16.2
2022-09-14 18:43:40.725707,2022-09-14 18:43:40.737633,2022-09-14 18:54:15.611741,0:10:34.885984,25.0,16.2
2022-09-14 18:43:40.725823,2022-09-14 18:43:40.754697,2022-09-14 18:54:15.616946,0:10:34.891075,0.0,16.2
2022-09-14 18:43:40.697448,2022-09-14 18:43:40.704138,2022-09-14 18:54:15.634966,0:10:34.937468,20.0,16.2
2022-09-14 18:43:40.754199,2022-09-14 18:43:40.766390,2022-09-14 18:54:15.653187,0:10:34.898939,18.2,16.2
2022-09-14 18:43:40.765678,2022-09-14 18:43:40.767095,2022-09-14 18:54:15.679306,0:10:34.913578,23.5,16.2
2022-09-14 18:43:40.793681,2022-09-14 18:43:40.800517,2022-09-14 18:54:15.719501,0:10:34.925767,17.4,16.2
2022-09-14 18:43:40.793872,2022-09-14 18:43:40.806020,2022-09-14 18:54:15.760283,0:10:34.966359,16.7,16.2
2022-09-14 18:43:40.799363,2022-09-14 18:43:40.816511,2022-09-14 18:54:15.770182,0:10:34.970768,0.0,16.2
2022-09-14 18:43:40.766388,2022-09-14 18:43:40.767512,2022-09-14 18:54:15.787926,0:10:35.021488,30.8,16.2
2022-09-14 18:43:40.805003,2022-09-14 18:43:40.816905,2022-09-14 18:54:15.793158,0:10:34.988106,0.0,16.2
2022-09-14 18:43:40.816040,2022-09-14 18:43:40.817195,2022-09-14 18:54:15.798362,0:10:34.982273,25.0,16.2
2022-09-14 18:43:40.815793,2022-09-14 18:43:40.817683,2022-09-14 18:54:15.812446,0:10:34.996602,25.0,16.2
2022-09-14 18:43:40.765477,2022-09-14 18:43:40.773135,2022-09-14 18:54:15.822487,0:10:35.056961,16.7,16.2
2022-09-14 18:43:40.828478,2022-09-14 18:43:40.829519,2022-09-14 18:54:15.848755,0:10:35.020228,18.7,16.2
2022-09-14 18:43:40.772124,2022-09-14 18:43:40.800283,2022-09-14 18:54:15.871124,0:10:35.098949,16.7,16.2
2022-09-14 18:43:40.827984,2022-09-14 18:43:40.838517,2022-09-14 18:54:15.895886,0:10:35.067852,20.0,16.2
2022-09-14 18:43:40.858981,2022-09-14 18:43:40.860649,2022-09-14 18:54:15.923431,0:10:35.064400,18.7,16.2
2022-09-14 18:43:40.859181,2022-09-14 18:43:40.860649,2022-09-14 18:54:15.931578,0:10:35.072348,0.0,16.2
2022-09-14 18:43:40.859728,2022-09-14 18:43:40.860753,2022-09-14 18:54:15.947426,0:10:35.087649,20.0,16.2
2022-09-14 18:43:40.843562,2022-09-14 18:43:40.849936,2022-09-14 18:54:15.955489,0:10:35.111877,20.0,16.2
2022-09-14 18:43:40.848893,2022-09-14 18:43:40.860674,2022-09-14 18:54:15.963505,0:10:35.114563,25.0,16.2
2022-09-14 18:43:40.882760,2022-09-14 18:43:40.883795,2022-09-14 18:54:16.005498,0:10:35.122686,16.7,16.2
2022-09-14 18:43:40.893809,2022-09-14 18:43:40.894985,2022-09-14 18:54:16.015441,0:10:35.121582,37.5,16.2
2022-09-14 18:43:40.866234,2022-09-14 18:43:40.867672,2022-09-14 18:54:16.031570,0:10:35.165287,22.2,16.2
2022-09-14 18:43:40.910310,2022-09-14 18:43:40.922023,2022-09-14 18:54:16.102026,0:10:35.191660,16.7,16.2
2022-09-14 18:43:40.927614,2022-09-14 18:43:40.929159,2022-09-14 18:54:16.116743,0:10:35.189077,22.2,16.2
2022-09-14 18:43:40.921498,2022-09-14 18:43:40.922862,2022-09-14 18:54:16.122171,0:10:35.200622,33.3,16.2
2022-09-14 18:43:40.927459,2022-09-14 18:43:40.928848,2022-09-14 18:54:16.130146,0:10:35.202637,33.3,16.2
2022-09-14 18:43:40.920910,2022-09-14 18:43:40.922023,2022-09-14 18:54:16.138152,0:10:35.217194,20.0,16.2
2022-09-14 18:43:40.921872,2022-09-14 18:43:40.928712,2022-09-14 18:54:16.163921,0:10:35.242000,20.0,16.2
2022-09-14 18:43:40.921276,2022-09-14 18:43:40.928684,2022-09-14 18:54:16.174229,0:10:35.252904,16.7,16.2
2022-09-14 18:43:40.877402,2022-09-14 18:43:40.905841,2022-09-14 18:54:16.190161,0:10:35.312711,22.2,16.2
2022-09-14 18:43:40.964340,2022-09-14 18:43:40.965386,2022-09-14 18:54:16.217449,0:10:35.253059,23.5,16.2
2022-09-14 18:43:40.939001,2022-09-14 18:43:40.954497,2022-09-14 18:54:16.222738,0:10:35.283675,25.0,16.2
2022-09-14 18:43:40.970306,2022-09-14 18:43:40.971254,2022-09-14 18:54:16.255148,0:10:35.284791,21.1,16.2
2022-09-14 18:43:40.981290,2022-09-14 18:43:40.993434,2022-09-14 18:54:16.297417,0:10:35.316075,16.0,16.2
2022-09-14 18:43:40.992329,2022-09-14 18:43:40.999853,2022-09-14 18:54:16.318685,0:10:35.326297,23.1,16.2
2022-09-14 18:43:40.980963,2022-09-14 18:43:40.982571,2022-09-14 18:54:16.334501,0:10:35.353488,11.1,16.2
2022-09-14 18:43:40.981521,2022-09-14 18:43:40.993434,2022-09-14 18:54:16.342771,0:10:35.361185,25.0,16.2
2022-09-14 18:43:40.998664,2022-09-14 18:43:41.000093,2022-09-14 18:54:16.352893,0:10:35.354180,16.7,16.2
2022-09-14 18:43:40.992154,2022-09-14 18:43:40.999748,2022-09-14 18:54:16.363873,0:10:35.371668,16.7,16.2
2022-09-14 18:43:40.999230,2022-09-14 18:43:41.000810,2022-09-14 18:54:16.369290,0:10:35.370009,25.0,16.2
2022-09-14 18:43:41.048674,2022-09-14 18:43:41.049979,2022-09-14 18:54:16.419888,0:10:35.371161,20.0,16.2
2022-09-14 18:43:40.998334,2022-09-14 18:43:41.000302,2022-09-14 18:54:16.447992,0:10:35.449604,22.2,16.2
2022-09-14 18:43:41.054414,2022-09-14 18:43:41.055594,2022-09-14 18:54:16.458324,0:10:35.403858,16.7,16.2
2022-09-14 18:43:41.032249,2022-09-14 18:43:41.033267,2022-09-14 18:54:16.485595,0:10:35.453295,23.5,16.2
2022-09-14 18:43:41.054582,2022-09-14 18:43:41.073502,2022-09-14 18:54:16.506435,0:10:35.451804,23.1,16.2
2022-09-14 18:43:41.049018,2022-09-14 18:43:41.056242,2022-09-14 18:54:16.518534,0:10:35.469467,16.7,16.2
2022-09-14 18:43:41.038046,2022-09-14 18:43:41.055928,2022-09-14 18:54:16.526507,0:10:35.488411,40.0,16.2
2022-09-14 18:43:41.061386,2022-09-14 18:43:41.073184,2022-09-14 18:54:16.543318,0:10:35.481882,20.0,16.2
2022-09-14 18:43:41.066800,2022-09-14 18:43:41.068083,2022-09-14 18:54:16.548561,0:10:35.481713,25.0,16.2
2022-09-14 18:43:41.055664,2022-09-14 18:43:41.056835,2022-09-14 18:54:16.560388,0:10:35.504675,16.7,16.2
2022-09-14 18:43:41.061271,2022-09-14 18:43:41.067739,2022-09-14 18:54:16.572422,0:10:35.511103,14.3,16.2
2022-09-14 18:43:41.111061,2022-09-14 18:43:41.123372,2022-09-14 18:54:16.652391,0:10:35.541278,18.7,16.2
2022-09-14 18:43:41.116668,2022-09-14 18:43:41.123032,2022-09-14 18:54:16.663087,0:10:35.546369,16.7,16.2
2022-09-14 18:43:41.099802,2022-09-14 18:43:41.111982,2022-09-14 18:54:16.671639,0:10:35.571788,20.0,16.2
2022-09-14 18:43:41.100010,2022-09-14 18:43:41.101074,2022-09-14 18:54:16.693287,0:10:35.593224,23.1,16.1
2022-09-14 18:43:41.110735,2022-09-14 18:43:41.117735,2022-09-14 18:54:16.710922,0:10:35.600136,20.0,16.1
2022-09-14 18:43:41.116439,2022-09-14 18:43:41.123209,2022-09-14 18:54:16.719074,0:10:35.602584,20.0,16.1
2022-09-14 18:43:41.128036,2022-09-14 18:43:41.129085,2022-09-14 18:54:16.737199,0:10:35.609114,18.2,16.1
2022-09-14 18:43:41.116909,2022-09-14 18:43:41.134956,2022-09-14 18:54:16.745309,0:10:35.628351,25.0,16.1
2022-09-14 18:43:41.122330,2022-09-14 18:43:41.123530,2022-09-14 18:54:16.753308,0:10:35.630928,20.0,16.1
2022-09-14 18:43:41.128266,2022-09-14 18:43:41.140261,2022-09-14 18:54:16.781441,0:10:35.653125,22.2,16.1
2022-09-14 18:43:41.183864,2022-09-14 18:43:41.184806,2022-09-14 18:54:16.809357,0:10:35.625443,18.7,16.1
2022-09-14 18:43:41.178228,2022-09-14 18:43:41.184752,2022-09-14 18:54:16.839417,0:10:35.661139,21.1,16.2
2022-09-14 18:43:41.189618,2022-09-14 18:43:41.196776,2022-09-14 18:54:16.867795,0:10:35.678126,18.7,16.2
2022-09-14 18:43:41.178426,2022-09-14 18:43:41.184602,2022-09-14 18:54:16.885670,0:10:35.707188,18.2,16.2
2022-09-14 18:43:41.161971,2022-09-14 18:43:41.168458,2022-09-14 18:54:16.895872,0:10:35.733852,37.5,16.2
2022-09-14 18:43:41.190068,2022-09-14 18:43:41.191170,2022-09-14 18:54:16.906531,0:10:35.716414,16.7,16.2
2022-09-14 18:43:41.172873,2022-09-14 18:43:41.197391,2022-09-14 18:54:16.911870,0:10:35.738949,0.0,16.2
2022-09-14 18:43:41.189901,2022-09-14 18:43:41.196944,2022-09-14 18:54:16.929786,0:10:35.739827,18.2,16.2
2022-09-14 18:43:41.167399,2022-09-14 18:43:41.196776,2022-09-14 18:54:16.940688,0:10:35.773234,37.5,16.2
2022-09-14 18:43:41.196006,2022-09-14 18:43:41.197707,2022-09-14 18:54:16.945895,0:10:35.749841,0.0,16.2
2022-09-14 18:43:41.229161,2022-09-14 18:43:41.235608,2022-09-14 18:54:16.997965,0:10:35.768754,18.7,16.2
2022-09-14 18:43:41.249368,2022-09-14 18:43:41.251237,2022-09-14 18:54:17.024515,0:10:35.775093,20.0,16.2
2022-09-14 18:43:41.234480,2022-09-14 18:43:41.250703,2022-09-14 18:54:17.054627,0:10:35.820091,16.7,16.2
2022-09-14 18:43:41.240358,2022-09-14 18:43:41.250559,2022-09-14 18:54:17.068463,0:10:35.828051,33.3,16.2
2022-09-14 18:43:41.249200,2022-09-14 18:43:41.251123,2022-09-14 18:54:17.074106,0:10:35.824852,0.0,16.2
2022-09-14 18:43:41.250132,2022-09-14 18:43:41.251387,2022-09-14 18:54:17.082589,0:10:35.832405,33.3,16.2
2022-09-14 18:43:41.249771,2022-09-14 18:43:41.251306,2022-09-14 18:54:17.090933,0:10:35.841110,20.0,16.2
2022-09-14 18:43:41.250706,2022-09-14 18:43:41.252352,2022-09-14 18:54:17.115787,0:10:35.865029,20.0,16.2
2022-09-14 18:43:41.251436,2022-09-14 18:43:41.252473,2022-09-14 18:54:17.130560,0:10:35.879074,12.5,16.2
2022-09-14 18:43:41.261363,2022-09-14 18:43:41.263192,2022-09-14 18:54:17.175709,0:10:35.914293,18.5,16.2
2022-09-14 18:43:41.304882,2022-09-14 18:43:41.306126,2022-09-14 18:54:17.181035,0:10:35.876104,0.0,16.2
2022-09-14 18:43:41.316397,2022-09-14 18:43:41.323224,2022-09-14 18:54:17.212957,0:10:35.896509,25.0,16.2
2022-09-14 18:43:41.294147,2022-09-14 18:43:41.305995,2022-09-14 18:54:17.218258,0:10:35.924061,33.3,16.2
2022-09-14 18:43:41.299505,2022-09-14 18:43:41.305887,2022-09-14 18:54:17.251137,0:10:35.951580,15.8,16.2
2022-09-14 18:43:41.322183,2022-09-14 18:43:41.323224,2022-09-14 18:54:17.259185,0:10:35.936953,20.0,16.2
2022-09-14 18:43:41.316589,2022-09-14 18:43:41.344839,2022-09-14 18:54:17.269472,0:10:35.952834,16.7,16.2
2022-09-14 18:43:41.349237,2022-09-14 18:43:41.350561,2022-09-14 18:54:17.309639,0:10:35.960351,20.8,16.2
2022-09-14 18:43:41.310666,2022-09-14 18:43:41.344839,2022-09-14 18:54:17.331811,0:10:36.021090,26.7,16.2
2022-09-14 18:43:41.316203,2022-09-14 18:43:41.350726,2022-09-14 18:54:17.354679,0:10:36.038417,21.4,16.2
2022-09-14 18:43:41.359765,2022-09-14 18:43:41.371899,2022-09-14 18:54:17.360151,0:10:36.000335,0.0,16.2
2022-09-14 18:43:41.365489,2022-09-14 18:43:41.371881,2022-09-14 18:54:17.368129,0:10:36.002592,20.0,16.2
2022-09-14 18:43:41.316030,2022-09-14 18:43:41.360454,2022-09-14 18:54:17.392534,0:10:36.076455,14.3,16.2
2022-09-14 18:43:41.377068,2022-09-14 18:43:41.399566,2022-09-14 18:54:17.427045,0:10:36.049924,23.8,16.2
2022-09-14 18:43:41.359634,2022-09-14 18:43:41.399998,2022-09-14 18:54:17.442796,0:10:36.083111,20.0,16.2
2022-09-14 18:43:41.398961,2022-09-14 18:43:41.405364,2022-09-14 18:54:17.490098,0:10:36.091080,14.8,16.2
2022-09-14 18:43:41.376875,2022-09-14 18:43:41.399478,2022-09-14 18:54:17.502301,0:10:36.125370,28.6,16.2
2022-09-14 18:43:41.415647,2022-09-14 18:43:41.417289,2022-09-14 18:54:17.513573,0:10:36.097874,25.0,16.2
2022-09-14 18:43:41.393243,2022-09-14 18:43:41.400147,2022-09-14 18:54:17.518887,0:10:36.125594,33.3,16.2
2022-09-14 18:43:41.371194,2022-09-14 18:43:41.372226,2022-09-14 18:54:17.531117,0:10:36.159872,25.0,16.2
2022-09-14 18:43:41.410107,2022-09-14 18:43:41.417493,2022-09-14 18:54:17.545474,0:10:36.135315,12.5,16.2
2022-09-14 18:43:41.422003,2022-09-14 18:43:41.423074,2022-09-14 18:54:17.556656,0:10:36.134596,16.7,16.2
2022-09-14 18:43:41.427600,2022-09-14 18:43:41.433718,2022-09-14 18:54:17.562131,0:10:36.134479,0.0,16.2
2022-09-14 18:43:41.439089,2022-09-14 18:43:41.440533,2022-09-14 18:54:17.582981,0:10:36.143842,28.6,16.2
2022-09-14 18:43:41.439234,2022-09-14 18:43:41.445952,2022-09-14 18:54:17.626120,0:10:36.186832,20.0,16.2
2022-09-14 18:43:41.456660,2022-09-14 18:43:41.457625,2022-09-14 18:54:17.640884,0:10:36.184171,22.2,16.2
2022-09-14 18:43:41.439425,2022-09-14 18:43:41.457710,2022-09-14 18:54:17.657527,0:10:36.218050,20.0,16.2
2022-09-14 18:43:41.456532,2022-09-14 18:43:41.458056,2022-09-14 18:54:17.669952,0:10:36.213370,25.0,16.2
2022-09-14 18:43:41.464348,2022-09-14 18:43:41.465528,2022-09-14 18:54:17.704322,0:10:36.239907,23.8,16.2
2022-09-14 18:43:41.487515,2022-09-14 18:43:41.493924,2022-09-14 18:54:17.723635,0:10:36.236064,16.7,16.2
2022-09-14 18:43:41.475376,2022-09-14 18:43:41.494069,2022-09-14 18:54:17.743509,0:10:36.268081,18.2,16.2
2022-09-14 18:43:41.487355,2022-09-14 18:43:41.510137,2022-09-14 18:54:17.759770,0:10:36.272365,20.0,16.2
2022-09-14 18:43:41.493061,2022-09-14 18:43:41.499358,2022-09-14 18:54:17.776354,0:10:36.283243,20.0,16.2
2022-09-14 18:43:41.509504,2022-09-14 18:43:41.522084,2022-09-14 18:54:17.800777,0:10:36.291223,15.4,16.2
2022-09-14 18:43:41.521035,2022-09-14 18:43:41.522477,2022-09-14 18:54:17.811236,0:10:36.290150,16.7,16.2
2022-09-14 18:43:41.503908,2022-09-14 18:43:41.510137,2022-09-14 18:54:17.819231,0:10:36.315259,20.0,16.2
2022-09-14 18:43:41.521399,2022-09-14 18:43:41.522328,2022-09-14 18:54:17.833506,0:10:36.312059,22.2,16.2
2022-09-14 18:43:41.550030,2022-09-14 18:43:41.551074,2022-09-14 18:54:17.890201,0:10:36.340118,18.2,16.2
2022-09-14 18:43:41.527597,2022-09-14 18:43:41.545233,2022-09-14 18:54:17.898435,0:10:36.370787,33.3,16.2
2022-09-14 18:43:41.538554,2022-09-14 18:43:41.551074,2022-09-14 18:54:17.906504,0:10:36.367899,20.0,16.2
2022-09-14 18:43:41.515659,2022-09-14 18:43:41.522650,2022-09-14 18:54:17.924596,0:10:36.408887,18.2,16.2
2022-09-14 18:43:41.549835,2022-09-14 18:43:41.562113,2022-09-14 18:54:17.960880,0:10:36.410995,19.0,16.2
2022-09-14 18:43:41.572404,2022-09-14 18:43:41.579421,2022-09-14 18:54:17.978451,0:10:36.405997,20.0,16.2
2022-09-14 18:43:41.584694,2022-09-14 18:43:41.591053,2022-09-14 18:54:18.007266,0:10:36.422520,17.6,16.2
2022-09-14 18:43:41.589987,2022-09-14 18:43:41.596251,2022-09-14 18:54:18.019239,0:10:36.429201,14.3,16.2
2022-09-14 18:43:41.566868,2022-09-14 18:43:41.579484,2022-09-14 18:54:18.030186,0:10:36.463264,16.7,16.2
2022-09-14 18:43:41.561506,2022-09-14 18:43:41.573545,2022-09-14 18:54:18.042932,0:10:36.481373,25.0,16.2
2022-09-14 18:43:41.578113,2022-09-14 18:43:41.579421,2022-09-14 18:54:18.053729,0:10:36.475563,0.0,16.2
2022-09-14 18:43:41.584516,2022-09-14 18:43:41.591053,2022-09-14 18:54:18.075432,0:10:36.490867,28.6,16.2
2022-09-14 18:43:41.612187,2022-09-14 18:43:41.613743,2022-09-14 18:54:18.088262,0:10:36.476023,12.5,16.2
2022-09-14 18:43:41.606771,2022-09-14 18:43:41.624442,2022-09-14 18:54:18.118036,0:10:36.511210,17.6,16.2
2022-09-14 18:43:41.629024,2022-09-14 18:43:41.635119,2022-09-14 18:54:18.123783,0:10:36.494707,33.3,16.2
2022-09-14 18:43:41.612499,2022-09-14 18:43:41.641422,2022-09-14 18:54:18.152181,0:10:36.539632,17.6,16.2
2022-09-14 18:43:41.634515,2022-09-14 18:43:41.641572,2022-09-14 18:54:18.172714,0:10:36.538148,16.7,16.2
2022-09-14 18:43:41.640151,2022-09-14 18:43:41.641999,2022-09-14 18:54:18.195225,0:10:36.555006,21.4,16.2
2022-09-14 18:43:41.640287,2022-09-14 18:43:41.647427,2022-09-14 18:54:18.214268,0:10:36.573930,18.2,16.2
2022-09-14 18:43:41.651852,2022-09-14 18:43:41.653344,2022-09-14 18:54:18.219547,0:10:36.567647,50.0,16.2
2022-09-14 18:43:41.652330,2022-09-14 18:43:41.664569,2022-09-14 18:54:18.229492,0:10:36.577112,16.7,16.2
2022-09-14 18:43:41.674541,2022-09-14 18:43:41.675586,2022-09-14 18:54:18.282091,0:10:36.607496,21.9,16.2
2022-09-14 18:43:41.680048,2022-09-14 18:43:41.680984,2022-09-14 18:54:18.292282,0:10:36.612184,16.7,16.2
2022-09-14 18:43:41.685458,2022-09-14 18:43:41.691613,2022-09-14 18:54:18.327604,0:10:36.642092,19.0,16.2
2022-09-14 18:43:41.699952,2022-09-14 18:43:41.707467,2022-09-14 18:54:18.339186,0:10:36.639185,16.7,16.2
2022-09-14 18:43:41.700550,2022-09-14 18:43:41.712953,2022-09-14 18:54:18.370015,0:10:36.669414,21.1,16.2
2022-09-14 18:43:41.701100,2022-09-14 18:43:41.702011,2022-09-14 18:54:18.380279,0:10:36.679128,28.6,16.2
2022-09-14 18:43:41.739987,2022-09-14 18:43:41.746437,2022-09-14 18:54:18.434157,0:10:36.694101,16.1,16.2
2022-09-14 18:43:41.652750,2022-09-14 18:43:41.701020,2022-09-14 18:54:18.439882,0:10:36.787069,50.0,16.2
2022-09-14 18:43:41.712814,2022-09-14 18:43:41.718855,2022-09-14 18:54:18.445529,0:10:36.732653,0.0,16.2
2022-09-14 18:43:41.700386,2022-09-14 18:43:41.746295,2022-09-14 18:54:18.454281,0:10:36.753833,42.9,16.2
2022-09-14 18:43:41.712170,2022-09-14 18:43:41.713338,2022-09-14 18:54:18.465099,0:10:36.752865,16.7,16.2
2022-09-14 18:43:41.762573,2022-09-14 18:43:41.764492,2022-09-14 18:54:18.498591,0:10:36.735947,20.0,16.2
2022-09-14 18:43:41.745372,2022-09-14 18:43:41.752285,2022-09-14 18:54:18.516360,0:10:36.770917,20.0,16.2
2022-09-14 18:43:41.723628,2022-09-14 18:43:41.735299,2022-09-14 18:54:18.535500,0:10:36.811806,18.2,16.2
2022-09-14 18:43:41.769375,2022-09-14 18:43:41.770333,2022-09-14 18:54:18.550253,0:10:36.780811,12.5,16.2
2022-09-14 18:43:41.763324,2022-09-14 18:43:41.770145,2022-09-14 18:54:18.560914,0:10:36.797521,44.4,16.2
2022-09-14 18:43:41.763559,2022-09-14 18:43:41.770787,2022-09-14 18:54:18.602820,0:10:36.839184,20.0,16.2
2022-09-14 18:43:41.762934,2022-09-14 18:43:41.782492,2022-09-14 18:54:18.611234,0:10:36.848240,20.0,16.2
2022-09-14 18:43:41.781560,2022-09-14 18:43:41.782682,2022-09-14 18:54:18.621756,0:10:36.840138,16.7,16.2
2022-09-14 18:43:41.775482,2022-09-14 18:43:41.782324,2022-09-14 18:54:18.630293,0:10:36.854756,20.0,16.2
2022-09-14 18:43:41.787498,2022-09-14 18:43:41.810132,2022-09-14 18:54:18.668570,0:10:36.881004,21.7,16.2
2022-09-14 18:43:41.831471,2022-09-14 18:43:41.838639,2022-09-14 18:54:18.734983,0:10:36.903449,19.5,16.2
2022-09-14 18:43:41.837078,2022-09-14 18:43:41.844252,2022-09-14 18:54:18.745477,0:10:36.908343,0.0,16.2
2022-09-14 18:43:41.820008,2022-09-14 18:43:41.837799,2022-09-14 18:54:18.753593,0:10:36.933529,33.3,16.2
2022-09-14 18:43:41.831682,2022-09-14 18:43:41.838707,2022-09-14 18:54:18.765660,0:10:36.933915,25.0,16.2
2022-09-14 18:43:41.837682,2022-09-14 18:43:41.838624,2022-09-14 18:54:18.787412,0:10:36.949676,23.1,16.2
2022-09-14 18:43:41.843205,2022-09-14 18:43:41.844252,2022-09-14 18:54:18.798750,0:10:36.955473,25.0,16.2
2022-09-14 18:43:41.831144,2022-09-14 18:43:41.832221,2022-09-14 18:54:18.804227,0:10:36.973033,0.0,16.2
2022-09-14 18:43:41.808970,2022-09-14 18:43:41.810132,2022-09-14 18:54:18.820692,0:10:37.011664,20.0,16.2
2022-09-14 18:43:41.852837,2022-09-14 18:43:41.859591,2022-09-14 18:54:18.848066,0:10:36.995178,18.7,16.2
2022-09-14 18:43:41.837331,2022-09-14 18:43:41.845426,2022-09-14 18:54:18.853362,0:10:37.015980,0.0,16.2
2022-09-14 18:43:41.896427,2022-09-14 18:43:41.897643,2022-09-14 18:54:18.888872,0:10:36.992394,18.2,16.2
2022-09-14 18:43:41.870016,2022-09-14 18:43:41.886731,2022-09-14 18:54:18.901980,0:10:37.031914,25.0,16.2
2022-09-14 18:43:41.897825,2022-09-14 18:43:41.899196,2022-09-14 18:54:18.928776,0:10:37.030896,18.7,16.2
2022-09-14 18:43:41.897472,2022-09-14 18:43:41.898766,2022-09-14 18:54:18.941750,0:10:37.044226,25.0,16.2
2022-09-14 18:43:41.896649,2022-09-14 18:43:41.897735,2022-09-14 18:54:18.947021,0:10:37.050323,33.3,16.2
2022-09-14 18:43:41.897711,2022-09-14 18:43:41.899425,2022-09-14 18:54:18.971743,0:10:37.073979,20.0,16.1
2022-09-14 18:43:41.904682,2022-09-14 18:43:41.905912,2022-09-14 18:54:18.990033,0:10:37.085301,18.2,16.1
2022-09-14 18:43:41.905039,2022-09-14 18:43:41.906462,2022-09-14 18:54:19.015024,0:10:37.109928,26.7,16.1
2022-09-14 18:43:41.916818,2022-09-14 18:43:41.917817,2022-09-14 18:54:19.045693,0:10:37.128816,16.7,16.1
2022-09-14 18:43:41.916495,2022-09-14 18:43:41.928628,2022-09-14 18:54:19.054226,0:10:37.137677,20.0,16.1
2022-09-14 18:43:41.960212,2022-09-14 18:43:41.961141,2022-09-14 18:54:19.109660,0:10:37.149377,18.2,16.1
2022-09-14 18:43:41.966618,2022-09-14 18:43:41.973157,2022-09-14 18:54:19.124367,0:10:37.157694,22.2,16.1
2022-09-14 18:43:41.960551,2022-09-14 18:43:41.961909,2022-09-14 18:54:19.143379,0:10:37.182770,18.2,16.1
2022-09-14 18:43:41.933149,2022-09-14 18:43:41.944623,2022-09-14 18:54:19.157148,0:10:37.223947,12.5,16.1
2022-09-14 18:43:41.978433,2022-09-14 18:43:41.984864,2022-09-14 18:54:19.171246,0:10:37.192762,33.3,16.1
2022-09-14 18:43:41.972106,2022-09-14 18:43:41.973157,2022-09-14 18:54:19.187617,0:10:37.215459,20.0,16.1
2022-09-14 18:43:41.960024,2022-09-14 18:43:41.961602,2022-09-14 18:54:19.201956,0:10:37.241882,22.2,16.1
2022-09-14 18:43:41.961209,2022-09-14 18:43:41.973195,2022-09-14 18:54:19.210288,0:10:37.249029,20.0,16.1
2022-09-14 18:43:41.984391,2022-09-14 18:43:42.001387,2022-09-14 18:54:19.234393,0:10:37.249952,21.4,16.1
2022-09-14 18:43:41.959837,2022-09-14 18:43:41.984803,2022-09-14 18:54:19.285275,0:10:37.325386,16.7,16.1
2022-09-14 18:43:42.022852,2022-09-14 18:43:42.024440,2022-09-14 18:54:19.295972,0:10:37.273069,28.6,16.1
2022-09-14 18:43:42.022161,2022-09-14 18:43:42.024440,2022-09-14 18:54:19.301244,0:10:37.279034,0.0,16.1
2022-09-14 18:43:42.021981,2022-09-14 18:43:42.024035,2022-09-14 18:54:19.322116,0:10:37.300085,16.7,16.1
2022-09-14 18:43:42.022660,2022-09-14 18:43:42.030338,2022-09-14 18:54:19.327510,0:10:37.304800,50.0,16.1
2022-09-14 18:43:42.022515,2022-09-14 18:43:42.029961,2022-09-14 18:54:19.335594,0:10:37.313027,33.3,16.1
2022-09-14 18:43:42.029032,2022-09-14 18:43:42.031257,2022-09-14 18:54:19.358116,0:10:37.329034,15.4,16.1
2022-09-14 18:43:42.041618,2022-09-14 18:43:42.042668,2022-09-14 18:54:19.372687,0:10:37.331007,25.0,16.1
2022-09-14 18:43:42.011148,2022-09-14 18:43:42.030338,2022-09-14 18:54:19.399891,0:10:37.388688,18.7,16.1
2022-09-14 18:43:42.042057,2022-09-14 18:43:42.048897,2022-09-14 18:54:19.421126,0:10:37.379016,15.4,16.1
2022-09-14 18:43:42.087392,2022-09-14 18:43:42.088378,2022-09-14 18:54:19.455838,0:10:37.368390,23.8,16.1
2022-09-14 18:43:42.060083,2022-09-14 18:43:42.061174,2022-09-14 18:54:19.483264,0:10:37.423129,18.7,16.1
2022-09-14 18:43:42.087257,2022-09-14 18:43:42.105434,2022-09-14 18:54:19.516309,0:10:37.428998,15.8,16.1
2022-09-14 18:43:42.093541,2022-09-14 18:43:42.110873,2022-09-14 18:54:19.528818,0:10:37.435227,25.0,16.1
2022-09-14 18:43:42.076395,2022-09-14 18:43:42.088378,2022-09-14 18:54:19.552401,0:10:37.475955,20.0,16.1
2022-09-14 18:43:42.092853,2022-09-14 18:43:42.094546,2022-09-14 18:54:19.570582,0:10:37.477679,20.0,16.1
2022-09-14 18:43:42.093080,2022-09-14 18:43:42.111316,2022-09-14 18:54:19.578608,0:10:37.485478,20.0,16.1
2022-09-14 18:43:42.099106,2022-09-14 18:43:42.110732,2022-09-14 18:54:19.586736,0:10:37.487568,20.0,16.1
2022-09-14 18:43:42.109764,2022-09-14 18:43:42.110914,2022-09-14 18:54:19.606964,0:10:37.497150,16.7,16.1
2022-09-14 18:43:42.110240,2022-09-14 18:43:42.126529,2022-09-14 18:54:19.620549,0:10:37.510260,14.3,16.1
2022-09-14 18:43:42.137179,2022-09-14 18:43:42.143479,2022-09-14 18:54:19.638280,0:10:37.501051,18.2,16.1
2022-09-14 18:43:42.125440,2022-09-14 18:43:42.132313,2022-09-14 18:54:19.643629,0:10:37.518141,50.0,16.1
2022-09-14 18:43:42.154417,2022-09-14 18:43:42.155412,2022-09-14 18:54:19.684135,0:10:37.529667,16.7,16.1
2022-09-14 18:43:42.160083,2022-09-14 18:43:42.161583,2022-09-14 18:54:19.698524,0:10:37.538392,14.3,16.1
2022-09-14 18:43:42.154735,2022-09-14 18:43:42.161279,2022-09-14 18:54:19.725361,0:10:37.570575,18.7,16.1
2022-09-14 18:43:42.153912,2022-09-14 18:43:42.161884,2022-09-14 18:54:19.741622,0:10:37.587660,20.0,16.1
2022-09-14 18:43:42.161250,2022-09-14 18:43:42.162465,2022-09-14 18:54:19.763935,0:10:37.602634,15.4,16.1
2022-09-14 18:43:42.160410,2022-09-14 18:43:42.162846,2022-09-14 18:54:19.772075,0:10:37.611615,25.0,16.1
2022-09-14 18:43:42.172630,2022-09-14 18:43:42.174138,2022-09-14 18:54:19.790093,0:10:37.617413,18.2,16.1
2022-09-14 18:43:42.173000,2022-09-14 18:43:42.174290,2022-09-14 18:54:19.802236,0:10:37.629184,25.0,16.1
2022-09-14 18:43:42.205743,2022-09-14 18:43:42.212253,2022-09-14 18:54:19.843954,0:10:37.638159,20.0,16.1
2022-09-14 18:43:42.227664,2022-09-14 18:43:42.228800,2022-09-14 18:54:19.875451,0:10:37.647735,16.7,16.1
2022-09-14 18:43:42.205912,2022-09-14 18:43:42.212254,2022-09-14 18:54:19.899799,0:10:37.693836,20.0,16.1
2022-09-14 18:43:42.221842,2022-09-14 18:43:42.234282,2022-09-14 18:54:19.910846,0:10:37.688953,16.7,16.1
2022-09-14 18:43:42.222028,2022-09-14 18:43:42.228744,2022-09-14 18:54:19.916342,0:10:37.694265,33.3,16.1
2022-09-14 18:43:42.222163,2022-09-14 18:43:42.250278,2022-09-14 18:54:19.950193,0:10:37.727979,15.0,16.1
2022-09-14 18:43:42.233296,2022-09-14 18:43:42.265052,2022-09-14 18:54:19.958553,0:10:37.725207,20.0,16.1
2022-09-14 18:43:42.249296,2022-09-14 18:43:42.272358,2022-09-14 18:54:19.994790,0:10:37.745443,15.0,16.1
2022-09-14 18:43:42.287558,2022-09-14 18:43:42.299800,2022-09-14 18:54:20.029025,0:10:37.741415,20.0,16.1
2022-09-14 18:43:42.271977,2022-09-14 18:43:42.299345,2022-09-14 18:54:20.051487,0:10:37.779458,21.4,16.1
2022-09-14 18:43:42.227503,2022-09-14 18:43:42.255779,2022-09-14 18:54:20.059736,0:10:37.832184,20.0,16.1
2022-09-14 18:43:42.298684,2022-09-14 18:43:42.299867,2022-09-14 18:54:20.072030,0:10:37.773296,25.0,16.1
2022-09-14 18:43:42.293184,2022-09-14 18:43:42.299345,2022-09-14 18:54:20.094219,0:10:37.800986,15.4,16.1
2022-09-14 18:43:42.298908,2022-09-14 18:43:42.300611,2022-09-14 18:54:20.102370,0:10:37.803413,25.0,16.1
2022-09-14 18:43:42.287730,2022-09-14 18:43:42.299382,2022-09-14 18:54:20.117036,0:10:37.829255,22.2,16.1
2022-09-14 18:43:42.271269,2022-09-14 18:43:42.294141,2022-09-14 18:54:20.131004,0:10:37.859686,22.2,16.1
2022-09-14 18:43:42.254759,2022-09-14 18:43:42.300013,2022-09-14 18:54:20.145324,0:10:37.890513,12.5,16.1
2022-09-14 18:43:42.311579,2022-09-14 18:43:42.312702,2022-09-14 18:54:20.153470,0:10:37.841842,20.0,16.1
2022-09-14 18:43:42.311086,2022-09-14 18:43:42.318229,2022-09-14 18:54:20.171794,0:10:37.860659,27.3,16.1
2022-09-14 18:43:42.328299,2022-09-14 18:43:42.329742,2022-09-14 18:54:20.183970,0:10:37.855622,14.3,16.1
2022-09-14 18:43:42.334302,2022-09-14 18:43:42.351866,2022-09-14 18:54:20.217898,0:10:37.883546,15.0,16.1
2022-09-14 18:43:42.367769,2022-09-14 18:43:42.368819,2022-09-14 18:54:20.249740,0:10:37.881917,21.1,16.1
2022-09-14 18:43:42.334632,2022-09-14 18:43:42.351925,2022-09-14 18:54:20.260756,0:10:37.926074,28.6,16.1
2022-09-14 18:43:42.361989,2022-09-14 18:43:42.368586,2022-09-14 18:54:20.288918,0:10:37.926876,17.6,16.1
2022-09-14 18:43:42.374470,2022-09-14 18:43:42.386256,2022-09-14 18:54:20.311493,0:10:37.936972,26.7,16.1
2022-09-14 18:43:42.361770,2022-09-14 18:43:42.369629,2022-09-14 18:54:20.319580,0:10:37.957760,0.0,16.1
2022-09-14 18:43:42.367498,2022-09-14 18:43:42.374993,2022-09-14 18:54:20.335541,0:10:37.967994,20.0,16.1
2022-09-14 18:43:42.390925,2022-09-14 18:43:42.397451,2022-09-14 18:54:20.365148,0:10:37.974173,17.6,16.1
2022-09-14 18:43:42.368426,2022-09-14 18:43:42.369585,2022-09-14 18:54:20.373070,0:10:38.004593,20.0,16.1
2022-09-14 18:43:42.391127,2022-09-14 18:43:42.424682,2022-09-14 18:54:20.391237,0:10:38.000060,27.3,16.1
2022-09-14 18:43:42.402092,2022-09-14 18:43:42.413980,2022-09-14 18:54:20.440921,0:10:38.038777,20.0,16.1
2022-09-14 18:43:42.431137,2022-09-14 18:43:42.437783,2022-09-14 18:54:20.459513,0:10:38.028327,18.2,16.1
2022-09-14 18:43:42.430252,2022-09-14 18:43:42.432238,2022-09-14 18:54:20.470857,0:10:38.040556,25.0,16.1
2022-09-14 18:43:42.424694,2022-09-14 18:43:42.425613,2022-09-14 18:54:20.483590,0:10:38.058848,14.3,16.1
2022-09-14 18:43:42.424025,2022-09-14 18:43:42.431004,2022-09-14 18:54:20.491839,0:10:38.067765,20.0,16.1
2022-09-14 18:43:42.396446,2022-09-14 18:43:42.425207,2022-09-14 18:54:20.507924,0:10:38.111429,22.2,16.1
2022-09-14 18:43:42.430682,2022-09-14 18:43:42.432026,2022-09-14 18:54:20.516301,0:10:38.085567,20.0,16.1
2022-09-14 18:43:42.465563,2022-09-14 18:43:42.471970,2022-09-14 18:54:20.567408,0:10:38.101796,16.7,16.1
2022-09-14 18:43:42.436703,2022-09-14 18:43:42.443629,2022-09-14 18:54:20.572667,0:10:38.135908,33.3,16.1
2022-09-14 18:43:42.454555,2022-09-14 18:43:42.477196,2022-09-14 18:54:20.586094,0:10:38.131490,14.3,16.1
2022-09-14 18:43:42.460163,2022-09-14 18:43:42.466310,2022-09-14 18:54:20.598949,0:10:38.138738,22.2,16.1
2022-09-14 18:43:42.460005,2022-09-14 18:43:42.488421,2022-09-14 18:54:20.632955,0:10:38.172901,15.8,16.1
2022-09-14 18:43:42.487335,2022-09-14 18:43:42.488853,2022-09-14 18:54:20.649211,0:10:38.161827,20.0,16.1
2022-09-14 18:43:42.493384,2022-09-14 18:43:42.505495,2022-09-14 18:54:20.679082,0:10:38.185648,22.2,16.1
2022-09-14 18:43:42.493913,2022-09-14 18:43:42.511356,2022-09-14 18:54:20.689320,0:10:38.195358,16.7,16.1
2022-09-14 18:43:42.487173,2022-09-14 18:43:42.505942,2022-09-14 18:54:20.701160,0:10:38.213939,25.0,16.1
2022-09-14 18:43:42.504586,2022-09-14 18:43:42.511183,2022-09-14 18:54:20.719521,0:10:38.214886,20.0,16.1
2022-09-14 18:43:42.493594,2022-09-14 18:43:42.511410,2022-09-14 18:54:20.727645,0:10:38.234003,20.0,16.1
2022-09-14 18:43:42.521870,2022-09-14 18:43:42.529263,2022-09-14 18:54:20.768091,0:10:38.246171,20.0,16.1
2022-09-14 18:43:42.521758,2022-09-14 18:43:42.523574,2022-09-14 18:54:20.800392,0:10:38.278582,21.1,16.1
2022-09-14 18:43:42.566701,2022-09-14 18:43:42.567910,2022-09-14 18:54:20.818672,0:10:38.251912,10.0,16.1
2022-09-14 18:43:42.522275,2022-09-14 18:43:42.540510,2022-09-14 18:54:20.828728,0:10:38.306404,16.7,16.1
2022-09-14 18:43:42.555730,2022-09-14 18:43:42.561807,2022-09-14 18:54:20.852058,0:10:38.296278,21.4,16.1
2022-09-14 18:43:42.528403,2022-09-14 18:43:42.530121,2022-09-14 18:54:20.871098,0:10:38.342645,18.2,16.1
2022-09-14 18:43:42.555575,2022-09-14 18:43:42.561973,2022-09-14 18:54:20.910280,0:10:38.354647,17.4,16.1
2022-09-14 18:43:42.589401,2022-09-14 18:43:42.590726,2022-09-14 18:54:20.921332,0:10:38.331877,28.6,16.1
2022-09-14 18:43:42.561300,2022-09-14 18:43:42.567685,2022-09-14 18:54:20.930155,0:10:38.368805,33.3,16.1
2022-09-14 18:43:42.583553,2022-09-14 18:43:42.601253,2022-09-14 18:54:20.949152,0:10:38.365551,18.2,16.1
2022-09-14 18:43:42.555404,2022-09-14 18:43:42.578841,2022-09-14 18:54:20.969342,0:10:38.413890,23.1,16.1
2022-09-14 18:43:42.549949,2022-09-14 18:43:42.584936,2022-09-14 18:54:20.977394,0:10:38.427395,20.0,16.1
2022-09-14 18:43:42.611303,2022-09-14 18:43:42.612430,2022-09-14 18:54:20.987354,0:10:38.376003,20.0,16.1
2022-09-14 18:43:42.617506,2022-09-14 18:43:42.618816,2022-09-14 18:54:21.007646,0:10:38.390089,16.7,16.1
2022-09-14 18:43:42.583843,2022-09-14 18:43:42.590414,2022-09-14 18:54:21.027896,0:10:38.444002,16.7,16.1
2022-09-14 18:43:42.623790,2022-09-14 18:43:42.630672,2022-09-14 18:54:21.038244,0:10:38.414404,20.0,16.1
2022-09-14 18:43:42.623557,2022-09-14 18:43:42.631170,2022-09-14 18:54:21.061736,0:10:38.438130,20.0,16.1
2022-09-14 18:43:42.583674,2022-09-14 18:43:42.606501,2022-09-14 18:54:21.081710,0:10:38.497987,25.0,16.1
2022-09-14 18:43:42.652406,2022-09-14 18:43:42.658684,2022-09-14 18:54:21.115784,0:10:38.463323,19.0,16.1
2022-09-14 18:43:42.629223,2022-09-14 18:43:42.647067,2022-09-14 18:54:21.134622,0:10:38.505349,18.2,16.1
2022-09-14 18:43:42.651804,2022-09-14 18:43:42.658737,2022-09-14 18:54:21.151066,0:10:38.499210,27.3,16.1
2022-09-14 18:43:42.652242,2022-09-14 18:43:42.658596,2022-09-14 18:54:21.159201,0:10:38.506900,0.0,16.1
2022-09-14 18:43:42.674200,2022-09-14 18:43:42.675191,2022-09-14 18:54:21.167333,0:10:38.493084,20.0,16.1
2022-09-14 18:43:42.690822,2022-09-14 18:43:42.698215,2022-09-14 18:54:21.204048,0:10:38.513175,18.2,16.1
2022-09-14 18:43:42.651670,2022-09-14 18:43:42.664233,2022-09-14 18:54:21.212065,0:10:38.560345,20.0,16.1
2022-09-14 18:43:42.646387,2022-09-14 18:43:42.658982,2022-09-14 18:54:21.262539,0:10:38.616101,17.2,16.1
2022-09-14 18:43:42.685483,2022-09-14 18:43:42.697385,2022-09-14 18:54:21.270680,0:10:38.585139,20.0,16.1
2022-09-14 18:43:42.713921,2022-09-14 18:43:42.721236,2022-09-14 18:54:21.286838,0:10:38.572867,22.2,16.1
2022-09-14 18:43:42.719778,2022-09-14 18:43:42.721584,2022-09-14 18:54:21.296755,0:10:38.576929,0.0,16.1
2022-09-14 18:43:42.708074,2022-09-14 18:43:42.721584,2022-09-14 18:54:21.307229,0:10:38.599095,28.6,16.1
2022-09-14 18:43:42.696685,2022-09-14 18:43:42.709379,2022-09-14 18:54:21.317448,0:10:38.620715,50.0,16.1
2022-09-14 18:43:42.720019,2022-09-14 18:43:42.722090,2022-09-14 18:54:21.332321,0:10:38.612254,22.2,16.1
2022-09-14 18:43:42.697221,2022-09-14 18:43:42.709169,2022-09-14 18:54:21.368903,0:10:38.671631,19.0,16.1
2022-09-14 18:43:42.738146,2022-09-14 18:43:42.760813,2022-09-14 18:54:21.401351,0:10:38.663151,15.8,16.1
2022-09-14 18:43:42.719402,2022-09-14 18:43:42.720477,2022-09-14 18:54:21.413789,0:10:38.694334,25.0,16.1
2022-09-14 18:43:42.759680,2022-09-14 18:43:42.777433,2022-09-14 18:54:21.426144,0:10:38.666414,25.0,16.1
2022-09-14 18:43:42.765310,2022-09-14 18:43:42.771688,2022-09-14 18:54:21.444288,0:10:38.678929,27.3,16.1
2022-09-14 18:43:42.754157,2022-09-14 18:43:42.771848,2022-09-14 18:54:21.456953,0:10:38.702748,12.5,16.1
2022-09-14 18:43:42.754387,2022-09-14 18:43:42.771775,2022-09-14 18:54:21.462197,0:10:38.707761,0.0,16.1
2022-09-14 18:43:42.770687,2022-09-14 18:43:42.777725,2022-09-14 18:54:21.480417,0:10:38.709682,25.0,16.1
2022-09-14 18:43:42.783257,2022-09-14 18:43:42.799739,2022-09-14 18:54:21.516855,0:10:38.733549,15.0,16.1
2022-09-14 18:43:42.782217,2022-09-14 18:43:42.784152,2022-09-14 18:54:21.526835,0:10:38.744570,28.6,16.1
2022-09-14 18:43:42.783900,2022-09-14 18:43:42.811062,2022-09-14 18:54:21.537110,0:10:38.753157,16.7,16.1
2022-09-14 18:43:42.799358,2022-09-14 18:43:42.800503,2022-09-14 18:54:21.555265,0:10:38.755859,27.3,16.1
2022-09-14 18:43:42.783709,2022-09-14 18:43:42.807714,2022-09-14 18:54:21.563375,0:10:38.779617,0.0,16.1
2022-09-14 18:43:42.821529,2022-09-14 18:43:42.822522,2022-09-14 18:54:21.607316,0:10:38.785735,19.2,16.1
2022-09-14 18:43:42.821902,2022-09-14 18:43:42.823370,2022-09-14 18:54:21.625350,0:10:38.803397,18.2,16.1
2022-09-14 18:43:42.828129,2022-09-14 18:43:42.834881,2022-09-14 18:54:21.633322,0:10:38.805145,33.3,16.1
2022-09-14 18:43:42.833846,2022-09-14 18:43:42.866388,2022-09-14 18:54:21.661215,0:10:38.827315,18.7,16.1
2022-09-14 18:43:42.821305,2022-09-14 18:43:42.834881,2022-09-14 18:54:21.709939,0:10:38.888583,20.0,16.1
2022-09-14 18:43:42.865986,2022-09-14 18:43:42.872535,2022-09-14 18:54:21.720728,0:10:38.854692,28.6,16.1
2022-09-14 18:43:42.844539,2022-09-14 18:43:42.872535,2022-09-14 18:54:21.746955,0:10:38.902367,20.0,16.2
2022-09-14 18:43:42.859966,2022-09-14 18:43:42.878265,2022-09-14 18:54:21.758888,0:10:38.898873,14.3,16.2
2022-09-14 18:43:42.882703,2022-09-14 18:43:42.884301,2022-09-14 18:54:21.766849,0:10:38.884097,20.0,16.2
2022-09-14 18:43:42.888994,2022-09-14 18:43:42.890856,2022-09-14 18:54:21.781114,0:10:38.892068,22.2,16.2
2022-09-14 18:43:42.871899,2022-09-14 18:43:42.878048,2022-09-14 18:54:21.789231,0:10:38.917282,25.0,16.2
2022-09-14 18:43:42.882913,2022-09-14 18:43:42.890703,2022-09-14 18:54:21.797402,0:10:38.914440,20.0,16.2
2022-09-14 18:43:42.889395,2022-09-14 18:43:42.890511,2022-09-14 18:54:21.807903,0:10:38.918458,28.6,16.1
2022-09-14 18:43:42.883072,2022-09-14 18:43:42.890066,2022-09-14 18:54:21.825830,0:10:38.942709,10.0,16.1
2022-09-14 18:43:42.901374,2022-09-14 18:43:42.902461,2022-09-14 18:54:21.841929,0:10:38.940506,22.2,16.1
2022-09-14 18:43:42.931335,2022-09-14 18:43:42.932898,2022-09-14 18:54:21.874407,0:10:38.943023,20.0,16.1
2022-09-14 18:43:42.932208,2022-09-14 18:43:42.943362,2022-09-14 18:54:21.927259,0:10:38.994994,18.7,16.1
2022-09-14 18:43:42.954067,2022-09-14 18:43:42.960792,2022-09-14 18:54:21.939165,0:10:38.985045,16.7,16.1
2022-09-14 18:43:42.931751,2022-09-14 18:43:42.954677,2022-09-14 18:54:21.949280,0:10:39.017476,16.7,16.1
2022-09-14 18:43:42.954362,2022-09-14 18:43:42.955428,2022-09-14 18:54:21.969413,0:10:39.015001,23.1,16.1
2022-09-14 18:43:42.948035,2022-09-14 18:43:42.960792,2022-09-14 18:54:21.977302,0:10:39.029218,25.0,16.1
2022-09-14 18:43:42.932021,2022-09-14 18:43:42.954677,2022-09-14 18:54:21.989179,0:10:39.057109,25.0,16.1
2022-09-14 18:43:42.953669,2022-09-14 18:43:42.955060,2022-09-14 18:54:22.001190,0:10:39.047471,25.0,16.1
2022-09-14 18:43:42.948311,2022-09-14 18:43:42.961957,2022-09-14 18:54:22.023628,0:10:39.075267,16.7,16.1
2022-09-14 18:43:42.966691,2022-09-14 18:43:42.979530,2022-09-14 18:54:22.040331,0:10:39.073590,20.0,16.2
2022-09-14 18:43:43.011090,2022-09-14 18:43:43.022984,2022-09-14 18:54:22.125277,0:10:39.114131,19.2,16.1
2022-09-14 18:43:43.021793,2022-09-14 18:43:43.023202,2022-09-14 18:54:22.136395,0:10:39.114550,28.6,16.1
2022-09-14 18:43:42.999899,2022-09-14 18:43:43.011794,2022-09-14 18:54:22.148873,0:10:39.148924,14.3,16.2
2022-09-14 18:43:43.000062,2022-09-14 18:43:43.006665,2022-09-14 18:54:22.172979,0:10:39.172861,21.4,16.2
2022-09-14 18:43:43.011312,2022-09-14 18:43:43.023145,2022-09-14 18:54:22.178409,0:10:39.167048,0.0,16.2
2022-09-14 18:43:43.021989,2022-09-14 18:43:43.034319,2022-09-14 18:54:22.186684,0:10:39.164638,33.3,16.2
2022-09-14 18:43:43.033553,2022-09-14 18:43:43.035119,2022-09-14 18:54:22.192300,0:10:39.158698,0.0,16.2
2022-09-14 18:43:43.022667,2022-09-14 18:43:43.034666,2022-09-14 18:54:22.206637,0:10:39.183921,22.2,16.2
2022-09-14 18:43:43.034138,2022-09-14 18:43:43.035080,2022-09-14 18:54:22.218835,0:10:39.184647,14.3,16.2
2022-09-14 18:43:43.072504,2022-09-14 18:43:43.073481,2022-09-14 18:54:22.246922,0:10:39.174368,17.6,16.2
2022-09-14 18:43:43.027910,2022-09-14 18:43:43.028987,2022-09-14 18:54:22.261122,0:10:39.233163,25.0,16.2
2022-09-14 18:43:43.089258,2022-09-14 18:43:43.090227,2022-09-14 18:54:22.305119,0:10:39.215805,16.0,16.1
2022-09-14 18:43:43.088978,2022-09-14 18:43:43.089946,2022-09-14 18:54:22.336681,0:10:39.247640,23.8,16.1
2022-09-14 18:43:43.061983,2022-09-14 18:43:43.073411,2022-09-14 18:54:22.344205,0:10:39.282172,0.0,16.1
2022-09-14 18:43:43.095419,2022-09-14 18:43:43.102254,2022-09-14 18:54:22.366401,0:10:39.270932,21.4,16.1
2022-09-14 18:43:43.083626,2022-09-14 18:43:43.089810,2022-09-14 18:54:22.374354,0:10:39.290680,20.0,16.1
2022-09-14 18:43:43.089597,2022-09-14 18:43:43.090804,2022-09-14 18:54:22.382339,0:10:39.292694,25.0,16.1
2022-09-14 18:43:43.083326,2022-09-14 18:43:43.096603,2022-09-14 18:54:22.398424,0:10:39.315050,20.0,16.1
2022-09-14 18:43:43.106907,2022-09-14 18:43:43.108444,2022-09-14 18:54:22.408448,0:10:39.301493,28.6,16.1
2022-09-14 18:43:43.135490,2022-09-14 18:43:43.146871,2022-09-14 18:54:22.442820,0:10:39.307278,15.8,16.1
2022-09-14 18:43:43.101337,2022-09-14 18:43:43.102315,2022-09-14 18:54:22.466870,0:10:39.365482,20.0,16.1
2022-09-14 18:43:43.145723,2022-09-14 18:43:43.146841,2022-09-14 18:54:22.487510,0:10:39.341735,16.7,16.2
2022-09-14 18:43:43.168118,2022-09-14 18:43:43.179757,2022-09-14 18:54:22.514687,0:10:39.346505,18.7,16.2
2022-09-14 18:43:43.162106,2022-09-14 18:43:43.169020,2022-09-14 18:54:22.543587,0:10:39.381427,17.6,16.2
2022-09-14 18:43:43.167658,2022-09-14 18:43:43.186066,2022-09-14 18:54:22.559819,0:10:39.392110,12.5,16.2
2022-09-14 18:43:43.173580,2022-09-14 18:43:43.186263,2022-09-14 18:54:22.569936,0:10:39.396307,16.7,16.2
2022-09-14 18:43:43.151632,2022-09-14 18:43:43.168419,2022-09-14 18:54:22.588164,0:10:39.436482,25.0,16.2
2022-09-14 18:43:43.167855,2022-09-14 18:43:43.185694,2022-09-14 18:54:22.615868,0:10:39.447965,18.7,16.2
2022-09-14 18:43:43.135051,2022-09-14 18:43:43.186274,2022-09-14 18:54:22.625673,0:10:39.490566,16.7,16.2
2022-09-14 18:43:43.212793,2022-09-14 18:43:43.214065,2022-09-14 18:54:22.642139,0:10:39.429293,27.3,16.2
2022-09-14 18:43:43.196693,2022-09-14 18:43:43.202983,2022-09-14 18:54:22.660429,0:10:39.463686,27.3,16.2
2022-09-14 18:43:43.196510,2022-09-14 18:43:43.225297,2022-09-14 18:54:22.670129,0:10:39.473571,0.0,16.2
2022-09-14 18:43:43.184566,2022-09-14 18:43:43.214209,2022-09-14 18:54:22.696466,0:10:39.511851,27.8,16.2
2022-09-14 18:43:43.224902,2022-09-14 18:43:43.243038,2022-09-14 18:54:22.733046,0:10:39.508091,15.0,16.1
2022-09-14 18:43:43.235955,2022-09-14 18:43:43.237586,2022-09-14 18:54:22.749546,0:10:39.513542,20.0,16.1
2022-09-14 18:43:43.235821,2022-09-14 18:43:43.244351,2022-09-14 18:54:22.757682,0:10:39.521800,20.0,16.1
2022-09-14 18:43:43.236284,2022-09-14 18:43:43.243635,2022-09-14 18:54:22.799965,0:10:39.563631,23.1,16.1
2022-09-14 18:43:43.230190,2022-09-14 18:43:43.243265,2022-09-14 18:54:22.811947,0:10:39.581708,14.3,16.1
2022-09-14 18:43:43.261954,2022-09-14 18:43:43.268465,2022-09-14 18:54:22.819983,0:10:39.557977,20.0,16.1
2022-09-14 18:43:43.267791,2022-09-14 18:43:43.274051,2022-09-14 18:54:22.833187,0:10:39.565343,25.0,16.1
2022-09-14 18:43:43.267403,2022-09-14 18:43:43.268827,2022-09-14 18:54:22.838659,0:10:39.571196,0.0,16.1
2022-09-14 18:43:43.273316,2022-09-14 18:43:43.274599,2022-09-14 18:54:22.850677,0:10:39.577305,25.0,16.1
2022-09-14 18:43:43.242367,2022-09-14 18:43:43.255229,2022-09-14 18:54:22.860875,0:10:39.618460,16.7,16.2
2022-09-14 18:43:43.301271,2022-09-14 18:43:43.308208,2022-09-14 18:54:22.905135,0:10:39.603813,16.0,16.2
2022-09-14 18:43:43.301116,2022-09-14 18:43:43.308256,2022-09-14 18:54:22.925286,0:10:39.624121,23.1,16.2
2022-09-14 18:43:43.306922,2022-09-14 18:43:43.313586,2022-09-14 18:54:22.933396,0:10:39.626425,33.3,16.2
2022-09-14 18:43:43.301440,2022-09-14 18:43:43.307622,2022-09-14 18:54:22.976702,0:10:39.675205,22.2,16.2
2022-09-14 18:43:43.329895,2022-09-14 18:43:43.337043,2022-09-14 18:54:22.995818,0:10:39.665873,18.2,16.2
2022-09-14 18:43:43.335890,2022-09-14 18:43:43.337181,2022-09-14 18:54:23.003982,0:10:39.668042,20.0,16.2
2022-09-14 18:43:43.307305,2022-09-14 18:43:43.330658,2022-09-14 18:54:23.028229,0:10:39.720874,21.4,16.2
2022-09-14 18:43:43.362684,2022-09-14 18:43:43.374340,2022-09-14 18:54:23.040285,0:10:39.677545,14.3,16.2
2022-09-14 18:43:43.323440,2022-09-14 18:43:43.325265,2022-09-14 18:54:23.050706,0:10:39.727216,16.7,16.1
2022-09-14 18:43:43.323784,2022-09-14 18:43:43.325018,2022-09-14 18:54:23.077862,0:10:39.754028,18.7,16.1
2022-09-14 18:43:43.335727,2022-09-14 18:43:43.374340,2022-09-14 18:54:23.088754,0:10:39.752979,28.6,16.1
2022-09-14 18:43:43.385051,2022-09-14 18:43:43.386055,2022-09-14 18:54:23.115684,0:10:39.730573,18.7,16.1
2022-09-14 18:43:43.395928,2022-09-14 18:43:43.408776,2022-09-14 18:54:23.140481,0:10:39.744503,20.0,16.1
2022-09-14 18:43:43.374218,2022-09-14 18:43:43.397794,2022-09-14 18:54:23.156194,0:10:39.781925,12.5,16.1
2022-09-14 18:43:43.385349,2022-09-14 18:43:43.397023,2022-09-14 18:54:23.174779,0:10:39.789379,18.2,16.1
2022-09-14 18:43:43.373774,2022-09-14 18:43:43.409181,2022-09-14 18:54:23.185027,0:10:39.811203,16.7,16.1
2022-09-14 18:43:43.396610,2022-09-14 18:43:43.408490,2022-09-14 18:54:23.208042,0:10:39.811382,26.7,16.1
2022-09-14 18:43:43.396429,2022-09-14 18:43:43.408490,2022-09-14 18:54:23.213345,0:10:39.816867,0.0,16.1
2022-09-14 18:43:43.396138,2022-09-14 18:43:43.414931,2022-09-14 18:54:23.221614,0:10:39.825428,33.3,16.1
2022-09-14 18:43:43.396845,2022-09-14 18:43:43.409164,2022-09-14 18:54:23.237737,0:10:39.840841,27.3,16.1
2022-09-14 18:43:43.426004,2022-09-14 18:43:43.437822,2022-09-14 18:54:23.273978,0:10:39.847926,18.2,16.1
2022-09-14 18:43:43.437038,2022-09-14 18:43:43.438139,2022-09-14 18:54:23.281902,0:10:39.844816,40.0,16.1
2022-09-14 18:43:43.448546,2022-09-14 18:43:43.449567,2022-09-14 18:54:23.308139,0:10:39.859544,23.5,16.1
2022-09-14 18:43:43.437963,2022-09-14 18:43:43.438863,2022-09-14 18:54:23.334248,0:10:39.896237,14.3,16.1
2022-09-14 18:43:43.459655,2022-09-14 18:43:43.471161,2022-09-14 18:54:23.368357,0:10:39.908653,19.0,16.2
2022-09-14 18:43:43.459415,2022-09-14 18:43:43.477334,2022-09-14 18:54:23.382549,0:10:39.923085,22.2,16.2
2022-09-14 18:43:43.469615,2022-09-14 18:43:43.477060,2022-09-14 18:54:23.393295,0:10:39.923632,16.7,16.2
2022-09-14 18:43:43.469983,2022-09-14 18:43:43.476599,2022-09-14 18:54:23.398476,0:10:39.928442,33.3,16.2
2022-09-14 18:43:43.475943,2022-09-14 18:43:43.477512,2022-09-14 18:54:23.416547,0:10:39.940555,10.0,16.2
2022-09-14 18:43:43.469755,2022-09-14 18:43:43.483210,2022-09-14 18:54:23.446823,0:10:39.977016,22.2,16.2
2022-09-14 18:43:43.487939,2022-09-14 18:43:43.499817,2022-09-14 18:54:23.468785,0:10:39.980796,15.4,16.2
2022-09-14 18:43:43.499742,2022-09-14 18:43:43.501021,2022-09-14 18:54:23.476691,0:10:39.976893,33.3,16.2
2022-09-14 18:43:43.498634,2022-09-14 18:43:43.500355,2022-09-14 18:54:23.511575,0:10:40.012890,15.8,16.2
2022-09-14 18:43:43.532690,2022-09-14 18:43:43.534335,2022-09-14 18:54:23.547010,0:10:40.014271,21.7,16.2
2022-09-14 18:43:43.510893,2022-09-14 18:43:43.528134,2022-09-14 18:54:23.552478,0:10:40.041535,0.0,16.2
2022-09-14 18:43:43.532887,2022-09-14 18:43:43.533897,2022-09-14 18:54:23.557686,0:10:40.024743,33.3,16.2
2022-09-14 18:43:43.521583,2022-09-14 18:43:43.528169,2022-09-14 18:54:23.590114,0:10:40.068479,15.8,16.2
2022-09-14 18:43:43.538915,2022-09-14 18:43:43.545731,2022-09-14 18:54:23.602374,0:10:40.063408,25.0,16.2
2022-09-14 18:43:43.544747,2022-09-14 18:43:43.546293,2022-09-14 18:54:23.612402,0:10:40.067605,33.3,16.2
2022-09-14 18:43:43.521972,2022-09-14 18:43:43.528134,2022-09-14 18:54:23.630388,0:10:40.108366,10.0,16.2
2022-09-14 18:43:43.583355,2022-09-14 18:43:43.589991,2022-09-14 18:54:23.670397,0:10:40.086992,24.0,16.2
2022-09-14 18:43:43.572284,2022-09-14 18:43:43.578329,2022-09-14 18:54:23.686490,0:10:40.114156,11.1,16.2
2022-09-14 18:43:43.577633,2022-09-14 18:43:43.578949,2022-09-14 18:54:23.706613,0:10:40.128918,16.7,16.2
2022-09-14 18:43:43.562098,2022-09-14 18:43:43.584256,2022-09-14 18:54:23.730867,0:10:40.168718,26.7,16.2
2022-09-14 18:43:43.583784,2022-09-14 18:43:43.601363,2022-09-14 18:54:23.760859,0:10:40.177025,16.7,16.2
2022-09-14 18:43:43.594606,2022-09-14 18:43:43.602011,2022-09-14 18:54:23.771111,0:10:40.176456,20.0,16.2
2022-09-14 18:43:43.600985,2022-09-14 18:43:43.602584,2022-09-14 18:54:23.786924,0:10:40.185890,20.0,16.2
2022-09-14 18:43:43.595127,2022-09-14 18:43:43.602089,2022-09-14 18:54:23.811255,0:10:40.216078,20.0,16.2
2022-09-14 18:43:43.612445,2022-09-14 18:43:43.618953,2022-09-14 18:54:23.823173,0:10:40.210678,16.7,16.2
2022-09-14 18:43:43.629031,2022-09-14 18:43:43.635500,2022-09-14 18:54:23.831052,0:10:40.201972,20.0,16.2
2022-09-14 18:43:43.583627,2022-09-14 18:43:43.595244,2022-09-14 18:54:23.846965,0:10:40.263290,12.5,16.2
2022-09-14 18:43:43.634481,2022-09-14 18:43:43.640901,2022-09-14 18:54:23.881173,0:10:40.246642,19.0,16.2
2022-09-14 18:43:43.670910,2022-09-14 18:43:43.678419,2022-09-14 18:54:23.913209,0:10:40.242249,20.0,16.2
2022-09-14 18:43:43.660090,2022-09-14 18:43:43.661178,2022-09-14 18:54:23.930051,0:10:40.269908,20.0,16.2
2022-09-14 18:43:43.671601,2022-09-14 18:43:43.672697,2022-09-14 18:54:23.935425,0:10:40.263776,33.3,16.2
2022-09-14 18:43:43.659951,2022-09-14 18:43:43.671927,2022-09-14 18:54:23.945613,0:10:40.285612,16.7,16.2
2022-09-14 18:43:43.660371,2022-09-14 18:43:43.666663,2022-09-14 18:54:23.957977,0:10:40.297557,25.0,16.2
2022-09-14 18:43:43.671159,2022-09-14 18:43:43.683940,2022-09-14 18:54:23.970160,0:10:40.298952,37.5,16.2
2022-09-14 18:43:43.651185,2022-09-14 18:43:43.661363,2022-09-14 18:54:23.993505,0:10:40.342271,20.0,16.2
2022-09-14 18:43:43.695096,2022-09-14 18:43:43.696159,2022-09-14 18:54:24.010533,0:10:40.315386,20.0,16.2
2022-09-14 18:43:43.689421,2022-09-14 18:43:43.701623,2022-09-14 18:54:24.029883,0:10:40.340412,18.2,16.2
2022-09-14 18:43:43.716552,2022-09-14 18:43:43.723545,2022-09-14 18:54:24.066737,0:10:40.350114,18.2,16.2
2022-09-14 18:43:43.677482,2022-09-14 18:43:43.717508,2022-09-14 18:54:24.086730,0:10:40.409176,18.2,16.2
2022-09-14 18:43:43.734018,2022-09-14 18:43:43.740337,2022-09-14 18:54:24.103126,0:10:40.369058,20.0,16.2
2022-09-14 18:43:43.722096,2022-09-14 18:43:43.723155,2022-09-14 18:54:24.111269,0:10:40.389124,20.0,16.2
2022-09-14 18:43:43.739603,2022-09-14 18:43:43.740884,2022-09-14 18:54:24.123389,0:10:40.383738,16.7,16.2
2022-09-14 18:43:43.721948,2022-09-14 18:43:43.729301,2022-09-14 18:54:24.139683,0:10:40.417679,20.0,16.2
2022-09-14 18:43:43.740474,2022-09-14 18:43:43.746905,2022-09-14 18:54:24.151867,0:10:40.411345,25.0,16.2
2022-09-14 18:43:43.765865,2022-09-14 18:43:43.782295,2022-09-14 18:54:24.199273,0:10:40.433353,17.9,16.2
2022-09-14 18:43:43.760281,2022-09-14 18:43:43.787868,2022-09-14 18:54:24.221485,0:10:40.461151,20.0,16.2
2022-09-14 18:43:43.802853,2022-09-14 18:43:43.804504,2022-09-14 18:54:24.262483,0:10:40.459578,24.0,16.2
2022-09-14 18:43:43.751746,2022-09-14 18:43:43.793206,2022-09-14 18:54:24.274408,0:10:40.522611,14.3,16.2
2022-09-14 18:43:43.803054,2022-09-14 18:43:43.805016,2022-09-14 18:54:24.282348,0:10:40.479246,0.0,16.2
2022-09-14 18:43:43.760448,2022-09-14 18:43:43.787868,2022-09-14 18:54:24.298626,0:10:40.538128,30.0,16.2
2022-09-14 18:43:43.786620,2022-09-14 18:43:43.804262,2022-09-14 18:54:24.334776,0:10:40.548085,29.2,16.2
2022-09-14 18:43:43.820805,2022-09-14 18:43:43.827290,2022-09-14 18:54:24.348773,0:10:40.527919,0.0,16.2
2022-09-14 18:43:43.786959,2022-09-14 18:43:43.804410,2022-09-14 18:54:24.358960,0:10:40.571952,28.6,16.2
2022-09-14 18:43:43.821024,2022-09-14 18:43:43.828521,2022-09-14 18:54:24.376800,0:10:40.555725,10.0,16.2
2022-09-14 18:43:43.809494,2022-09-14 18:43:43.821521,2022-09-14 18:54:24.384931,0:10:40.575386,20.0,16.2
2022-09-14 18:43:43.804091,2022-09-14 18:43:43.828414,2022-09-14 18:54:24.400958,0:10:40.596816,22.2,16.2
2022-09-14 18:43:43.827284,2022-09-14 18:43:43.834067,2022-09-14 18:54:24.431550,0:10:40.604213,21.1,16.2
2022-09-14 18:43:43.827019,2022-09-14 18:43:43.834539,2022-09-14 18:54:24.443536,0:10:40.616468,14.3,16.2
2022-09-14 18:43:43.850854,2022-09-14 18:43:43.857360,2022-09-14 18:54:24.468922,0:10:40.618019,20.0,16.2
2022-09-14 18:43:43.856221,2022-09-14 18:43:43.857361,2022-09-14 18:54:24.479919,0:10:40.623650,16.7,16.2
2022-09-14 18:43:43.878883,2022-09-14 18:43:43.879811,2022-09-14 18:54:24.533850,0:10:40.654917,21.2,16.2
2022-09-14 18:43:43.873245,2022-09-14 18:43:43.874306,2022-09-14 18:54:24.543973,0:10:40.670679,28.6,16.2
2022-09-14 18:43:43.884649,2022-09-14 18:43:43.902679,2022-09-14 18:54:24.554174,0:10:40.669478,16.7,16.2
2022-09-14 18:43:43.884786,2022-09-14 18:43:43.896979,2022-09-14 18:54:24.566092,0:10:40.681257,28.6,16.2
2022-09-14 18:43:43.873077,2022-09-14 18:43:43.896816,2022-09-14 18:54:24.588157,0:10:40.715032,21.4,16.2
2022-09-14 18:43:43.923418,2022-09-14 18:43:43.924443,2022-09-14 18:54:24.604273,0:10:40.680806,22.2,16.2
2022-09-14 18:43:43.890605,2022-09-14 18:43:43.924348,2022-09-14 18:54:24.614295,0:10:40.723641,0.0,16.2
2022-09-14 18:43:43.896029,2022-09-14 18:43:43.902658,2022-09-14 18:54:24.627127,0:10:40.731049,25.0,16.1
2022-09-14 18:43:43.890383,2022-09-14 18:43:43.897034,2022-09-14 18:54:24.632292,0:10:40.741862,33.3,16.1
2022-09-14 18:43:43.952042,2022-09-14 18:43:43.962347,2022-09-14 18:54:24.712711,0:10:40.760615,16.7,16.1
2022-09-14 18:43:43.945876,2022-09-14 18:43:43.973247,2022-09-14 18:54:24.720695,0:10:40.774754,25.0,16.1
2022-09-14 18:43:43.917690,2022-09-14 18:43:43.973325,2022-09-14 18:54:24.734675,0:10:40.816929,22.2,16.1
2022-09-14 18:43:43.934697,2022-09-14 18:43:43.947051,2022-09-14 18:54:24.742728,0:10:40.807968,20.0,16.1
2022-09-14 18:43:43.940427,2022-09-14 18:43:43.953188,2022-09-14 18:54:24.754949,0:10:40.814474,16.7,16.2
2022-09-14 18:43:43.951808,2022-09-14 18:43:43.953465,2022-09-14 18:54:24.771005,0:10:40.819149,11.1,16.2
2022-09-14 18:43:43.952807,2022-09-14 18:43:43.972902,2022-09-14 18:54:24.781813,0:10:40.828958,16.7,16.2
2022-09-14 18:43:43.946001,2022-09-14 18:43:43.952945,2022-09-14 18:54:24.787008,0:10:40.840960,25.0,16.2
2022-09-14 18:43:43.961665,2022-09-14 18:43:43.979300,2022-09-14 18:54:24.808942,0:10:40.847226,16.7,16.2
2022-09-14 18:43:43.995956,2022-09-14 18:43:43.996980,2022-09-14 18:54:24.839029,0:10:40.843021,26.3,16.2
2022-09-14 18:43:43.984031,2022-09-14 18:43:43.986067,2022-09-14 18:54:24.849124,0:10:40.865043,16.7,16.2
2022-09-14 18:43:43.985030,2022-09-14 18:43:43.996980,2022-09-14 18:54:24.867142,0:10:40.882062,18.2,16.2
2022-09-14 18:43:44.013115,2022-09-14 18:43:44.014070,2022-09-14 18:54:24.893204,0:10:40.880040,20.0,16.2
2022-09-14 18:43:44.007032,2022-09-14 18:43:44.014165,2022-09-14 18:54:24.927582,0:10:40.920500,15.0,16.2
2022-09-14 18:43:44.007317,2022-09-14 18:43:44.013502,2022-09-14 18:54:24.947325,0:10:40.939959,25.0,16.2
2022-09-14 18:43:44.019171,2022-09-14 18:43:44.025822,2022-09-14 18:54:24.961112,0:10:40.941892,12.5,16.2
2022-09-14 18:43:44.019546,2022-09-14 18:43:44.042579,2022-09-14 18:54:24.975289,0:10:40.955693,22.2,16.2
2022-09-14 18:43:44.013491,2022-09-14 18:43:44.036629,2022-09-14 18:54:25.003426,0:10:40.989882,18.7,16.2
2022-09-14 18:43:44.052111,2022-09-14 18:43:44.058547,2022-09-14 18:54:25.029839,0:10:40.977678,18.7,16.2
2022-09-14 18:43:44.057489,2022-09-14 18:43:44.058792,2022-09-14 18:54:25.046010,0:10:40.988472,22.2,16.2
2022-09-14 18:43:44.096048,2022-09-14 18:43:44.097013,2022-09-14 18:54:25.074200,0:10:40.978102,22.2,16.2
2022-09-14 18:43:44.058099,2022-09-14 18:43:44.065590,2022-09-14 18:54:25.098551,0:10:41.040401,20.0,16.2
2022-09-14 18:43:44.084492,2022-09-14 18:43:44.096726,2022-09-14 18:54:25.110821,0:10:41.026278,16.7,16.2
2022-09-14 18:43:44.024776,2022-09-14 18:43:44.085376,2022-09-14 18:54:25.129048,0:10:41.104222,18.2,16.2
2022-09-14 18:43:44.084979,2022-09-14 18:43:44.097185,2022-09-14 18:54:25.143284,0:10:41.058255,30.0,16.2
2022-09-14 18:43:44.090557,2022-09-14 18:43:44.109188,2022-09-14 18:54:25.153235,0:10:41.062626,20.0,16.2
2022-09-14 18:43:44.084810,2022-09-14 18:43:44.097382,2022-09-14 18:54:25.161462,0:10:41.076602,20.0,16.2
2022-09-14 18:43:44.096733,2022-09-14 18:43:44.108468,2022-09-14 18:54:25.182217,0:10:41.085425,16.7,16.2
2022-09-14 18:43:44.073783,2022-09-14 18:43:44.085217,2022-09-14 18:54:25.202217,0:10:41.128366,23.1,16.2
2022-09-14 18:43:44.119517,2022-09-14 18:43:44.125657,2022-09-14 18:54:25.230100,0:10:41.110514,18.8,16.2
2022-09-14 18:43:44.135489,2022-09-14 18:43:44.146978,2022-09-14 18:54:25.254983,0:10:41.119426,25.0,16.2
2022-09-14 18:43:44.156948,2022-09-14 18:43:44.164491,2022-09-14 18:54:25.298189,0:10:41.141175,16.7,16.2
2022-09-14 18:43:44.164076,2022-09-14 18:43:44.164979,2022-09-14 18:54:25.309430,0:10:41.145289,33.3,16.2
2022-09-14 18:43:44.163603,2022-09-14 18:43:44.164773,2022-09-14 18:54:25.315115,0:10:41.151452,60.0,16.2
2022-09-14 18:43:44.157539,2022-09-14 18:43:44.164021,2022-09-14 18:54:25.323338,0:10:41.165716,0.0,16.2
2022-09-14 18:43:44.146584,2022-09-14 18:43:44.158414,2022-09-14 18:54:25.331826,0:10:41.185180,20.0,16.2
2022-09-14 18:43:44.157104,2022-09-14 18:43:44.165195,2022-09-14 18:54:25.348279,0:10:41.191112,20.0,16.2
2022-09-14 18:43:44.146365,2022-09-14 18:43:44.171109,2022-09-14 18:54:25.373487,0:10:41.227055,21.4,16.2
2022-09-14 18:43:44.146207,2022-09-14 18:43:44.158560,2022-09-14 18:54:25.398644,0:10:41.252370,20.0,16.2
2022-09-14 18:43:44.197527,2022-09-14 18:43:44.198501,2022-09-14 18:54:25.415085,0:10:41.217497,20.0,16.2
2022-09-14 18:43:44.181240,2022-09-14 18:43:44.203659,2022-09-14 18:54:25.437800,0:10:41.256500,15.4,16.2
2022-09-14 18:43:44.219302,2022-09-14 18:43:44.220289,2022-09-14 18:54:25.482099,0:10:41.262739,25.0,16.2
2022-09-14 18:43:44.230374,2022-09-14 18:43:44.231410,2022-09-14 18:54:25.502495,0:10:41.272064,16.7,16.2
2022-09-14 18:43:44.242228,2022-09-14 18:43:44.243589,2022-09-14 18:54:25.524936,0:10:41.282651,21.4,16.2
2022-09-14 18:43:44.208402,2022-09-14 18:43:44.242623,2022-09-14 18:54:25.541051,0:10:41.332594,22.2,16.2
2022-09-14 18:43:44.231021,2022-09-14 18:43:44.242624,2022-09-14 18:54:25.549287,0:10:41.318213,20.0,16.2
2022-09-14 18:43:44.230654,2022-09-14 18:43:44.242743,2022-09-14 18:54:25.557328,0:10:41.326622,33.3,16.2
2022-09-14 18:43:44.224918,2022-09-14 18:43:44.231576,2022-09-14 18:54:25.576348,0:10:41.351362,25.0,16.2
2022-09-14 18:43:44.231267,2022-09-14 18:43:44.254837,2022-09-14 18:54:25.590438,0:10:41.359105,22.2,16.2
2022-09-14 18:43:44.241594,2022-09-14 18:43:44.249201,2022-09-14 18:54:25.621326,0:10:41.379665,17.6,16.2
2022-09-14 18:43:44.281578,2022-09-14 18:43:44.288160,2022-09-14 18:54:25.629709,0:10:41.348059,20.0,16.2
2022-09-14 18:43:44.286989,2022-09-14 18:43:44.293567,2022-09-14 18:54:25.648171,0:10:41.361114,25.0,16.2
2022-09-14 18:43:44.265132,2022-09-14 18:43:44.276992,2022-09-14 18:54:25.680582,0:10:41.415383,21.1,16.2
2022-09-14 18:43:44.292870,2022-09-14 18:43:44.294457,2022-09-14 18:54:25.700825,0:10:41.407887,16.7,16.2
2022-09-14 18:43:44.292515,2022-09-14 18:43:44.294307,2022-09-14 18:54:25.717531,0:10:41.424949,20.0,16.2
2022-09-14 18:43:44.304834,2022-09-14 18:43:44.311397,2022-09-14 18:54:25.750388,0:10:41.445487,21.1,16.2
2022-09-14 18:43:44.310524,2022-09-14 18:43:44.317454,2022-09-14 18:54:25.762825,0:10:41.452243,25.0,16.2
2022-09-14 18:43:44.294198,2022-09-14 18:43:44.328124,2022-09-14 18:54:25.779320,0:10:41.485067,20.0,16.2
2022-09-14 18:43:44.293341,2022-09-14 18:43:44.311725,2022-09-14 18:54:25.797667,0:10:41.504266,10.0,16.2
2022-09-14 18:43:44.304664,2022-09-14 18:43:44.322798,2022-09-14 18:54:25.815927,0:10:41.511210,25.0,16.2
2022-09-14 18:43:44.343241,2022-09-14 18:43:44.344624,2022-09-14 18:54:25.823910,0:10:41.480619,25.0,16.2
2022-09-14 18:43:44.343718,2022-09-14 18:43:44.345207,2022-09-14 18:54:25.898069,0:10:41.554295,18.2,16.2
2022-09-14 18:43:44.355141,2022-09-14 18:43:44.383827,2022-09-14 18:54:25.909015,0:10:41.553821,28.6,16.2
2022-09-14 18:43:44.366855,2022-09-14 18:43:44.367809,2022-09-14 18:54:25.923088,0:10:41.556181,22.2,16.2
2022-09-14 18:43:44.366218,2022-09-14 18:43:44.378539,2022-09-14 18:54:25.932984,0:10:41.566717,16.7,16.2
2022-09-14 18:43:44.388607,2022-09-14 18:43:44.394777,2022-09-14 18:54:25.943020,0:10:41.554364,33.3,16.2
2022-09-14 18:43:44.377574,2022-09-14 18:43:44.395187,2022-09-14 18:54:25.950991,0:10:41.573369,0.0,16.2
2022-09-14 18:43:44.354976,2022-09-14 18:43:44.367757,2022-09-14 18:54:25.963640,0:10:41.608616,25.0,16.2
2022-09-14 18:43:44.366001,2022-09-14 18:43:44.373287,2022-09-14 18:54:25.968838,0:10:41.602789,0.0,16.2
2022-09-14 18:43:44.366561,2022-09-14 18:43:44.389030,2022-09-14 18:54:25.984950,0:10:41.618341,22.2,16.2
2022-09-14 18:43:44.406967,2022-09-14 18:43:44.413337,2022-09-14 18:54:26.011384,0:10:41.604363,25.0,16.2
2022-09-14 18:43:44.406783,2022-09-14 18:43:44.438721,2022-09-14 18:54:26.087953,0:10:41.681116,17.4,16.2
2022-09-14 18:43:44.420346,2022-09-14 18:43:44.432847,2022-09-14 18:54:26.096151,0:10:41.675754,25.0,16.2
2022-09-14 18:43:44.431382,2022-09-14 18:43:44.438742,2022-09-14 18:54:26.108824,0:10:41.677392,14.3,16.2
2022-09-14 18:43:44.431524,2022-09-14 18:43:44.438476,2022-09-14 18:54:26.114039,0:10:41.682465,0.0,16.2
2022-09-14 18:43:44.432260,2022-09-14 18:43:44.438431,2022-09-14 18:54:26.124114,0:10:41.691805,33.3,16.2
2022-09-14 18:43:44.437832,2022-09-14 18:43:44.449753,2022-09-14 18:54:26.159032,0:10:41.721151,22.7,16.2
2022-09-14 18:43:44.431665,2022-09-14 18:43:44.433195,2022-09-14 18:54:26.164448,0:10:41.732734,25.0,16.2
2022-09-14 18:43:44.476126,2022-09-14 18:43:44.477446,2022-09-14 18:54:26.185150,0:10:41.708975,16.7,16.2
2022-09-14 18:43:44.465449,2022-09-14 18:43:44.477335,2022-09-14 18:54:26.190487,0:10:41.724990,33.3,16.2
2022-09-14 18:43:44.420621,2022-09-14 18:43:44.438859,2022-09-14 18:54:26.240159,0:10:41.819487,17.2,16.2
2022-09-14 18:43:44.482326,2022-09-14 18:43:44.504209,2022-09-14 18:54:26.266579,0:10:41.784202,18.7,16.2
2022-09-14 18:43:44.502596,2022-09-14 18:43:44.515346,2022-09-14 18:54:26.284433,0:10:41.781787,20.0,16.2
2022-09-14 18:43:44.497035,2022-09-14 18:43:44.504247,2022-09-14 18:54:26.299626,0:10:41.802541,11.1,16.2
2022-09-14 18:43:44.503244,2022-09-14 18:43:44.514987,2022-09-14 18:54:26.305054,0:10:41.801761,33.3,16.2
2022-09-14 18:43:44.502946,2022-09-14 18:43:44.503942,2022-09-14 18:54:26.331098,0:10:41.828102,18.7,16.2
2022-09-14 18:43:44.488262,2022-09-14 18:43:44.521114,2022-09-14 18:54:26.339310,0:10:41.850998,25.0,16.2
2022-09-14 18:43:44.482526,2022-09-14 18:43:44.514831,2022-09-14 18:54:26.351240,0:10:41.868665,14.3,16.2
2022-09-14 18:43:44.514037,2022-09-14 18:43:44.515563,2022-09-14 18:54:26.377170,0:10:41.863085,23.5,16.2
2022-09-14 18:43:44.531861,2022-09-14 18:43:44.532917,2022-09-14 18:54:26.391367,0:10:41.859456,25.0,16.2
2022-09-14 18:43:44.543502,2022-09-14 18:43:44.544846,2022-09-14 18:54:26.425518,0:10:41.881956,15.8,16.2
2022-09-14 18:43:44.543899,2022-09-14 18:43:44.551030,2022-09-14 18:54:26.433750,0:10:41.889801,33.3,16.2
2022-09-14 18:43:44.538037,2022-09-14 18:43:44.544880,2022-09-14 18:54:26.441786,0:10:41.903700,20.0,16.2
2022-09-14 18:43:44.582020,2022-09-14 18:43:44.616081,2022-09-14 18:54:26.514016,0:10:41.931946,18.6,16.2
2022-09-14 18:43:44.566586,2022-09-14 18:43:44.567559,2022-09-14 18:54:26.534205,0:10:41.967567,23.1,16.2
2022-09-14 18:43:44.614970,2022-09-14 18:43:44.627088,2022-09-14 18:54:26.550294,0:10:41.935273,22.2,16.2
2022-09-14 18:43:44.582351,2022-09-14 18:43:44.627182,2022-09-14 18:54:26.564373,0:10:41.981973,30.0,16.2
2022-09-14 18:43:44.560988,2022-09-14 18:43:44.577655,2022-09-14 18:54:26.572540,0:10:42.011503,20.0,16.2
2022-09-14 18:43:44.593081,2022-09-14 18:43:44.599181,2022-09-14 18:54:26.586425,0:10:41.993296,12.5,16.2
2022-09-14 18:43:44.609262,2022-09-14 18:43:44.615686,2022-09-14 18:54:26.596601,0:10:41.987290,33.3,16.2
2022-09-14 18:43:44.609420,2022-09-14 18:43:44.616200,2022-09-14 18:54:26.610726,0:10:42.001244,22.2,16.2
2022-09-14 18:43:44.582190,2022-09-14 18:43:44.627126,2022-09-14 18:54:26.636676,0:10:42.054428,13.3,16.2
2022-09-14 18:43:44.626575,2022-09-14 18:43:44.633132,2022-09-14 18:54:26.678577,0:10:42.051953,16.7,16.2
2022-09-14 18:43:44.675948,2022-09-14 18:43:44.677900,2022-09-14 18:54:26.700772,0:10:42.024774,16.7,16.2
2022-09-14 18:43:44.677041,2022-09-14 18:43:44.683868,2022-09-14 18:54:26.708771,0:10:42.031681,20.0,16.2
2022-09-14 18:43:44.676862,2022-09-14 18:43:44.683805,2022-09-14 18:54:26.716728,0:10:42.039817,20.0,16.2
2022-09-14 18:43:44.642775,2022-09-14 18:43:44.677389,2022-09-14 18:54:26.728710,0:10:42.085886,16.7,16.2
2022-09-14 18:43:44.626711,2022-09-14 18:43:44.654759,2022-09-14 18:54:26.745318,0:10:42.118559,20.0,16.2
2022-09-14 18:43:44.642998,2022-09-14 18:43:44.676988,2022-09-14 18:54:26.750531,0:10:42.107486,25.0,16.2
2022-09-14 18:43:44.676652,2022-09-14 18:43:44.684482,2022-09-14 18:54:26.762729,0:10:42.086016,16.7,16.2
2022-09-14 18:43:44.659649,2022-09-14 18:43:44.684297,2022-09-14 18:54:26.774772,0:10:42.115057,14.3,16.2
2022-09-14 18:43:44.670377,2022-09-14 18:43:44.676572,2022-09-14 18:54:26.786793,0:10:42.116368,25.0,16.2
2022-09-14 18:43:44.707074,2022-09-14 18:43:44.713281,2022-09-14 18:54:26.820338,0:10:42.113214,15.8,16.2
2022-09-14 18:43:44.734233,2022-09-14 18:43:44.746447,2022-09-14 18:54:26.866942,0:10:42.132658,17.9,16.2
2022-09-14 18:43:44.745770,2022-09-14 18:43:44.746883,2022-09-14 18:54:26.881792,0:10:42.135973,12.5,16.2
2022-09-14 18:43:44.701275,2022-09-14 18:43:44.729627,2022-09-14 18:54:26.887011,0:10:42.185687,33.3,16.2
2022-09-14 18:43:44.723341,2022-09-14 18:43:44.729449,2022-09-14 18:54:26.900798,0:10:42.177409,22.2,16.2
2022-09-14 18:43:44.739803,2022-09-14 18:43:44.746447,2022-09-14 18:54:26.908999,0:10:42.169147,25.0,16.2
2022-09-14 18:43:44.706738,2022-09-14 18:43:44.748096,2022-09-14 18:54:26.936852,0:10:42.230065,17.6,16.2
2022-09-14 18:43:44.745311,2022-09-14 18:43:44.746883,2022-09-14 18:54:26.946877,0:10:42.201517,33.3,16.2
2022-09-14 18:43:44.769172,2022-09-14 18:43:44.775521,2022-09-14 18:54:26.991174,0:10:42.221951,15.4,16.2
2022-09-14 18:43:44.739568,2022-09-14 18:43:44.759030,2022-09-14 18:54:26.999231,0:10:42.259614,20.0,16.2
2022-09-14 18:43:44.745187,2022-09-14 18:43:44.775570,2022-09-14 18:54:27.011365,0:10:42.266128,16.7,16.2
2022-09-14 18:43:44.768987,2022-09-14 18:43:44.775713,2022-09-14 18:54:27.025495,0:10:42.256458,22.2,16.2
2022-09-14 18:43:44.774582,2022-09-14 18:43:44.775932,2022-09-14 18:54:27.033431,0:10:42.258799,20.0,16.2
2022-09-14 18:43:44.792043,2022-09-14 18:43:44.798671,2022-09-14 18:54:27.105761,0:10:42.313661,20.5,16.2
2022-09-14 18:43:44.803494,2022-09-14 18:43:44.810456,2022-09-14 18:54:27.127998,0:10:42.324451,23.1,16.2
2022-09-14 18:43:44.809107,2022-09-14 18:43:44.821065,2022-09-14 18:54:27.148925,0:10:42.339765,16.7,16.2
2022-09-14 18:43:44.797655,2022-09-14 18:43:44.821141,2022-09-14 18:54:27.154190,0:10:42.356485,0.0,16.2
2022-09-14 18:43:44.820214,2022-09-14 18:43:44.832374,2022-09-14 18:54:27.166409,0:10:42.346144,28.6,16.2
2022-09-14 18:43:44.863499,2022-09-14 18:43:44.864592,2022-09-14 18:54:27.174356,0:10:42.310805,20.0,16.2
2022-09-14 18:43:44.808968,2022-09-14 18:43:44.815776,2022-09-14 18:54:27.186786,0:10:42.377762,25.0,16.2
2022-09-14 18:43:44.852798,2022-09-14 18:43:44.876151,2022-09-14 18:54:27.220975,0:10:42.368116,20.0,16.2
2022-09-14 18:43:44.831202,2022-09-14 18:43:44.853825,2022-09-14 18:54:27.237140,0:10:42.405881,20.0,16.2
2022-09-14 18:43:44.842265,2022-09-14 18:43:44.853573,2022-09-14 18:54:27.245201,0:10:42.402879,20.0,16.2
2022-09-14 18:43:44.869464,2022-09-14 18:43:44.881570,2022-09-14 18:54:27.279442,0:10:42.409924,20.0,16.2
2022-09-14 18:43:44.863898,2022-09-14 18:43:44.882571,2022-09-14 18:54:27.287435,0:10:42.423488,20.0,16.2
2022-09-14 18:43:44.880922,2022-09-14 18:43:44.883594,2022-09-14 18:54:27.295344,0:10:42.414373,0.0,16.2
2022-09-14 18:43:44.869759,2022-09-14 18:43:44.876197,2022-09-14 18:54:27.309508,0:10:42.439699,22.2,16.2
2022-09-14 18:43:44.881477,2022-09-14 18:43:44.883251,2022-09-14 18:54:27.327685,0:10:42.446147,36.4,16.2
2022-09-14 18:43:44.809285,2022-09-14 18:43:44.832607,2022-09-14 18:54:27.350634,0:10:42.541293,15.4,16.2
2022-09-14 18:43:44.899583,2022-09-14 18:43:44.900610,2022-09-14 18:54:27.355991,0:10:42.456358,25.0,16.2
2022-09-14 18:43:44.911128,2022-09-14 18:43:44.917303,2022-09-14 18:54:27.372020,0:10:42.460842,22.2,16.2
2022-09-14 18:43:44.916662,2022-09-14 18:43:44.933809,2022-09-14 18:54:27.410033,0:10:42.493320,17.4,16.2
2022-09-14 18:43:44.882036,2022-09-14 18:43:44.922816,2022-09-14 18:54:27.418017,0:10:42.535931,25.0,16.2
2022-09-14 18:43:44.933080,2022-09-14 18:43:44.934173,2022-09-14 18:54:27.452071,0:10:42.518941,26.1,16.2
2022-09-14 18:43:44.932686,2022-09-14 18:43:44.933809,2022-09-14 18:54:27.469816,0:10:42.537081,11.1,16.2
2022-09-14 18:43:44.932526,2022-09-14 18:43:44.934485,2022-09-14 18:54:27.477924,0:10:42.545349,20.0,16.2
2022-09-14 18:43:44.933403,2022-09-14 18:43:44.946320,2022-09-14 18:54:27.493834,0:10:42.560382,20.0,16.2
2022-09-14 18:43:44.951192,2022-09-14 18:43:44.957400,2022-09-14 18:54:27.503935,0:10:42.552694,33.3,16.2
2022-09-14 18:43:44.945050,2022-09-14 18:43:44.946072,2022-09-14 18:54:27.541906,0:10:42.596802,20.8,16.2
2022-09-14 18:43:44.973594,2022-09-14 18:43:44.974572,2022-09-14 18:54:27.570261,0:10:42.596617,17.6,16.2
2022-09-14 18:43:44.984496,2022-09-14 18:43:44.985667,2022-09-14 18:54:27.588243,0:10:42.603697,27.3,16.2
2022-09-14 18:43:44.995680,2022-09-14 18:43:44.997274,2022-09-14 18:54:27.609987,0:10:42.614258,15.4,16.2
2022-09-14 18:43:44.978987,2022-09-14 18:43:44.985667,2022-09-14 18:54:27.628040,0:10:42.649003,33.3,16.2
2022-09-14 18:43:44.996315,2022-09-14 18:43:44.997889,2022-09-14 18:54:27.648563,0:10:42.652199,16.7,16.2
2022-09-14 18:43:44.979213,2022-09-14 18:43:44.996370,2022-09-14 18:54:27.666058,0:10:42.686795,11.1,16.2
2022-09-14 18:43:44.996731,2022-09-14 18:43:45.019713,2022-09-14 18:54:27.679940,0:10:42.683160,22.2,16.2
2022-09-14 18:43:44.996934,2022-09-14 18:43:45.003284,2022-09-14 18:54:27.690660,0:10:42.693670,16.7,16.2
2022-09-14 18:43:45.007995,2022-09-14 18:43:45.025563,2022-09-14 18:54:27.714943,0:10:42.706899,20.0,16.2
2022-09-14 18:43:45.019075,2022-09-14 18:43:45.025563,2022-09-14 18:54:27.732934,0:10:42.713809,20.0,16.2
2022-09-14 18:43:45.044553,2022-09-14 18:43:45.050805,2022-09-14 18:54:27.749135,0:10:42.704533,11.1,16.2
2022-09-14 18:43:45.036286,2022-09-14 18:43:45.050921,2022-09-14 18:54:27.757087,0:10:42.720753,33.3,16.2
2022-09-14 18:43:45.044347,2022-09-14 18:43:45.051594,2022-09-14 18:54:27.784520,0:10:42.740124,18.7,16.2
2022-09-14 18:43:45.061564,2022-09-14 18:43:45.062836,2022-09-14 18:54:27.821505,0:10:42.759877,18.2,16.2
2022-09-14 18:43:45.050683,2022-09-14 18:43:45.063375,2022-09-14 18:54:27.829556,0:10:42.778817,33.3,16.2
2022-09-14 18:43:45.061434,2022-09-14 18:43:45.074436,2022-09-14 18:54:27.844121,0:10:42.782614,25.0,16.2
2022-09-14 18:43:45.073305,2022-09-14 18:43:45.074749,2022-09-14 18:54:27.860684,0:10:42.787304,20.0,16.2
2022-09-14 18:43:45.056015,2022-09-14 18:43:45.074749,2022-09-14 18:54:27.872553,0:10:42.816474,25.0,16.2
2022-09-14 18:43:45.090665,2022-09-14 18:43:45.102691,2022-09-14 18:54:27.897958,0:10:42.807226,20.0,16.2
2022-09-14 18:43:45.074339,2022-09-14 18:43:45.091381,2022-09-14 18:54:27.915785,0:10:42.841378,18.2,16.2
2022-09-14 18:43:45.101201,2022-09-14 18:43:45.103021,2022-09-14 18:54:27.956358,0:10:42.855088,20.0,16.2
2022-09-14 18:43:45.126966,2022-09-14 18:43:45.129490,2022-09-14 18:54:27.986912,0:10:42.859878,22.2,16.2
2022-09-14 18:43:45.127133,2022-09-14 18:43:45.129184,2022-09-14 18:54:27.997659,0:10:42.870449,28.6,16.2
2022-09-14 18:43:45.107896,2022-09-14 18:43:45.128041,2022-09-14 18:54:28.005971,0:10:42.898009,20.0,16.2
2022-09-14 18:43:45.113718,2022-09-14 18:43:45.114703,2022-09-14 18:54:28.014350,0:10:42.900563,20.0,16.2
2022-09-14 18:43:45.127515,2022-09-14 18:43:45.128872,2022-09-14 18:54:28.037107,0:10:42.909526,21.4,16.2
2022-09-14 18:43:45.127822,2022-09-14 18:43:45.129386,2022-09-14 18:54:28.049542,0:10:42.921660,14.3,16.2
2022-09-14 18:43:45.134277,2022-09-14 18:43:45.135656,2022-09-14 18:54:28.061812,0:10:42.927479,37.5,16.2
2022-09-14 18:43:45.146270,2022-09-14 18:43:45.167538,2022-09-14 18:54:28.103811,0:10:42.957486,19.2,16.2
2022-09-14 18:43:45.161432,2022-09-14 18:43:45.173103,2022-09-14 18:54:28.126137,0:10:42.964651,16.7,16.2
2022-09-14 18:43:45.177635,2022-09-14 18:43:45.184301,2022-09-14 18:54:28.150576,0:10:42.972888,20.0,16.2
2022-09-14 18:43:45.189558,2022-09-14 18:43:45.190480,2022-09-14 18:54:28.166765,0:10:42.977142,20.0,16.2
2022-09-14 18:43:45.189007,2022-09-14 18:43:45.190223,2022-09-14 18:54:28.206841,0:10:43.017781,17.4,16.2
2022-09-14 18:43:45.189216,2022-09-14 18:43:45.190682,2022-09-14 18:54:28.221012,0:10:43.031745,12.5,16.2
2022-09-14 18:43:45.182939,2022-09-14 18:43:45.189445,2022-09-14 18:54:28.226469,0:10:43.043480,33.3,16.2
2022-09-14 18:43:45.190218,2022-09-14 18:43:45.191394,2022-09-14 18:54:28.237251,0:10:43.046983,14.3,16.2
2022-09-14 18:43:45.195882,2022-09-14 18:43:45.207515,2022-09-14 18:54:28.257120,0:10:43.061189,18.2,16.2
2022-09-14 18:43:45.177489,2022-09-14 18:43:45.184227,2022-09-14 18:54:28.277023,0:10:43.099483,16.7,16.2
2022-09-14 18:43:45.206913,2022-09-14 18:43:45.208075,2022-09-14 18:54:28.285186,0:10:43.078223,25.0,16.2
2022-09-14 18:43:45.228507,2022-09-14 18:43:45.229532,2022-09-14 18:54:28.305271,0:10:43.076715,23.1,16.2
2022-09-14 18:43:45.244539,2022-09-14 18:43:45.246042,2022-09-14 18:54:28.344797,0:10:43.100209,20.8,16.2
2022-09-14 18:43:45.251438,2022-09-14 18:43:45.257912,2022-09-14 18:54:28.363513,0:10:43.112027,18.2,16.2
2022-09-14 18:43:45.244873,2022-09-14 18:43:45.246675,2022-09-14 18:54:28.395761,0:10:43.150837,23.8,16.2
2022-09-14 18:43:45.245655,2022-09-14 18:43:45.246675,2022-09-14 18:54:28.405765,0:10:43.160061,20.0,16.2
2022-09-14 18:43:45.262434,2022-09-14 18:43:45.263335,2022-09-14 18:54:28.415895,0:10:43.153412,28.6,16.2
2022-09-14 18:43:45.256851,2022-09-14 18:43:45.257823,2022-09-14 18:54:28.429751,0:10:43.172852,22.2,16.2
2022-09-14 18:43:45.284120,2022-09-14 18:43:45.290932,2022-09-14 18:54:28.481753,0:10:43.197582,19.4,16.2
2022-09-14 18:43:45.306692,2022-09-14 18:43:45.313345,2022-09-14 18:54:28.495702,0:10:43.188951,25.0,16.2
2022-09-14 18:43:45.267719,2022-09-14 18:43:45.284697,2022-09-14 18:54:28.507680,0:10:43.239902,14.3,16.2
2022-09-14 18:43:45.289463,2022-09-14 18:43:45.291201,2022-09-14 18:54:28.517697,0:10:43.228177,16.7,16.2
2022-09-14 18:43:45.312590,2022-09-14 18:43:45.313679,2022-09-14 18:54:28.542917,0:10:43.230276,29.4,16.2
2022-09-14 18:43:45.324516,2022-09-14 18:43:45.331147,2022-09-14 18:54:28.559695,0:10:43.235122,11.1,16.2
2022-09-14 18:43:45.306911,2022-09-14 18:43:45.313586,2022-09-14 18:54:28.579684,0:10:43.272708,16.7,16.2
2022-09-14 18:43:45.318431,2022-09-14 18:43:45.341918,2022-09-14 18:54:28.587928,0:10:43.269448,25.0,16.2
2022-09-14 18:43:45.251273,2022-09-14 18:43:45.268821,2022-09-14 18:54:28.604682,0:10:43.353351,20.0,16.2
2022-09-14 18:43:45.330138,2022-09-14 18:43:45.342022,2022-09-14 18:54:28.610064,0:10:43.279877,0.0,16.2
2022-09-14 18:43:45.329975,2022-09-14 18:43:45.342723,2022-09-14 18:54:28.618066,0:10:43.288044,40.0,16.2
2022-09-14 18:43:45.375151,2022-09-14 18:43:45.376076,2022-09-14 18:54:28.689239,0:10:43.314034,18.6,16.2
2022-09-14 18:43:45.368945,2022-09-14 18:43:45.381354,2022-09-14 18:54:28.701804,0:10:43.332806,25.0,16.2
2022-09-14 18:43:45.374712,2022-09-14 18:43:45.375871,2022-09-14 18:54:28.719511,0:10:43.344744,20.0,16.2
2022-09-14 18:43:45.347490,2022-09-14 18:43:45.364442,2022-09-14 18:54:28.752699,0:10:43.405149,20.0,16.2
2022-09-14 18:43:45.312370,2022-09-14 18:43:45.369869,2022-09-14 18:54:28.761017,0:10:43.448596,0.0,16.2
2022-09-14 18:43:45.374534,2022-09-14 18:43:45.375709,2022-09-14 18:54:28.769087,0:10:43.394504,33.3,16.2
2022-09-14 18:43:45.392319,2022-09-14 18:43:45.399113,2022-09-14 18:54:28.777427,0:10:43.385055,20.0,16.2
2022-09-14 18:43:45.381059,2022-09-14 18:43:45.387053,2022-09-14 18:54:28.787896,0:10:43.406788,16.7,16.2
2022-09-14 18:43:45.363577,2022-09-14 18:43:45.369643,2022-09-14 18:54:28.815999,0:10:43.452371,23.5,16.2
2022-09-14 18:43:45.392121,2022-09-14 18:43:45.409542,2022-09-14 18:54:28.826011,0:10:43.433841,0.0,16.2
2022-09-14 18:43:45.409075,2022-09-14 18:43:45.431257,2022-09-14 18:54:28.861852,0:10:43.452727,19.0,16.2
2022-09-14 18:43:45.392621,2022-09-14 18:43:45.425332,2022-09-14 18:54:28.869774,0:10:43.477105,33.3,16.2
2022-09-14 18:43:45.436299,2022-09-14 18:43:45.437519,2022-09-14 18:54:28.878049,0:10:43.441701,20.0,16.2
2022-09-14 18:43:45.429951,2022-09-14 18:43:45.431453,2022-09-14 18:54:28.890069,0:10:43.460071,25.0,16.2
2022-09-14 18:43:45.436875,2022-09-14 18:43:45.438298,2022-09-14 18:54:28.910005,0:10:43.473080,25.0,16.2
2022-09-14 18:43:45.436090,2022-09-14 18:43:45.437788,2022-09-14 18:54:28.934357,0:10:43.498214,20.0,16.2
2022-09-14 18:43:45.459564,2022-09-14 18:43:45.466426,2022-09-14 18:54:28.944522,0:10:43.484906,37.5,16.2
2022-09-14 18:43:45.453983,2022-09-14 18:43:45.460740,2022-09-14 18:54:28.978301,0:10:43.524267,15.8,16.2
2022-09-14 18:43:45.453793,2022-09-14 18:43:45.472022,2022-09-14 18:54:29.000801,0:10:43.546954,15.4,16.2
2022-09-14 18:43:45.459732,2022-09-14 18:43:45.466145,2022-09-14 18:54:29.009387,0:10:43.549601,25.0,16.2
2022-09-14 18:43:45.453640,2022-09-14 18:43:45.472080,2022-09-14 18:54:29.032012,0:10:43.578322,26.7,16.2
2022-09-14 18:43:45.487327,2022-09-14 18:43:45.488242,2022-09-14 18:54:29.040126,0:10:43.552749,0.0,16.2
2022-09-14 18:43:45.493321,2022-09-14 18:43:45.499456,2022-09-14 18:54:29.062244,0:10:43.568872,15.4,16.2
2022-09-14 18:43:45.504564,2022-09-14 18:43:45.517011,2022-09-14 18:54:29.092125,0:10:43.587509,22.2,16.2
2022-09-14 18:43:45.521717,2022-09-14 18:43:45.522671,2022-09-14 18:54:29.105431,0:10:43.583658,14.3,16.2
2022-09-14 18:43:45.516356,2022-09-14 18:43:45.539074,2022-09-14 18:54:29.143160,0:10:43.626749,20.8,16.2
2022-09-14 18:43:45.498646,2022-09-14 18:43:45.511416,2022-09-14 18:54:29.175965,0:10:43.677264,16.7,16.2
2022-09-14 18:43:45.531866,2022-09-14 18:43:45.539201,2022-09-14 18:54:29.194669,0:10:43.662741,10.0,16.2
2022-09-14 18:43:45.560247,2022-09-14 18:43:45.567212,2022-09-14 18:54:29.217442,0:10:43.657142,21.4,16.2
2022-09-14 18:43:45.516062,2022-09-14 18:43:45.539160,2022-09-14 18:54:29.225704,0:10:43.709585,20.0,16.2
2022-09-14 18:43:45.499021,2022-09-14 18:43:45.533223,2022-09-14 18:54:29.243615,0:10:43.744543,27.3,16.2
2022-09-14 18:43:45.583904,2022-09-14 18:43:45.584937,2022-09-14 18:54:29.283555,0:10:43.699599,16.7,16.2
2022-09-14 18:43:45.548887,2022-09-14 18:43:45.566773,2022-09-14 18:54:29.295807,0:10:43.746868,28.6,16.2
2022-09-14 18:43:45.532859,2022-09-14 18:43:45.555309,2022-09-14 18:54:29.306459,0:10:43.773550,0.0,16.2
2022-09-14 18:43:45.577594,2022-09-14 18:43:45.579139,2022-09-14 18:54:29.311733,0:10:43.734089,33.3,16.2
2022-09-14 18:43:45.560022,2022-09-14 18:43:45.573027,2022-09-14 18:54:29.322254,0:10:43.762183,16.7,16.2
2022-09-14 18:43:45.594616,2022-09-14 18:43:45.595641,2022-09-14 18:54:29.347527,0:10:43.752857,25.0,16.2
2022-09-14 18:43:45.565771,2022-09-14 18:43:45.579139,2022-09-14 18:54:29.353133,0:10:43.787310,25.0,16.2
2022-09-14 18:43:45.566508,2022-09-14 18:43:45.595834,2022-09-14 18:54:29.369393,0:10:43.802836,22.2,16.2
2022-09-14 18:43:45.605739,2022-09-14 18:43:45.617683,2022-09-14 18:54:29.394242,0:10:43.788446,20.0,16.2
2022-09-14 18:43:45.611220,2022-09-14 18:43:45.628929,2022-09-14 18:54:29.417233,0:10:43.805957,21.4,16.2
2022-09-14 18:43:45.594476,2022-09-14 18:43:45.617920,2022-09-14 18:54:29.448109,0:10:43.853579,16.7,16.2
2022-09-14 18:43:45.622544,2022-09-14 18:43:45.629492,2022-09-14 18:54:29.466091,0:10:43.843494,18.2,16.2
2022-09-14 18:43:45.628418,2022-09-14 18:43:45.646924,2022-09-14 18:54:29.476473,0:10:43.848004,16.7,16.2
2022-09-14 18:43:45.645218,2022-09-14 18:43:45.646128,2022-09-14 18:54:29.484678,0:10:43.839403,25.0,16.2
2022-09-14 18:43:45.627995,2022-09-14 18:43:45.646924,2022-09-14 18:54:29.512836,0:10:43.884791,17.6,16.2
2022-09-14 18:43:45.657063,2022-09-14 18:43:45.668553,2022-09-14 18:54:29.541404,0:10:43.884280,17.6,16.2
2022-09-14 18:43:45.628647,2022-09-14 18:43:45.640497,2022-09-14 18:54:29.561811,0:10:43.933094,25.0,16.2
2022-09-14 18:43:45.673473,2022-09-14 18:43:45.685253,2022-09-14 18:54:29.580398,0:10:43.906875,18.2,16.2
2022-09-14 18:43:45.684243,2022-09-14 18:43:45.690738,2022-09-14 18:54:29.611750,0:10:43.927451,21.1,16.2
2022-09-14 18:43:45.690035,2022-09-14 18:43:45.701580,2022-09-14 18:54:29.617036,0:10:43.926951,0.0,16.2
2022-09-14 18:43:45.667626,2022-09-14 18:43:45.708157,2022-09-14 18:54:29.627031,0:10:43.959355,33.3,16.2
2022-09-14 18:43:45.645959,2022-09-14 18:43:45.646943,2022-09-14 18:54:29.639105,0:10:43.993096,14.3,16.2
2022-09-14 18:43:45.699928,2022-09-14 18:43:45.707885,2022-09-14 18:54:29.681858,0:10:43.981880,19.2,16.2
2022-09-14 18:43:45.678800,2022-09-14 18:43:45.701277,2022-09-14 18:54:29.689108,0:10:44.010258,25.0,16.2
2022-09-14 18:43:45.700782,2022-09-14 18:43:45.719997,2022-09-14 18:54:29.708992,0:10:44.008157,16.7,16.2
2022-09-14 18:43:45.706733,2022-09-14 18:43:45.720036,2022-09-14 18:54:29.728158,0:10:44.021374,18.2,16.3
2022-09-14 18:43:45.707199,2022-09-14 18:43:45.719590,2022-09-14 18:54:29.736166,0:10:44.028917,20.0,16.3
2022-09-14 18:43:45.746300,2022-09-14 18:43:45.747257,2022-09-14 18:54:29.750054,0:10:44.003705,25.0,16.2
2022-09-14 18:43:45.718403,2022-09-14 18:43:45.719997,2022-09-14 18:54:29.770258,0:10:44.051806,23.1,16.2
2022-09-14 18:43:45.729990,2022-09-14 18:43:45.741889,2022-09-14 18:54:29.790283,0:10:44.060244,18.2,16.2
2022-09-14 18:43:45.769221,2022-09-14 18:43:45.770664,2022-09-14 18:54:29.812496,0:10:44.043225,26.7,16.2
2022-09-14 18:43:45.769379,2022-09-14 18:43:45.770414,2022-09-14 18:54:29.840556,0:10:44.071128,13.3,16.2
2022-09-14 18:43:45.735733,2022-09-14 18:43:45.753377,2022-09-14 18:54:29.856708,0:10:44.120899,20.0,16.2
2022-09-14 18:43:45.763614,2022-09-14 18:43:45.770664,2022-09-14 18:54:29.877438,0:10:44.113770,16.7,16.2
2022-09-14 18:43:45.763818,2022-09-14 18:43:45.781859,2022-09-14 18:54:29.882853,0:10:44.118986,25.0,16.2
2022-09-14 18:43:45.775226,2022-09-14 18:43:45.781911,2022-09-14 18:54:29.902979,0:10:44.127699,18.2,16.2
2022-09-14 18:43:45.781161,2022-09-14 18:43:45.793465,2022-09-14 18:54:29.925646,0:10:44.144435,15.4,16.2
2022-09-14 18:43:45.808768,2022-09-14 18:43:45.815469,2022-09-14 18:54:29.939609,0:10:44.130791,30.0,16.2
2022-09-14 18:43:45.792310,2022-09-14 18:43:45.793584,2022-09-14 18:54:29.949874,0:10:44.157514,16.7,16.1
2022-09-14 18:43:45.786692,2022-09-14 18:43:45.809839,2022-09-14 18:54:29.972014,0:10:44.185273,23.1,16.1
2022-09-14 18:43:45.835121,2022-09-14 18:43:45.852275,2022-09-14 18:54:29.993764,0:10:44.158595,15.4,16.1
2022-09-14 18:43:45.825240,2022-09-14 18:43:45.857631,2022-09-14 18:54:30.022079,0:10:44.196789,23.5,16.1
2022-09-14 18:43:45.846039,2022-09-14 18:43:45.847137,2022-09-14 18:54:30.032354,0:10:44.186264,28.6,16.1
2022-09-14 18:43:45.856884,2022-09-14 18:43:45.863887,2022-09-14 18:54:30.043543,0:10:44.186610,16.7,16.1
2022-09-14 18:43:45.862552,2022-09-14 18:43:45.885266,2022-09-14 18:54:30.094638,0:10:44.232035,19.4,16.1
2022-09-14 18:43:45.808917,2022-09-14 18:43:45.863836,2022-09-14 18:54:30.126570,0:10:44.317601,15.8,16.1
2022-09-14 18:43:45.862800,2022-09-14 18:43:45.891050,2022-09-14 18:54:30.142903,0:10:44.280049,22.2,16.1
2022-09-14 18:43:45.889781,2022-09-14 18:43:45.890903,2022-09-14 18:54:30.148436,0:10:44.258605,25.0,16.1
2022-09-14 18:43:45.873731,2022-09-14 18:43:45.891797,2022-09-14 18:54:30.166473,0:10:44.292692,11.1,16.1
2022-09-14 18:43:45.923254,2022-09-14 18:43:45.924554,2022-09-14 18:54:30.199361,0:10:44.276057,15.8,16.1
2022-09-14 18:43:45.834721,2022-09-14 18:43:45.891383,2022-09-14 18:54:30.220017,0:10:44.385245,16.7,16.1
2022-09-14 18:43:45.873580,2022-09-14 18:43:45.890917,2022-09-14 18:54:30.225418,0:10:44.351788,25.0,16.1
2022-09-14 18:43:45.929190,2022-09-14 18:43:45.930351,2022-09-14 18:54:30.238194,0:10:44.308955,33.3,16.1
2022-09-14 18:43:45.840421,2022-09-14 18:43:45.891432,2022-09-14 18:54:30.254191,0:10:44.413719,22.2,16.1
2022-09-14 18:43:45.907449,2022-09-14 18:43:45.918762,2022-09-14 18:54:30.268283,0:10:44.360785,30.0,16.1
2022-09-14 18:43:45.901604,2022-09-14 18:43:45.908118,2022-09-14 18:54:30.287540,0:10:44.385886,10.0,16.1
2022-09-14 18:43:45.923493,2022-09-14 18:43:45.941802,2022-09-14 18:54:30.292745,0:10:44.369204,25.0,16.1
2022-09-14 18:43:45.907034,2022-09-14 18:43:45.930273,2022-09-14 18:54:30.320467,0:10:44.413381,20.0,16.1
2022-09-14 18:43:45.935487,2022-09-14 18:43:45.958413,2022-09-14 18:54:30.380833,0:10:44.445293,18.9,16.1
2022-09-14 18:43:45.990025,2022-09-14 18:43:45.991271,2022-09-14 18:54:30.390929,0:10:44.400853,28.6,16.1
2022-09-14 18:43:45.990871,2022-09-14 18:43:45.997064,2022-09-14 18:54:30.401621,0:10:44.410700,16.7,16.1
2022-09-14 18:43:45.935362,2022-09-14 18:43:45.942116,2022-09-14 18:54:30.407157,0:10:44.471746,33.3,16.1
2022-09-14 18:43:45.990591,2022-09-14 18:43:45.997178,2022-09-14 18:54:30.429319,0:10:44.438675,21.4,16.1
2022-09-14 18:43:45.974206,2022-09-14 18:43:45.985371,2022-09-14 18:54:30.437706,0:10:44.463444,20.0,16.1
2022-09-14 18:43:45.907902,2022-09-14 18:43:45.947659,2022-09-14 18:54:30.457821,0:10:44.549869,25.0,16.1
2022-09-14 18:43:45.996289,2022-09-14 18:43:46.008435,2022-09-14 18:54:30.465765,0:10:44.469427,33.3,16.1
2022-09-14 18:43:45.973902,2022-09-14 18:43:45.985168,2022-09-14 18:54:30.473719,0:10:44.499768,20.0,16.1
2022-09-14 18:43:45.951888,2022-09-14 18:43:45.958364,2022-09-14 18:54:30.483884,0:10:44.531948,37.5,16.1
2022-09-14 18:43:45.984482,2022-09-14 18:43:45.997226,2022-09-14 18:54:30.491880,0:10:44.507350,25.0,16.1
2022-09-14 18:43:45.968531,2022-09-14 18:43:45.985168,2022-09-14 18:54:30.501753,0:10:44.533174,16.7,16.1
2022-09-14 18:43:46.019619,2022-09-14 18:43:46.026043,2022-09-14 18:54:30.530089,0:10:44.510419,18.7,16.1
2022-09-14 18:43:46.001800,2022-09-14 18:43:46.008484,2022-09-14 18:54:30.555931,0:10:44.554081,23.5,16.1
2022-09-14 18:43:46.035957,2022-09-14 18:43:46.042926,2022-09-14 18:54:30.583790,0:10:44.547783,18.8,16.1
2022-09-14 18:43:46.052766,2022-09-14 18:43:46.059572,2022-09-14 18:54:30.617953,0:10:44.565136,19.0,16.1
2022-09-14 18:43:46.064291,2022-09-14 18:43:46.070510,2022-09-14 18:54:30.640436,0:10:44.576095,26.7,16.1
2022-09-14 18:43:46.035771,2022-09-14 18:43:46.037248,2022-09-14 18:54:30.645720,0:10:44.609900,0.0,16.1
2022-09-14 18:43:46.064157,2022-09-14 18:43:46.081552,2022-09-14 18:54:30.667755,0:10:44.603548,26.7,16.1
2022-09-14 18:43:46.080625,2022-09-14 18:43:46.081937,2022-09-14 18:54:30.675874,0:10:44.595201,25.0,16.1
2022-09-14 18:43:46.058519,2022-09-14 18:43:46.075659,2022-09-14 18:54:30.683834,0:10:44.625267,0.0,16.1
2022-09-14 18:43:46.047395,2022-09-14 18:43:46.080982,2022-09-14 18:54:30.698586,0:10:44.651142,22.2,16.1
2022-09-14 18:43:46.036568,2022-09-14 18:43:46.053761,2022-09-14 18:54:30.703898,0:10:44.667282,0.0,16.1
2022-09-14 18:43:46.080221,2022-09-14 18:43:46.092889,2022-09-14 18:54:30.728028,0:10:44.647757,21.4,16.1
2022-09-14 18:43:46.098078,2022-09-14 18:43:46.104994,2022-09-14 18:54:30.760076,0:10:44.661948,15.8,16.1
2022-09-14 18:43:46.098795,2022-09-14 18:43:46.127486,2022-09-14 18:54:30.804201,0:10:44.705348,22.2,16.1
2022-09-14 18:43:46.104310,2022-09-14 18:43:46.116349,2022-09-14 18:54:30.818312,0:10:44.713950,12.5,16.1
2022-09-14 18:43:46.126908,2022-09-14 18:43:46.128772,2022-09-14 18:54:30.832546,0:10:44.705588,25.0,16.1
2022-09-14 18:43:46.109600,2022-09-14 18:43:46.116259,2022-09-14 18:54:30.840585,0:10:44.730935,20.0,16.1
2022-09-14 18:43:46.115348,2022-09-14 18:43:46.127914,2022-09-14 18:54:30.848759,0:10:44.733361,20.0,16.1
2022-09-14 18:43:46.126265,2022-09-14 18:43:46.128793,2022-09-14 18:54:30.858939,0:10:44.732624,16.7,16.1
2022-09-14 18:43:46.126139,2022-09-14 18:43:46.128885,2022-09-14 18:54:30.882148,0:10:44.755959,15.4,16.1
2022-09-14 18:43:46.156015,2022-09-14 18:43:46.157815,2022-09-14 18:54:30.906787,0:10:44.750722,20.0,16.1
2022-09-14 18:43:46.145295,2022-09-14 18:43:46.157484,2022-09-14 18:54:30.941008,0:10:44.795664,15.8,16.1
2022-09-14 18:43:46.173002,2022-09-14 18:43:46.173989,2022-09-14 18:54:30.950912,0:10:44.777861,37.5,16.1
2022-09-14 18:43:46.172608,2022-09-14 18:43:46.174219,2022-09-14 18:54:30.961047,0:10:44.788390,16.7,16.1
2022-09-14 18:43:46.172787,2022-09-14 18:43:46.185277,2022-09-14 18:54:30.997236,0:10:44.824399,19.0,16.1
2022-09-14 18:43:46.178894,2022-09-14 18:43:46.196926,2022-09-14 18:54:31.015522,0:10:44.836578,18.2,16.1
2022-09-14 18:43:46.190326,2022-09-14 18:43:46.208366,2022-09-14 18:54:31.023430,0:10:44.833054,20.0,16.1
2022-09-14 18:43:46.195793,2022-09-14 18:43:46.202517,2022-09-14 18:54:31.047773,0:10:44.851929,15.4,16.1
2022-09-14 18:43:46.207450,2022-09-14 18:43:46.224485,2022-09-14 18:54:31.057930,0:10:44.850431,16.7,16.1
2022-09-14 18:43:46.179062,2022-09-14 18:43:46.185277,2022-09-14 18:54:31.075390,0:10:44.896280,27.3,16.1
2022-09-14 18:43:46.207054,2022-09-14 18:43:46.224485,2022-09-14 18:54:31.107250,0:10:44.900142,15.8,16.1
2022-09-14 18:43:46.223796,2022-09-14 18:43:46.230738,2022-09-14 18:54:31.120277,0:10:44.896430,14.3,16.1
2022-09-14 18:43:46.241133,2022-09-14 18:43:46.263577,2022-09-14 18:54:31.166876,0:10:44.925690,24.1,16.1
2022-09-14 18:43:46.241292,2022-09-14 18:43:46.269923,2022-09-14 18:54:31.187196,0:10:44.945853,23.1,16.1
2022-09-14 18:43:46.268280,2022-09-14 18:43:46.269336,2022-09-14 18:54:31.197557,0:10:44.929222,0.0,16.1
2022-09-14 18:43:46.268123,2022-09-14 18:43:46.270817,2022-09-14 18:54:31.215777,0:10:44.947603,25.0,16.1
2022-09-14 18:43:46.262395,2022-09-14 18:43:46.276459,2022-09-14 18:54:31.223905,0:10:44.961462,25.0,16.1
2022-09-14 18:43:46.235608,2022-09-14 18:43:46.252899,2022-09-14 18:54:31.243966,0:10:45.008309,16.7,16.1
2022-09-14 18:43:46.268832,2022-09-14 18:43:46.269819,2022-09-14 18:54:31.253798,0:10:44.984917,16.7,16.1
2022-09-14 18:43:46.262582,2022-09-14 18:43:46.270241,2022-09-14 18:54:31.273822,0:10:45.011191,25.0,16.1
2022-09-14 18:43:46.303726,2022-09-14 18:43:46.305111,2022-09-14 18:54:31.291061,0:10:44.987286,27.3,16.1
2022-09-14 18:43:46.235467,2022-09-14 18:43:46.293564,2022-09-14 18:54:31.309994,0:10:45.074478,10.0,16.1
2022-09-14 18:43:46.298216,2022-09-14 18:43:46.316560,2022-09-14 18:54:31.368620,0:10:45.070350,19.4,16.1
2022-09-14 18:43:46.315430,2022-09-14 18:43:46.333005,2022-09-14 18:54:31.380626,0:10:45.065144,28.6,16.1
2022-09-14 18:43:46.326544,2022-09-14 18:43:46.327609,2022-09-14 18:54:31.394478,0:10:45.067884,12.5,16.1
2022-09-14 18:43:46.304686,2022-09-14 18:43:46.339454,2022-09-14 18:54:31.404487,0:10:45.099747,28.6,16.1
2022-09-14 18:43:46.298392,2022-09-14 18:43:46.311107,2022-09-14 18:54:31.427641,0:10:45.129199,14.3,16.1
2022-09-14 18:43:46.332243,2022-09-14 18:43:46.333266,2022-09-14 18:54:31.432867,0:10:45.100574,0.0,16.1
2022-09-14 18:43:46.326387,2022-09-14 18:43:46.338949,2022-09-14 18:54:31.445037,0:10:45.118600,25.0,16.1
2022-09-14 18:43:46.338403,2022-09-14 18:43:46.350968,2022-09-14 18:54:31.465073,0:10:45.126621,18.2,16.1
2022-09-14 18:43:46.337984,2022-09-14 18:43:46.339444,2022-09-14 18:54:31.480305,0:10:45.142273,20.0,16.1
2022-09-14 18:43:46.366347,2022-09-14 18:43:46.388382,2022-09-14 18:54:31.515041,0:10:45.148643,19.0,16.1
2022-09-14 18:43:46.366470,2022-09-14 18:43:46.367494,2022-09-14 18:54:31.537541,0:10:45.171020,16.7,16.1
2022-09-14 18:43:46.397582,2022-09-14 18:43:46.404685,2022-09-14 18:54:31.571257,0:10:45.173625,20.0,16.1
2022-09-14 18:43:46.403585,2022-09-14 18:43:46.405064,2022-09-14 18:54:31.600132,0:10:45.196497,12.5,16.1
2022-09-14 18:43:46.404105,2022-09-14 18:43:46.411424,2022-09-14 18:54:31.605560,0:10:45.201405,25.0,16.1
2022-09-14 18:43:46.397795,2022-09-14 18:43:46.403795,2022-09-14 18:54:31.613928,0:10:45.216083,20.0,16.1
2022-09-14 18:43:46.366986,2022-09-14 18:43:46.398596,2022-09-14 18:54:31.621921,0:10:45.254888,40.0,16.1
2022-09-14 18:43:46.387678,2022-09-14 18:43:46.403872,2022-09-14 18:54:31.635874,0:10:45.248144,22.2,16.1
2022-09-14 18:43:46.366783,2022-09-14 18:43:46.405064,2022-09-14 18:54:31.664238,0:10:45.297405,22.2,16.1
2022-09-14 18:43:46.427053,2022-09-14 18:43:46.428476,2022-09-14 18:54:31.678018,0:10:45.250916,25.0,16.1
2022-09-14 18:43:46.403148,2022-09-14 18:43:46.405698,2022-09-14 18:54:31.691927,0:10:45.288730,22.2,16.1
2022-09-14 18:43:46.426900,2022-09-14 18:43:46.428570,2022-09-14 18:54:31.711396,0:10:45.284447,18.2,16.1
2022-09-14 18:43:46.427502,2022-09-14 18:43:46.428570,2022-09-14 18:54:31.722228,0:10:45.294677,16.7,16.1
2022-09-14 18:43:46.466872,2022-09-14 18:43:46.467931,2022-09-14 18:54:31.782757,0:10:45.315812,18.9,16.1
2022-09-14 18:43:46.461039,2022-09-14 18:43:46.467502,2022-09-14 18:54:31.797794,0:10:45.336703,22.2,16.1
2022-09-14 18:43:46.467529,2022-09-14 18:43:46.469162,2022-09-14 18:54:31.803006,0:10:45.335428,33.3,16.1
2022-09-14 18:43:46.450057,2022-09-14 18:43:46.456545,2022-09-14 18:54:31.816991,0:10:45.366885,22.2,16.1
2022-09-14 18:43:46.461298,2022-09-14 18:43:46.468938,2022-09-14 18:54:31.827056,0:10:45.365709,20.0,16.1
2022-09-14 18:43:46.449928,2022-09-14 18:43:46.456228,2022-09-14 18:54:31.845054,0:10:45.395078,18.2,16.1
2022-09-14 18:43:46.491169,2022-09-14 18:43:46.492423,2022-09-14 18:54:31.887906,0:10:45.396681,19.2,16.1
2022-09-14 18:43:46.467789,2022-09-14 18:43:46.468853,2022-09-14 18:54:31.898260,0:10:45.430418,16.7,16.1
2022-09-14 18:43:46.512718,2022-09-14 18:43:46.513779,2022-09-14 18:54:31.920868,0:10:45.408096,28.6,16.1
2022-09-14 18:43:46.518138,2022-09-14 18:43:46.519145,2022-09-14 18:54:31.946997,0:10:45.428802,13.3,16.1
2022-09-14 18:43:46.490999,2022-09-14 18:43:46.497814,2022-09-14 18:54:31.955459,0:10:45.464408,20.0,16.1
2022-09-14 18:43:46.491485,2022-09-14 18:43:46.502934,2022-09-14 18:54:31.965830,0:10:45.474295,16.7,16.1
2022-09-14 18:43:46.523860,2022-09-14 18:43:46.531662,2022-09-14 18:54:31.980922,0:10:45.456998,30.0,16.1
2022-09-14 18:43:46.529406,2022-09-14 18:43:46.531267,2022-09-14 18:54:31.997632,0:10:45.468172,20.0,16.1
2022-09-14 18:43:46.529863,2022-09-14 18:43:46.530896,2022-09-14 18:54:32.006127,0:10:45.476210,33.3,16.1
2022-09-14 18:43:46.529672,2022-09-14 18:43:46.548282,2022-09-14 18:54:32.045889,0:10:45.516161,17.4,16.1
2022-09-14 18:43:46.553350,2022-09-14 18:43:46.560065,2022-09-14 18:54:32.060642,0:10:45.507240,22.2,16.1
2022-09-14 18:43:46.559128,2022-09-14 18:43:46.571374,2022-09-14 18:54:32.089814,0:10:45.530633,17.6,16.1
2022-09-14 18:43:46.541546,2022-09-14 18:43:46.565827,2022-09-14 18:54:32.098226,0:10:45.556626,20.0,16.1
2022-09-14 18:43:46.558854,2022-09-14 18:43:46.565827,2022-09-14 18:54:32.120933,0:10:45.562023,28.6,16.1
2022-09-14 18:43:46.593624,2022-09-14 18:43:46.594656,2022-09-14 18:54:32.145221,0:10:45.551544,20.0,16.1
2022-09-14 18:43:46.582845,2022-09-14 18:43:46.594776,2022-09-14 18:54:32.181799,0:10:45.598899,18.2,16.1
2022-09-14 18:43:46.576366,2022-09-14 18:43:46.577513,2022-09-14 18:54:32.189767,0:10:45.613351,40.0,16.1
2022-09-14 18:43:46.611024,2022-09-14 18:43:46.612146,2022-09-14 18:54:32.211699,0:10:45.600618,15.4,16.1
2022-09-14 18:43:46.593473,2022-09-14 18:43:46.595309,2022-09-14 18:54:32.219791,0:10:45.626268,33.3,16.1
2022-09-14 18:43:46.616485,2022-09-14 18:43:46.617787,2022-09-14 18:54:32.233103,0:10:45.616569,14.3,16.1
2022-09-14 18:43:46.594159,2022-09-14 18:43:46.606176,2022-09-14 18:54:32.254534,0:10:45.660305,23.1,16.1
2022-09-14 18:43:46.599868,2022-09-14 18:43:46.617517,2022-09-14 18:54:32.269015,0:10:45.669094,12.5,16.1
2022-09-14 18:43:46.622272,2022-09-14 18:43:46.629156,2022-09-14 18:54:32.282556,0:10:45.660235,22.2,16.1
2022-09-14 18:43:46.627994,2022-09-14 18:43:46.629261,2022-09-14 18:54:32.326075,0:10:45.698024,20.0,16.2
2022-09-14 18:43:46.656323,2022-09-14 18:43:46.657519,2022-09-14 18:54:32.356408,0:10:45.700032,21.1,16.1
2022-09-14 18:43:46.656643,2022-09-14 18:43:46.671923,2022-09-14 18:54:32.369934,0:10:45.713239,14.3,16.1
2022-09-14 18:43:46.650539,2022-09-14 18:43:46.656832,2022-09-14 18:54:32.382779,0:10:45.732188,25.0,16.1
2022-09-14 18:43:46.665268,2022-09-14 18:43:46.671984,2022-09-14 18:54:32.392990,0:10:45.727672,16.7,16.1
2022-09-14 18:43:46.644990,2022-09-14 18:43:46.646030,2022-09-14 18:54:32.417073,0:10:45.772032,25.0,16.2
2022-09-14 18:43:46.665716,2022-09-14 18:43:46.677190,2022-09-14 18:54:32.431118,0:10:45.765352,25.0,16.2
2022-09-14 18:43:46.676562,2022-09-14 18:43:46.682731,2022-09-14 18:54:32.444931,0:10:45.768320,12.5,16.2
2022-09-14 18:43:46.683228,2022-09-14 18:43:46.684589,2022-09-14 18:54:32.457030,0:10:45.773753,25.0,16.2
2022-09-14 18:43:46.682521,2022-09-14 18:43:46.684311,2022-09-14 18:54:32.477179,0:10:45.794607,18.2,16.2
2022-09-14 18:43:46.716591,2022-09-14 18:43:46.718339,2022-09-14 18:54:32.528217,0:10:45.811567,19.4,16.1
2022-09-14 18:43:46.736263,2022-09-14 18:43:46.742836,2022-09-14 18:54:32.556599,0:10:45.820283,17.6,16.1
2022-09-14 18:43:46.728071,2022-09-14 18:43:46.748463,2022-09-14 18:54:32.570842,0:10:45.842716,25.0,16.1
2022-09-14 18:43:46.741821,2022-09-14 18:43:46.748423,2022-09-14 18:54:32.578872,0:10:45.837001,20.0,16.1
2022-09-14 18:43:46.717350,2022-09-14 18:43:46.728837,2022-09-14 18:54:32.595551,0:10:45.878151,20.0,16.1
2022-09-14 18:43:46.705600,2022-09-14 18:43:46.711754,2022-09-14 18:54:32.600789,0:10:45.895140,0.0,16.1
2022-09-14 18:43:46.716929,2022-09-14 18:43:46.723593,2022-09-14 18:54:32.618684,0:10:45.901698,25.0,16.1
2022-09-14 18:43:46.694565,2022-09-14 18:43:46.718339,2022-09-14 18:54:32.626630,0:10:45.932016,20.0,16.1
2022-09-14 18:43:46.752986,2022-09-14 18:43:46.771807,2022-09-14 18:54:32.656858,0:10:45.903822,17.6,16.2
2022-09-14 18:43:46.753178,2022-09-14 18:43:46.754383,2022-09-14 18:54:32.664961,0:10:45.911734,20.0,16.2
2022-09-14 18:43:46.787466,2022-09-14 18:43:46.788615,2022-09-14 18:54:32.693287,0:10:45.905772,17.6,16.2
2022-09-14 18:43:46.770881,2022-09-14 18:43:46.777220,2022-09-14 18:54:32.709602,0:10:45.938671,22.2,16.2
2022-09-14 18:43:46.792984,2022-09-14 18:43:46.799447,2022-09-14 18:54:32.741582,0:10:45.948548,20.0,16.2
2022-09-14 18:43:46.770433,2022-09-14 18:43:46.771495,2022-09-14 18:54:32.758723,0:10:45.988226,27.3,16.2
2022-09-14 18:43:46.804883,2022-09-14 18:43:46.805963,2022-09-14 18:54:32.776490,0:10:45.971558,11.1,16.2
2022-09-14 18:43:46.799053,2022-09-14 18:43:46.805876,2022-09-14 18:54:32.781721,0:10:45.982619,25.0,16.2
2022-09-14 18:43:46.798486,2022-09-14 18:43:46.822443,2022-09-14 18:54:32.808797,0:10:46.010263,18.7,16.2
2022-09-14 18:43:46.843301,2022-09-14 18:43:46.855713,2022-09-14 18:54:32.855788,0:10:46.012436,21.4,16.2
2022-09-14 18:43:46.853707,2022-09-14 18:43:46.855055,2022-09-14 18:54:32.879838,0:10:46.026081,14.3,16.2
2022-09-14 18:43:46.815979,2022-09-14 18:43:46.855522,2022-09-14 18:54:32.890087,0:10:46.074058,16.7,16.2
2022-09-14 18:43:46.798879,2022-09-14 18:43:46.805876,2022-09-14 18:54:32.916378,0:10:46.117448,25.0,16.2
2022-09-14 18:43:46.860403,2022-09-14 18:43:46.867078,2022-09-14 18:54:32.941184,0:10:46.080730,14.3,16.2
2022-09-14 18:43:46.832707,2022-09-14 18:43:46.872326,2022-09-14 18:54:32.946452,0:10:46.113695,25.0,16.2
2022-09-14 18:43:46.877223,2022-09-14 18:43:46.888863,2022-09-14 18:54:32.964313,0:10:46.087041,27.3,16.2
2022-09-14 18:43:46.827454,2022-09-14 18:43:46.854865,2022-09-14 18:54:32.974202,0:10:46.146700,16.7,16.2
2022-09-14 18:43:46.888335,2022-09-14 18:43:46.900753,2022-09-14 18:54:32.987611,0:10:46.099227,25.0,16.2
2022-09-14 18:43:46.854179,2022-09-14 18:43:46.855670,2022-09-14 18:54:33.000452,0:10:46.146224,14.3,16.2
2022-09-14 18:43:46.905504,2022-09-14 18:43:46.911891,2022-09-14 18:54:33.019938,0:10:46.114384,16.7,16.1
2022-09-14 18:43:46.865905,2022-09-14 18:43:46.889266,2022-09-14 18:54:33.035003,0:10:46.169045,22.2,16.1
2022-09-14 18:43:46.866090,2022-09-14 18:43:46.900212,2022-09-14 18:54:33.069603,0:10:46.203462,15.0,16.1
2022-09-14 18:43:46.925795,2022-09-14 18:43:46.937827,2022-09-14 18:54:33.082542,0:10:46.156693,25.0,16.1
2022-09-14 18:43:46.916327,2022-09-14 18:43:46.937713,2022-09-14 18:54:33.088140,0:10:46.171761,33.3,16.1
2022-09-14 18:43:46.931336,2022-09-14 18:43:46.937763,2022-09-14 18:54:33.109167,0:10:46.177778,16.7,16.2
2022-09-14 18:43:46.916884,2022-09-14 18:43:46.917843,2022-09-14 18:54:33.125784,0:10:46.208848,20.0,16.2
2022-09-14 18:43:46.893815,2022-09-14 18:43:46.900278,2022-09-14 18:54:33.139595,0:10:46.245715,22.2,16.2
2022-09-14 18:43:46.954186,2022-09-14 18:43:46.955495,2022-09-14 18:54:33.162150,0:10:46.207913,16.7,16.2
2022-09-14 18:43:46.916486,2022-09-14 18:43:46.926915,2022-09-14 18:54:33.179832,0:10:46.263295,25.0,16.2
2022-09-14 18:43:46.954551,2022-09-14 18:43:46.977182,2022-09-14 18:54:33.208260,0:10:46.253658,27.8,16.2
2022-09-14 18:43:46.948601,2022-09-14 18:43:46.955125,2022-09-14 18:54:33.220459,0:10:46.271807,14.3,16.2
2022-09-14 18:43:46.982510,2022-09-14 18:43:46.983843,2022-09-14 18:54:33.239636,0:10:46.257075,18.2,16.2
2022-09-14 18:43:46.970770,2022-09-14 18:43:46.983935,2022-09-14 18:54:33.245062,0:10:46.274242,0.0,16.2
2022-09-14 18:43:46.954026,2022-09-14 18:43:46.961270,2022-09-14 18:54:33.273082,0:10:46.319006,18.7,16.2
2022-09-14 18:43:46.982168,2022-09-14 18:43:46.983186,2022-09-14 18:54:33.281397,0:10:46.299180,33.3,16.2
2022-09-14 18:43:47.004854,2022-09-14 18:43:47.011682,2022-09-14 18:54:33.302293,0:10:46.297386,16.7,16.2
2022-09-14 18:43:46.983226,2022-09-14 18:43:46.995112,2022-09-14 18:54:33.316793,0:10:46.333515,22.2,16.2
2022-09-14 18:43:46.994595,2022-09-14 18:43:47.017665,2022-09-14 18:54:33.355380,0:10:46.360731,21.7,16.1
2022-09-14 18:43:47.016756,2022-09-14 18:43:47.043766,2022-09-14 18:54:33.404254,0:10:46.387445,17.2,16.1
2022-09-14 18:43:47.053622,2022-09-14 18:43:47.060185,2022-09-14 18:54:33.416458,0:10:46.362786,16.7,16.1
2022-09-14 18:43:47.058902,2022-09-14 18:43:47.059893,2022-09-14 18:54:33.431700,0:10:46.372740,20.0,16.1
2022-09-14 18:43:47.053346,2022-09-14 18:43:47.071274,2022-09-14 18:54:33.465693,0:10:46.412288,15.8,16.1
2022-09-14 18:43:47.022532,2022-09-14 18:43:47.059893,2022-09-14 18:54:33.473971,0:10:46.451388,33.3,16.1
2022-09-14 18:43:47.059207,2022-09-14 18:43:47.082049,2022-09-14 18:54:33.489819,0:10:46.430563,20.0,16.1
2022-09-14 18:43:47.016326,2022-09-14 18:43:47.071198,2022-09-14 18:54:33.508086,0:10:46.491709,27.3,16.1
2022-09-14 18:43:47.070012,2022-09-14 18:43:47.088366,2022-09-14 18:54:33.518192,0:10:46.448130,16.7,16.1
2022-09-14 18:43:47.097903,2022-09-14 18:43:47.104245,2022-09-14 18:54:33.534380,0:10:46.436428,20.0,16.1
2022-09-14 18:43:47.059475,2022-09-14 18:43:47.093606,2022-09-14 18:54:33.553680,0:10:46.494149,30.8,16.1
2022-09-14 18:43:47.115449,2022-09-14 18:43:47.132776,2022-09-14 18:54:33.582921,0:10:46.467421,17.6,16.1
2022-09-14 18:43:47.086966,2022-09-14 18:43:47.116154,2022-09-14 18:54:33.596839,0:10:46.509824,12.5,16.1
2022-09-14 18:43:47.070155,2022-09-14 18:43:47.082094,2022-09-14 18:54:33.604848,0:10:46.534645,20.0,16.1
2022-09-14 18:43:47.131653,2022-09-14 18:43:47.133169,2022-09-14 18:54:33.637899,0:10:46.506195,16.7,16.2
2022-09-14 18:43:47.087189,2022-09-14 18:43:47.115464,2022-09-14 18:54:33.643118,0:10:46.555880,25.0,16.2
2022-09-14 18:43:47.126097,2022-09-14 18:43:47.133307,2022-09-14 18:54:33.683085,0:10:46.556938,17.4,16.2
2022-09-14 18:43:47.132939,2022-09-14 18:43:47.133814,2022-09-14 18:54:33.693481,0:10:46.560492,16.7,16.2
2022-09-14 18:43:47.133246,2022-09-14 18:43:47.139575,2022-09-14 18:54:33.704297,0:10:46.571001,28.6,16.2
2022-09-14 18:43:47.155747,2022-09-14 18:43:47.164311,2022-09-14 18:54:33.711543,0:10:46.555747,20.0,16.2
2022-09-14 18:43:47.125878,2022-09-14 18:43:47.132679,2022-09-14 18:54:33.731494,0:10:46.605566,25.0,16.2
2022-09-14 18:43:47.149666,2022-09-14 18:43:47.164356,2022-09-14 18:54:33.750970,0:10:46.601255,18.2,16.2
2022-09-14 18:43:47.149813,2022-09-14 18:43:47.164771,2022-09-14 18:54:33.773836,0:10:46.623974,15.4,16.2
2022-09-14 18:43:47.191286,2022-09-14 18:43:47.192478,2022-09-14 18:54:33.791837,0:10:46.600501,25.0,16.2
2022-09-14 18:43:47.191132,2022-09-14 18:43:47.192344,2022-09-14 18:54:33.804117,0:10:46.612934,14.3,16.2
2022-09-14 18:43:47.163235,2022-09-14 18:43:47.186829,2022-09-14 18:54:33.830202,0:10:46.666917,14.3,16.2
2022-09-14 18:43:47.197674,2022-09-14 18:43:47.198790,2022-09-14 18:54:33.844280,0:10:46.646555,22.2,16.2
2022-09-14 18:43:47.198360,2022-09-14 18:43:47.200240,2022-09-14 18:54:33.864301,0:10:46.665893,23.1,16.2
2022-09-14 18:43:47.210042,2022-09-14 18:43:47.211466,2022-09-14 18:54:33.882678,0:10:46.672579,20.0,16.2
2022-09-14 18:43:47.210237,2022-09-14 18:43:47.211312,2022-09-14 18:54:33.888013,0:10:46.677728,0.0,16.2
2022-09-14 18:43:47.192268,2022-09-14 18:43:47.205428,2022-09-14 18:54:33.893487,0:10:46.701171,33.3,16.2
2022-09-14 18:43:47.198101,2022-09-14 18:43:47.199517,2022-09-14 18:54:33.898812,0:10:46.700662,25.0,16.2
2022-09-14 18:43:47.254344,2022-09-14 18:43:47.255300,2022-09-14 18:54:33.953069,0:10:46.698674,16.1,16.2
2022-09-14 18:43:47.259837,2022-09-14 18:43:47.266563,2022-09-14 18:54:33.992987,0:10:46.733101,20.8,16.2
2022-09-14 18:43:47.265692,2022-09-14 18:43:47.266971,2022-09-14 18:54:34.013112,0:10:46.747369,23.1,16.2
2022-09-14 18:43:47.265072,2022-09-14 18:43:47.266683,2022-09-14 18:54:34.032198,0:10:46.767075,25.0,16.2
2022-09-14 18:43:47.265269,2022-09-14 18:43:47.267172,2022-09-14 18:54:34.044477,0:10:46.779158,14.3,16.2
2022-09-14 18:43:47.271977,2022-09-14 18:43:47.278260,2022-09-14 18:54:34.067376,0:10:46.795350,21.4,16.2
2022-09-14 18:43:47.232616,2022-09-14 18:43:47.249848,2022-09-14 18:54:34.072681,0:10:46.840010,0.0,16.2
2022-09-14 18:43:47.282660,2022-09-14 18:43:47.289503,2022-09-14 18:54:34.082897,0:10:46.800188,16.7,16.2
2022-09-14 18:43:47.232443,2022-09-14 18:43:47.238940,2022-09-14 18:54:34.095148,0:10:46.862656,33.3,16.2
2022-09-14 18:43:47.254156,2022-09-14 18:43:47.267329,2022-09-14 18:54:34.111014,0:10:46.856808,12.5,16.2
2022-09-14 18:43:47.305203,2022-09-14 18:43:47.323036,2022-09-14 18:54:34.141968,0:10:46.836714,21.1,16.2
2022-09-14 18:43:47.321227,2022-09-14 18:43:47.322922,2022-09-14 18:54:34.150114,0:10:46.828837,20.0,16.2
2022-09-14 18:43:47.333019,2022-09-14 18:43:47.340038,2022-09-14 18:54:34.194979,0:10:46.861906,21.4,16.2
2022-09-14 18:43:47.333577,2022-09-14 18:43:47.340831,2022-09-14 18:54:34.200256,0:10:46.866629,33.3,16.2
2022-09-14 18:43:47.333409,2022-09-14 18:43:47.340831,2022-09-14 18:54:34.214528,0:10:46.881069,12.5,16.2
2022-09-14 18:43:47.315742,2022-09-14 18:43:47.322197,2022-09-14 18:54:34.222636,0:10:46.906845,20.0,16.2
2022-09-14 18:43:47.294349,2022-09-14 18:43:47.346422,2022-09-14 18:54:34.256935,0:10:46.962537,15.8,16.2
2022-09-14 18:43:47.339786,2022-09-14 18:43:47.346553,2022-09-14 18:54:34.264810,0:10:46.924975,33.3,16.2
2022-09-14 18:43:47.345421,2022-09-14 18:43:47.352742,2022-09-14 18:54:34.278894,0:10:46.933424,12.5,16.2
2022-09-14 18:43:47.321740,2022-09-14 18:43:47.352262,2022-09-14 18:54:34.286972,0:10:46.965184,40.0,16.2
2022-09-14 18:43:47.403256,2022-09-14 18:43:47.409868,2022-09-14 18:54:34.364117,0:10:46.960807,17.4,16.2
2022-09-14 18:43:47.386593,2022-09-14 18:43:47.415153,2022-09-14 18:54:34.376478,0:10:46.989833,25.0,16.2
2022-09-14 18:43:47.392336,2022-09-14 18:43:47.404267,2022-09-14 18:54:34.392721,0:10:47.000333,12.5,16.2
2022-09-14 18:43:47.403098,2022-09-14 18:43:47.404207,2022-09-14 18:54:34.406261,0:10:47.003111,22.2,16.2
2022-09-14 18:43:47.386788,2022-09-14 18:43:47.416188,2022-09-14 18:54:34.435415,0:10:47.048574,22.2,16.2
2022-09-14 18:43:47.402937,2022-09-14 18:43:47.409730,2022-09-14 18:54:34.445648,0:10:47.042661,16.7,16.2
2022-09-14 18:43:47.402752,2022-09-14 18:43:47.415153,2022-09-14 18:54:34.463801,0:10:47.060995,27.3,16.2
2022-09-14 18:43:47.392156,2022-09-14 18:43:47.432560,2022-09-14 18:54:34.472056,0:10:47.079852,20.0,16.2
2022-09-14 18:43:47.415179,2022-09-14 18:43:47.421828,2022-09-14 18:54:34.498478,0:10:47.083246,18.7,16.2
2022-09-14 18:43:47.408752,2022-09-14 18:43:47.409833,2022-09-14 18:54:34.530843,0:10:47.122041,20.0,16.2
2022-09-14 18:43:47.459135,2022-09-14 18:43:47.471186,2022-09-14 18:54:34.552810,0:10:47.093625,16.7,16.2
2022-09-14 18:43:47.470571,2022-09-14 18:43:47.471865,2022-09-14 18:54:34.572143,0:10:47.101522,25.0,16.2
2022-09-14 18:43:47.453858,2022-09-14 18:43:47.465522,2022-09-14 18:54:34.589167,0:10:47.135260,18.2,16.2
2022-09-14 18:43:47.453557,2022-09-14 18:43:47.460140,2022-09-14 18:54:34.601040,0:10:47.147435,16.7,16.2
2022-09-14 18:43:47.464903,2022-09-14 18:43:47.465869,2022-09-14 18:54:34.609189,0:10:47.144238,33.3,16.2
2022-09-14 18:43:47.470876,2022-09-14 18:43:47.471777,2022-09-14 18:54:34.631506,0:10:47.160581,15.4,16.2
2022-09-14 18:43:47.477684,2022-09-14 18:43:47.489491,2022-09-14 18:54:34.639651,0:10:47.161918,40.0,16.2
2022-09-14 18:43:47.477478,2022-09-14 18:43:47.489594,2022-09-14 18:54:34.657737,0:10:47.180210,10.0,16.2
2022-09-14 18:43:47.471360,2022-09-14 18:43:47.472666,2022-09-14 18:54:34.665787,0:10:47.194379,20.0,16.2
2022-09-14 18:43:47.508073,2022-09-14 18:43:47.509153,2022-09-14 18:54:34.703730,0:10:47.195606,21.7,16.2
2022-09-14 18:43:47.530139,2022-09-14 18:43:47.536889,2022-09-14 18:54:34.750180,0:10:47.219990,17.9,16.2
2022-09-14 18:43:47.535405,2022-09-14 18:43:47.537309,2022-09-14 18:54:34.770545,0:10:47.235088,18.2,16.2
2022-09-14 18:43:47.535565,2022-09-14 18:43:47.537424,2022-09-14 18:54:34.790950,0:10:47.255335,23.1,16.2
2022-09-14 18:43:47.518974,2022-09-14 18:43:47.525612,2022-09-14 18:54:34.800896,0:10:47.281873,16.7,16.2
2022-09-14 18:43:47.535976,2022-09-14 18:43:47.543177,2022-09-14 18:54:34.811193,0:10:47.275166,28.6,16.2
2022-09-14 18:43:47.519214,2022-09-14 18:43:47.530869,2022-09-14 18:54:34.819216,0:10:47.299954,25.0,16.2
2022-09-14 18:43:47.580095,2022-09-14 18:43:47.581314,2022-09-14 18:54:34.861448,0:10:47.281304,16.0,16.2
2022-09-14 18:43:47.569104,2022-09-14 18:43:47.570162,2022-09-14 18:54:34.871395,0:10:47.302242,16.7,16.2
2022-09-14 18:43:47.542295,2022-09-14 18:43:47.549001,2022-09-14 18:54:34.879736,0:10:47.337392,25.0,16.2
2022-09-14 18:43:47.579905,2022-09-14 18:43:47.586746,2022-09-14 18:54:34.887689,0:10:47.307725,20.0,16.2
2022-09-14 18:43:47.542157,2022-09-14 18:43:47.564725,2022-09-14 18:54:34.902179,0:10:47.359974,12.5,16.1
2022-09-14 18:43:47.547944,2022-09-14 18:43:47.581254,2022-09-14 18:54:34.912223,0:10:47.364230,16.7,16.1
2022-09-14 18:43:47.592248,2022-09-14 18:43:47.593432,2022-09-14 18:54:34.952332,0:10:47.360036,17.4,16.2
2022-09-14 18:43:47.609994,2022-09-14 18:43:47.616800,2022-09-14 18:54:34.996140,0:10:47.386097,19.2,16.2
2022-09-14 18:43:47.603984,2022-09-14 18:43:47.605371,2022-09-14 18:54:35.009993,0:10:47.405960,22.2,16.2
2022-09-14 18:43:47.598147,2022-09-14 18:43:47.604479,2022-09-14 18:54:35.030105,0:10:47.431908,30.8,16.2
2022-09-14 18:43:47.610154,2022-09-14 18:43:47.616460,2022-09-14 18:54:35.040035,0:10:47.429832,28.6,16.2
2022-09-14 18:43:47.640356,2022-09-14 18:43:47.662371,2022-09-14 18:54:35.050894,0:10:47.410489,16.7,16.2
2022-09-14 18:43:47.634422,2022-09-14 18:43:47.635613,2022-09-14 18:54:35.056086,0:10:47.421616,0.0,16.2
2022-09-14 18:43:47.661803,2022-09-14 18:43:47.674238,2022-09-14 18:54:35.118531,0:10:47.456676,16.7,16.2
2022-09-14 18:43:47.662455,2022-09-14 18:43:47.674893,2022-09-14 18:54:35.132424,0:10:47.469919,22.2,16.2
2022-09-14 18:43:47.604367,2022-09-14 18:43:47.635824,2022-09-14 18:54:35.142789,0:10:47.538370,20.0,16.2
2022-09-14 18:43:47.661973,2022-09-14 18:43:47.669069,2022-09-14 18:54:35.154620,0:10:47.492598,14.3,16.2
2022-09-14 18:43:47.679810,2022-09-14 18:43:47.680798,2022-09-14 18:54:35.162974,0:10:47.483115,20.0,16.2
2022-09-14 18:43:47.673724,2022-09-14 18:43:47.681376,2022-09-14 18:54:35.182973,0:10:47.509201,16.7,16.2
2022-09-14 18:43:47.661426,2022-09-14 18:43:47.668980,2022-09-14 18:54:35.191056,0:10:47.529582,25.0,16.2
2022-09-14 18:43:47.673556,2022-09-14 18:43:47.681052,2022-09-14 18:54:35.219020,0:10:47.545412,16.7,16.2
2022-09-14 18:43:47.667893,2022-09-14 18:43:47.698170,2022-09-14 18:54:35.251313,0:10:47.583369,16.7,16.2
2022-09-14 18:43:47.724724,2022-09-14 18:43:47.731521,2022-09-14 18:54:35.275384,0:10:47.550609,20.0,16.2
2022-09-14 18:43:47.730563,2022-09-14 18:43:47.731521,2022-09-14 18:54:35.305496,0:10:47.574881,21.1,16.2
2022-09-14 18:43:47.697034,2022-09-14 18:43:47.704381,2022-09-14 18:54:35.315791,0:10:47.618706,33.3,16.2
2022-09-14 18:43:47.736576,2022-09-14 18:43:47.738473,2022-09-14 18:54:35.327998,0:10:47.591373,14.3,16.2
2022-09-14 18:43:47.703239,2022-09-14 18:43:47.738473,2022-09-14 18:54:35.339362,0:10:47.636072,14.3,16.2
2022-09-14 18:43:47.731134,2022-09-14 18:43:47.737929,2022-09-14 18:54:35.358190,0:10:47.627006,18.2,16.2
2022-09-14 18:43:47.724916,2022-09-14 18:43:47.731003,2022-09-14 18:54:35.378785,0:10:47.653819,25.0,16.2
2022-09-14 18:43:47.730338,2022-09-14 18:43:47.750242,2022-09-14 18:54:35.384014,0:10:47.653627,0.0,16.2
2022-09-14 18:43:47.736962,2022-09-14 18:43:47.737929,2022-09-14 18:54:35.395998,0:10:47.658988,16.7,16.2
2022-09-14 18:43:47.766207,2022-09-14 18:43:47.773286,2022-09-14 18:54:35.436101,0:10:47.669839,20.0,16.2
2022-09-14 18:43:47.749199,2022-09-14 18:43:47.761780,2022-09-14 18:54:35.450306,0:10:47.701056,22.2,16.2
2022-09-14 18:43:47.766460,2022-09-14 18:43:47.773032,2022-09-14 18:54:35.463445,0:10:47.696936,25.0,16.2
2022-09-14 18:43:47.788056,2022-09-14 18:43:47.789047,2022-09-14 18:54:35.486369,0:10:47.698264,15.4,16.2
2022-09-14 18:43:47.788897,2022-09-14 18:43:47.801293,2022-09-14 18:54:35.526808,0:10:47.737859,17.4,16.2
2022-09-14 18:43:47.794646,2022-09-14 18:43:47.801585,2022-09-14 18:54:35.540013,0:10:47.745319,12.5,16.2
2022-09-14 18:43:47.800032,2022-09-14 18:43:47.801566,2022-09-14 18:54:35.554801,0:10:47.754719,22.2,16.2
2022-09-14 18:43:47.800185,2022-09-14 18:43:47.801892,2022-09-14 18:54:35.564510,0:10:47.764276,20.0,16.2
2022-09-14 18:43:47.794374,2022-09-14 18:43:47.807585,2022-09-14 18:54:35.572412,0:10:47.777989,20.0,16.2
2022-09-14 18:43:47.806467,2022-09-14 18:43:47.807563,2022-09-14 18:54:35.582444,0:10:47.775929,0.0,16.2
2022-09-14 18:43:47.812621,2022-09-14 18:43:47.813815,2022-09-14 18:54:35.598363,0:10:47.785694,22.2,16.2
2022-09-14 18:43:47.835162,2022-09-14 18:43:47.846308,2022-09-14 18:54:35.626242,0:10:47.791031,22.2,16.2
2022-09-14 18:43:47.829539,2022-09-14 18:43:47.846307,2022-09-14 18:54:35.654435,0:10:47.824846,18.7,16.2
2022-09-14 18:43:47.863222,2022-09-14 18:43:47.864199,2022-09-14 18:54:35.688849,0:10:47.825577,19.0,16.2
2022-09-14 18:43:47.856682,2022-09-14 18:43:47.858002,2022-09-14 18:54:35.700713,0:10:47.843982,14.3,16.2
2022-09-14 18:43:47.856283,2022-09-14 18:43:47.863374,2022-09-14 18:54:35.710784,0:10:47.854451,20.0,16.2
2022-09-14 18:43:47.862783,2022-09-14 18:43:47.864652,2022-09-14 18:54:35.721095,0:10:47.858263,16.7,16.2
2022-09-14 18:43:47.862620,2022-09-14 18:43:47.864652,2022-09-14 18:54:35.733133,0:10:47.870463,14.3,16.2
2022-09-14 18:43:47.850891,2022-09-14 18:43:47.863764,2022-09-14 18:54:35.772607,0:10:47.921665,17.4,16.2
2022-09-14 18:43:47.875019,2022-09-14 18:43:47.876709,2022-09-14 18:54:35.786012,0:10:47.910943,25.0,16.2
2022-09-14 18:43:47.875478,2022-09-14 18:43:47.877058,2022-09-14 18:54:35.791327,0:10:47.915800,25.0,16.2
2022-09-14 18:43:47.900189,2022-09-14 18:43:47.901244,2022-09-14 18:54:35.857927,0:10:47.957682,17.9,16.2
2022-09-14 18:43:47.921730,2022-09-14 18:43:47.929200,2022-09-14 18:54:35.880193,0:10:47.958411,21.4,16.2
2022-09-14 18:43:47.927393,2022-09-14 18:43:47.929215,2022-09-14 18:54:35.888166,0:10:47.960723,20.0,16.2
2022-09-14 18:43:47.927262,2022-09-14 18:43:47.928838,2022-09-14 18:54:35.900520,0:10:47.973208,16.7,16.2
2022-09-14 18:43:47.927772,2022-09-14 18:43:47.928928,2022-09-14 18:54:35.920379,0:10:47.992558,16.7,16.2
2022-09-14 18:43:47.927121,2022-09-14 18:43:47.929084,2022-09-14 18:54:35.934502,0:10:48.007333,14.3,16.2
2022-09-14 18:43:47.944525,2022-09-14 18:43:47.950742,2022-09-14 18:54:35.948676,0:10:48.004095,22.2,16.2
2022-09-14 18:43:47.921504,2022-09-14 18:43:47.928838,2022-09-14 18:54:35.972753,0:10:48.051200,14.3,16.2
2022-09-14 18:43:47.927580,2022-09-14 18:43:47.951770,2022-09-14 18:54:35.982772,0:10:48.055143,28.6,16.2
2022-09-14 18:43:47.988984,2022-09-14 18:43:47.990979,2022-09-14 18:54:36.039572,0:10:48.050530,21.2,16.2
2022-09-14 18:43:47.989137,2022-09-14 18:43:47.991064,2022-09-14 18:54:36.057887,0:10:48.068698,18.2,16.2
2022-09-14 18:43:47.962025,2022-09-14 18:43:47.978904,2022-09-14 18:54:36.065983,0:10:48.103907,20.0,16.2
2022-09-14 18:43:47.989336,2022-09-14 18:43:47.990944,2022-09-14 18:54:36.073884,0:10:48.084499,20.0,16.2
2022-09-14 18:43:47.944057,2022-09-14 18:43:47.951843,2022-09-14 18:54:36.087885,0:10:48.143778,33.3,16.2
2022-09-14 18:43:47.988810,2022-09-14 18:43:47.990971,2022-09-14 18:54:36.110165,0:10:48.121306,15.4,16.2
2022-09-14 18:43:47.990666,2022-09-14 18:43:47.997509,2022-09-14 18:54:36.120329,0:10:48.129614,28.6,16.2
2022-09-14 18:43:48.007426,2022-09-14 18:43:48.008881,2022-09-14 18:54:36.134383,0:10:48.126907,14.3,16.2
2022-09-14 18:43:47.989940,2022-09-14 18:43:47.991619,2022-09-14 18:54:36.156595,0:10:48.166605,21.4,16.2
2022-09-14 18:43:47.989585,2022-09-14 18:43:47.991907,2022-09-14 18:54:36.176740,0:10:48.187104,16.7,16.2
2022-09-14 18:43:48.023875,2022-09-14 18:43:48.030841,2022-09-14 18:54:36.184816,0:10:48.160891,25.0,16.2
2022-09-14 18:43:48.008472,2022-09-14 18:43:48.025397,2022-09-14 18:54:36.222183,0:10:48.213661,13.6,16.2
2022-09-14 18:43:48.051399,2022-09-14 18:43:48.074239,2022-09-14 18:54:36.256521,0:10:48.205067,30.0,16.2
2022-09-14 18:43:48.062580,2022-09-14 18:43:48.074239,2022-09-14 18:54:36.267450,0:10:48.204816,37.5,16.2
2022-09-14 18:43:48.051235,2022-09-14 18:43:48.074344,2022-09-14 18:54:36.295674,0:10:48.244378,13.3,16.2
2022-09-14 18:43:48.084301,2022-09-14 18:43:48.085805,2022-09-14 18:54:36.316105,0:10:48.231751,35.7,16.2
2022-09-14 18:43:48.084532,2022-09-14 18:43:48.096936,2022-09-14 18:54:36.340152,0:10:48.255569,20.0,16.2
2022-09-14 18:43:48.084073,2022-09-14 18:43:48.091091,2022-09-14 18:54:36.345565,0:10:48.261443,0.0,16.2
2022-09-14 18:43:48.057264,2022-09-14 18:43:48.063617,2022-09-14 18:54:36.350925,0:10:48.293612,25.0,16.2
2022-09-14 18:43:48.051586,2022-09-14 18:43:48.063837,2022-09-14 18:54:36.363137,0:10:48.311501,16.7,16.2
2022-09-14 18:43:48.062857,2022-09-14 18:43:48.096644,2022-09-14 18:54:36.387157,0:10:48.324249,20.0,16.2
2022-09-14 18:43:48.057122,2022-09-14 18:43:48.096700,2022-09-14 18:54:36.392427,0:10:48.335256,0.0,16.2
2022-09-14 18:43:48.119339,2022-09-14 18:43:48.120425,2022-09-14 18:54:36.422673,0:10:48.303272,16.7,16.2
2022-09-14 18:43:48.119118,2022-09-14 18:43:48.125792,2022-09-14 18:54:36.447322,0:10:48.328151,20.0,16.2
2022-09-14 18:43:48.113512,2022-09-14 18:43:48.119578,2022-09-14 18:54:36.471447,0:10:48.357883,21.4,16.2
2022-09-14 18:43:48.125636,2022-09-14 18:43:48.132339,2022-09-14 18:54:36.479397,0:10:48.353711,0.0,16.2
2022-09-14 18:43:48.131012,2022-09-14 18:43:48.132250,2022-09-14 18:54:36.517297,0:10:48.386233,18.2,16.2
2022-09-14 18:43:48.113350,2022-09-14 18:43:48.148553,2022-09-14 18:54:36.531307,0:10:48.417906,22.2,16.2
2022-09-14 18:43:48.119742,2022-09-14 18:43:48.142976,2022-09-14 18:54:36.551830,0:10:48.432038,16.7,16.2
2022-09-14 18:43:48.158746,2022-09-14 18:43:48.180497,2022-09-14 18:54:36.565314,0:10:48.406520,25.0,16.2
2022-09-14 18:43:48.147660,2022-09-14 18:43:48.148755,2022-09-14 18:54:36.577504,0:10:48.429795,25.0,16.2
2022-09-14 18:43:48.179828,2022-09-14 18:43:48.180939,2022-09-14 18:54:36.585440,0:10:48.405564,20.0,16.2
2022-09-14 18:43:48.164177,2022-09-14 18:43:48.187105,2022-09-14 18:54:36.603440,0:10:48.439214,27.3,16.2
2022-09-14 18:43:48.180449,2022-09-14 18:43:48.187105,2022-09-14 18:54:36.647492,0:10:48.466992,18.5,16.2
2022-09-14 18:43:48.186127,2022-09-14 18:43:48.225315,2022-09-14 18:54:36.671644,0:10:48.485466,14.3,16.2
2022-09-14 18:43:48.197233,2022-09-14 18:43:48.224640,2022-09-14 18:54:36.689976,0:10:48.492695,20.0,16.2
2022-09-14 18:43:48.197398,2022-09-14 18:43:48.224640,2022-09-14 18:54:36.698215,0:10:48.500768,20.0,16.2
2022-09-14 18:43:48.224452,2022-09-14 18:43:48.231409,2022-09-14 18:54:36.720362,0:10:48.495857,21.4,16.2
2022-09-14 18:43:48.203006,2022-09-14 18:43:48.230904,2022-09-14 18:54:36.739710,0:10:48.536646,18.2,16.2
2022-09-14 18:43:48.208490,2022-09-14 18:43:48.230996,2022-09-14 18:54:36.750333,0:10:48.541795,16.7,16.2
2022-09-14 18:43:48.180294,2022-09-14 18:43:48.224514,2022-09-14 18:54:36.764706,0:10:48.584357,22.2,16.2
2022-09-14 18:43:48.224169,2022-09-14 18:43:48.242919,2022-09-14 18:54:36.794685,0:10:48.570459,17.6,16.2
2022-09-14 18:43:48.242774,2022-09-14 18:43:48.249354,2022-09-14 18:54:36.821409,0:10:48.578571,23.5,16.2
2022-09-14 18:43:48.259498,2022-09-14 18:43:48.260499,2022-09-14 18:54:36.829754,0:10:48.570196,33.3,16.2
2022-09-14 18:43:48.241490,2022-09-14 18:43:48.243472,2022-09-14 18:54:36.842623,0:10:48.601077,25.0,16.2
2022-09-14 18:43:48.248231,2022-09-14 18:43:48.249391,2022-09-14 18:54:36.858559,0:10:48.610275,11.1,16.2
2022-09-14 18:43:48.265617,2022-09-14 18:43:48.288488,2022-09-14 18:54:36.896071,0:10:48.630394,21.7,16.2
2022-09-14 18:43:48.271449,2022-09-14 18:43:48.272492,2022-09-14 18:54:36.906342,0:10:48.634838,20.0,16.2
2022-09-14 18:43:48.265004,2022-09-14 18:43:48.266202,2022-09-14 18:54:36.920968,0:10:48.655911,22.2,16.2
2022-09-14 18:43:48.287381,2022-09-14 18:43:48.294111,2022-09-14 18:54:36.970180,0:10:48.682742,20.0,16.2
2022-09-14 18:43:48.309293,2022-09-14 18:43:48.310294,2022-09-14 18:54:36.980191,0:10:48.670847,16.7,16.2
2022-09-14 18:43:48.287215,2022-09-14 18:43:48.326631,2022-09-14 18:54:36.994291,0:10:48.707027,14.3,16.2
2022-09-14 18:43:48.293481,2022-09-14 18:43:48.294505,2022-09-14 18:54:37.010415,0:10:48.716883,27.3,16.2
2022-09-14 18:43:48.332205,2022-09-14 18:43:48.333473,2022-09-14 18:54:37.038930,0:10:48.706674,17.6,16.2
2022-09-14 18:43:48.325924,2022-09-14 18:43:48.327089,2022-09-14 18:54:37.047018,0:10:48.721044,25.0,16.2
2022-09-14 18:43:48.315039,2022-09-14 18:43:48.326591,2022-09-14 18:54:37.059170,0:10:48.744082,14.3,16.2
2022-09-14 18:43:48.332410,2022-09-14 18:43:48.339503,2022-09-14 18:54:37.067372,0:10:48.734914,20.0,16.2
2022-09-14 18:43:48.326137,2022-09-14 18:43:48.345044,2022-09-14 18:54:37.083288,0:10:48.757103,20.0,16.2
2022-09-14 18:43:48.356143,2022-09-14 18:43:48.363030,2022-09-14 18:54:37.151997,0:10:48.795797,17.5,16.2
2022-09-14 18:43:48.361906,2022-09-14 18:43:48.385875,2022-09-14 18:54:37.160111,0:10:48.798153,33.3,16.2
2022-09-14 18:43:48.349838,2022-09-14 18:43:48.356749,2022-09-14 18:54:37.174289,0:10:48.824402,14.3,16.2
2022-09-14 18:43:48.390427,2022-09-14 18:43:48.391552,2022-09-14 18:54:37.182306,0:10:48.791830,33.3,16.2
2022-09-14 18:43:48.369225,2022-09-14 18:43:48.397433,2022-09-14 18:54:37.208143,0:10:48.838867,23.5,16.2
2022-09-14 18:43:48.396050,2022-09-14 18:43:48.397303,2022-09-14 18:54:37.222327,0:10:48.826225,14.3,16.2
2022-09-14 18:43:48.395872,2022-09-14 18:43:48.397840,2022-09-14 18:54:37.234500,0:10:48.838579,14.3,16.2
2022-09-14 18:43:48.390266,2022-09-14 18:43:48.403481,2022-09-14 18:54:37.242782,0:10:48.852467,33.3,16.2
2022-09-14 18:43:48.384892,2022-09-14 18:43:48.397139,2022-09-14 18:54:37.254835,0:10:48.869894,14.3,16.2
2022-09-14 18:43:48.396763,2022-09-14 18:43:48.403970,2022-09-14 18:54:37.263229,0:10:48.866418,25.0,16.2
2022-09-14 18:43:48.415186,2022-09-14 18:43:48.422348,2022-09-14 18:54:37.296958,0:10:48.881722,15.0,16.2
2022-09-14 18:43:48.427390,2022-09-14 18:43:48.428416,2022-09-14 18:54:37.345253,0:10:48.917813,17.9,16.2
2022-09-14 18:43:48.449096,2022-09-14 18:43:48.450188,2022-09-14 18:54:37.353222,0:10:48.904078,33.3,16.2
2022-09-14 18:43:48.433078,2022-09-14 18:43:48.455395,2022-09-14 18:54:37.365174,0:10:48.932047,25.0,16.2
2022-09-14 18:43:48.427695,2022-09-14 18:43:48.449888,2022-09-14 18:54:37.383246,0:10:48.955503,20.0,16.2
2022-09-14 18:43:48.455084,2022-09-14 18:43:48.456208,2022-09-14 18:54:37.397384,0:10:48.942253,12.5,16.2
2022-09-14 18:43:48.461331,2022-09-14 18:43:48.473193,2022-09-14 18:54:37.421722,0:10:48.960341,20.0,16.2
2022-09-14 18:43:48.461106,2022-09-14 18:43:48.467651,2022-09-14 18:54:37.434268,0:10:48.973113,25.0,16.2
2022-09-14 18:43:48.454841,2022-09-14 18:43:48.456261,2022-09-14 18:54:37.442401,0:10:48.987511,40.0,16.2
2022-09-14 18:43:48.488258,2022-09-14 18:43:48.495281,2022-09-14 18:54:37.498881,0:10:49.010572,17.6,16.2
2022-09-14 18:43:48.472614,2022-09-14 18:43:48.495565,2022-09-14 18:54:37.508998,0:10:49.036335,20.0,16.2
2022-09-14 18:43:48.488936,2022-09-14 18:43:48.523122,2022-09-14 18:54:37.534237,0:10:49.045252,18.8,16.2
2022-09-14 18:43:48.510844,2022-09-14 18:43:48.511946,2022-09-14 18:54:37.551153,0:10:49.040260,27.3,16.2
2022-09-14 18:43:48.521930,2022-09-14 18:43:48.523521,2022-09-14 18:54:37.563350,0:10:49.041372,16.7,16.2
2022-09-14 18:43:48.504887,2022-09-14 18:43:48.506111,2022-09-14 18:54:37.587346,0:10:49.082411,20.0,16.2
2022-09-14 18:43:48.522913,2022-09-14 18:43:48.524326,2022-09-14 18:54:37.597558,0:10:49.074596,0.0,16.2
2022-09-14 18:43:48.494529,2022-09-14 18:43:48.506373,2022-09-14 18:54:37.605729,0:10:49.111152,33.3,16.2
2022-09-14 18:43:48.522521,2022-09-14 18:43:48.523794,2022-09-14 18:54:37.624505,0:10:49.101933,25.0,16.2
2022-09-14 18:43:48.522205,2022-09-14 18:43:48.529572,2022-09-14 18:54:37.634815,0:10:49.112556,20.0,16.2
2022-09-14 18:43:48.555804,2022-09-14 18:43:48.568332,2022-09-14 18:54:37.686355,0:10:49.130498,16.1,16.2
2022-09-14 18:43:48.555645,2022-09-14 18:43:48.568332,2022-09-14 18:54:37.699302,0:10:49.143607,25.0,16.2
2022-09-14 18:43:48.573069,2022-09-14 18:43:48.579529,2022-09-14 18:54:37.733791,0:10:49.160660,15.8,16.2
2022-09-14 18:43:48.573238,2022-09-14 18:43:48.585137,2022-09-14 18:54:37.742409,0:10:49.169116,20.0,16.2
2022-09-14 18:43:48.550341,2022-09-14 18:43:48.562871,2022-09-14 18:54:37.750501,0:10:49.200106,20.0,16.2
2022-09-14 18:43:48.584114,2022-09-14 18:43:48.585366,2022-09-14 18:54:37.764721,0:10:49.180555,22.2,16.2
2022-09-14 18:43:48.567310,2022-09-14 18:43:48.585345,2022-09-14 18:54:37.775251,0:10:49.207891,16.7,16.2
2022-09-14 18:43:48.583925,2022-09-14 18:43:48.591228,2022-09-14 18:54:37.794111,0:10:49.210135,18.2,16.2
2022-09-14 18:43:48.634731,2022-09-14 18:43:48.636268,2022-09-14 18:54:37.857728,0:10:49.222945,18.4,16.2
2022-09-14 18:43:48.596442,2022-09-14 18:43:48.629860,2022-09-14 18:54:37.870628,0:10:49.274136,14.3,16.2
2022-09-14 18:43:48.628654,2022-09-14 18:43:48.636540,2022-09-14 18:54:37.888573,0:10:49.259871,20.0,16.2
2022-09-14 18:43:48.634348,2022-09-14 18:43:48.635770,2022-09-14 18:54:37.896949,0:10:49.262552,20.0,16.2
2022-09-14 18:43:48.618267,2022-09-14 18:43:48.624349,2022-09-14 18:54:37.917384,0:10:49.299065,23.1,16.2
2022-09-14 18:43:48.628815,2022-09-14 18:43:48.635798,2022-09-14 18:54:37.937327,0:10:49.308461,18.2,16.2
2022-09-14 18:43:48.647260,2022-09-14 18:43:48.648570,2022-09-14 18:54:37.951242,0:10:49.303932,22.2,16.2
2022-09-14 18:43:48.635389,2022-09-14 18:43:48.637230,2022-09-14 18:54:37.959113,0:10:49.323675,20.0,16.2
2022-09-14 18:43:48.635193,2022-09-14 18:43:48.636846,2022-09-14 18:54:37.967419,0:10:49.332178,20.0,16.2
2022-09-14 18:43:48.647575,2022-09-14 18:43:48.649154,2022-09-14 18:54:37.981297,0:10:49.333674,14.3,16.2
2022-09-14 18:43:48.659710,2022-09-14 18:43:48.676733,2022-09-14 18:54:38.013187,0:10:49.353428,21.1,16.2
2022-09-14 18:43:48.697236,2022-09-14 18:43:48.698262,2022-09-14 18:54:38.060853,0:10:49.363566,17.9,16.2
2022-09-14 18:43:48.703248,2022-09-14 18:43:48.709421,2022-09-14 18:54:38.085535,0:10:49.382236,25.0,16.2
2022-09-14 18:43:48.709878,2022-09-14 18:43:48.710825,2022-09-14 18:54:38.093997,0:10:49.384070,33.3,16.2
2022-09-14 18:43:48.686456,2022-09-14 18:43:48.692816,2022-09-14 18:54:38.116668,0:10:49.430156,21.4,16.2
2022-09-14 18:43:48.708643,2022-09-14 18:43:48.709592,2022-09-14 18:54:38.124792,0:10:49.416101,20.0,16.2
2022-09-14 18:43:48.703036,2022-09-14 18:43:48.710151,2022-09-14 18:54:38.156010,0:10:49.452924,16.7,16.2
2022-09-14 18:43:48.697482,2022-09-14 18:43:48.710589,2022-09-14 18:54:38.161217,0:10:49.463687,0.0,16.2
2022-09-14 18:43:48.691848,2022-09-14 18:43:48.710762,2022-09-14 18:54:38.173088,0:10:49.481191,25.0,16.2
2022-09-14 18:43:48.721767,2022-09-14 18:43:48.722786,2022-09-14 18:54:38.187189,0:10:49.465373,22.2,16.2
2022-09-14 18:43:48.709507,2022-09-14 18:43:48.722230,2022-09-14 18:54:38.199188,0:10:49.489632,16.7,16.2
2022-09-14 18:43:48.749252,2022-09-14 18:43:48.755769,2022-09-14 18:54:38.241226,0:10:49.491921,16.0,16.2
2022-09-14 18:43:48.765427,2022-09-14 18:43:48.771743,2022-09-14 18:54:38.259507,0:10:49.494031,20.0,16.2
2022-09-14 18:43:48.772023,2022-09-14 18:43:48.784052,2022-09-14 18:54:38.307005,0:10:49.534927,20.7,16.2
2022-09-14 18:43:48.782646,2022-09-14 18:43:48.800107,2022-09-14 18:54:38.314954,0:10:49.532258,20.0,16.2
2022-09-14 18:43:48.765613,2022-09-14 18:43:48.771744,2022-09-14 18:54:38.323054,0:10:49.557391,0.0,16.2
2022-09-14 18:43:48.771695,2022-09-14 18:43:48.772757,2022-09-14 18:54:38.338566,0:10:49.566823,22.2,16.2
2022-09-14 18:43:48.771351,2022-09-14 18:43:48.772309,2022-09-14 18:54:38.349362,0:10:49.577963,16.7,16.2
2022-09-14 18:43:48.771153,2022-09-14 18:43:48.805703,2022-09-14 18:54:38.371892,0:10:49.600690,21.4,16.2
2022-09-14 18:43:48.771006,2022-09-14 18:43:48.789513,2022-09-14 18:54:38.380029,0:10:49.608974,20.0,16.2
2022-09-14 18:43:48.836366,2022-09-14 18:43:48.837582,2022-09-14 18:54:38.413809,0:10:49.577393,15.8,16.2
2022-09-14 18:43:48.820043,2022-09-14 18:43:48.821059,2022-09-14 18:54:38.430083,0:10:49.609989,20.0,16.2
2022-09-14 18:43:48.842061,2022-09-14 18:43:48.849792,2022-09-14 18:54:38.464436,0:10:49.622325,20.0,16.2
2022-09-14 18:43:48.843002,2022-09-14 18:43:48.844345,2022-09-14 18:54:38.489789,0:10:49.646738,18.7,16.2
2022-09-14 18:43:48.836518,2022-09-14 18:43:48.843179,2022-09-14 18:54:38.495068,0:10:49.658501,33.3,16.2
2022-09-14 18:43:48.782945,2022-09-14 18:43:48.811531,2022-09-14 18:54:38.500326,0:10:49.717333,0.0,16.2
2022-09-14 18:43:48.836193,2022-09-14 18:43:48.843910,2022-09-14 18:54:38.510299,0:10:49.674059,16.7,16.2
2022-09-14 18:43:48.842217,2022-09-14 18:43:48.844105,2022-09-14 18:54:38.526839,0:10:49.684573,27.3,16.2
2022-09-14 18:43:48.843659,2022-09-14 18:43:48.861187,2022-09-14 18:54:38.534985,0:10:49.691277,20.0,16.2
2022-09-14 18:43:48.825692,2022-09-14 18:43:48.837686,2022-09-14 18:54:38.545014,0:10:49.719275,20.0,16.2
2022-09-14 18:43:48.905004,2022-09-14 18:43:48.911491,2022-09-14 18:54:38.639787,0:10:49.734723,17.9,16.2
2022-09-14 18:43:48.882976,2022-09-14 18:43:48.889201,2022-09-14 18:54:38.656103,0:10:49.773068,20.0,16.2
2022-09-14 18:43:48.905158,2022-09-14 18:43:48.911229,2022-09-14 18:54:38.664386,0:10:49.759176,20.0,16.2
2022-09-14 18:43:48.899315,2022-09-14 18:43:48.928010,2022-09-14 18:54:38.690324,0:10:49.790959,13.3,16.2
2022-09-14 18:43:48.904865,2022-09-14 18:43:48.911491,2022-09-14 18:54:38.698278,0:10:49.793364,40.0,16.2
2022-09-14 18:43:48.893889,2022-09-14 18:43:48.894901,2022-09-14 18:54:38.708479,0:10:49.814541,25.0,16.2
2022-09-14 18:43:48.843514,2022-09-14 18:43:48.894872,2022-09-14 18:54:38.724331,0:10:49.880768,11.1,16.2
2022-09-14 18:43:48.938113,2022-09-14 18:43:48.939691,2022-09-14 18:54:38.732483,0:10:49.794321,20.0,16.2
2022-09-14 18:43:48.916035,2022-09-14 18:43:48.917361,2022-09-14 18:54:38.740582,0:10:49.824497,25.0,16.2
2022-09-14 18:43:48.904701,2022-09-14 18:43:48.911389,2022-09-14 18:54:38.748676,0:10:49.843915,20.0,16.2
2022-09-14 18:43:48.916208,2022-09-14 18:43:48.922809,2022-09-14 18:54:38.765247,0:10:49.848988,11.1,16.2
2022-09-14 18:43:48.945048,2022-09-14 18:43:48.946101,2022-09-14 18:54:38.773501,0:10:49.828405,33.3,16.2
2022-09-14 18:43:48.956632,2022-09-14 18:43:48.963822,2022-09-14 18:54:38.813647,0:10:49.856965,17.4,16.2
2022-09-14 18:43:48.968980,2022-09-14 18:43:48.980583,2022-09-14 18:54:38.842015,0:10:49.872984,22.2,16.2
2022-09-14 18:43:48.979774,2022-09-14 18:43:48.986114,2022-09-14 18:54:38.862432,0:10:49.882609,23.1,16.2
2022-09-14 18:43:48.985544,2022-09-14 18:43:48.997849,2022-09-14 18:54:38.894886,0:10:49.909292,21.1,16.2
2022-09-14 18:43:48.974423,2022-09-14 18:43:48.980583,2022-09-14 18:54:38.905383,0:10:49.930911,16.7,16.2
2022-09-14 18:43:49.007773,2022-09-14 18:43:49.008838,2022-09-14 18:54:38.929598,0:10:49.921771,14.3,16.2
2022-09-14 18:43:49.007610,2022-09-14 18:43:49.014658,2022-09-14 18:54:38.941401,0:10:49.933740,37.5,16.2
2022-09-14 18:43:48.968800,2022-09-14 18:43:48.992054,2022-09-14 18:54:38.951450,0:10:49.982601,16.7,16.2
2022-09-14 18:43:48.991016,2022-09-14 18:43:48.997803,2022-09-14 18:54:38.963435,0:10:49.972371,14.3,16.2
2022-09-14 18:43:49.032992,2022-09-14 18:43:49.050225,2022-09-14 18:54:39.013524,0:10:49.980479,17.2,16.2
2022-09-14 18:43:49.021985,2022-09-14 18:43:49.051164,2022-09-14 18:54:39.038412,0:10:50.016375,20.0,16.2
2022-09-14 18:43:48.968640,2022-09-14 18:43:49.003079,2022-09-14 18:54:39.043802,0:10:50.075113,33.3,16.2
2022-09-14 18:43:49.049609,2022-09-14 18:43:49.050586,2022-09-14 18:54:39.065804,0:10:50.016139,15.4,16.2
2022-09-14 18:43:49.049467,2022-09-14 18:43:49.057137,2022-09-14 18:54:39.075981,0:10:50.026462,28.6,16.2
2022-09-14 18:43:49.043937,2022-09-14 18:43:49.050824,2022-09-14 18:54:39.096360,0:10:50.052374,18.2,16.2
2022-09-14 18:43:49.032886,2022-09-14 18:43:49.056896,2022-09-14 18:54:39.106466,0:10:50.073530,16.7,16.2
2022-09-14 18:43:49.055679,2022-09-14 18:43:49.057664,2022-09-14 18:54:39.116443,0:10:50.060715,28.6,16.2
2022-09-14 18:43:49.050038,2022-09-14 18:43:49.057449,2022-09-14 18:54:39.152755,0:10:50.102665,19.0,16.2
2022-09-14 18:43:49.084817,2022-09-14 18:43:49.096660,2022-09-14 18:54:39.168065,0:10:50.083198,20.0,16.2
2022-09-14 18:43:49.106987,2022-09-14 18:43:49.108161,2022-09-14 18:54:39.190915,0:10:50.083878,21.4,16.2
2022-09-14 18:43:49.095610,2022-09-14 18:43:49.101948,2022-09-14 18:54:39.218947,0:10:50.123286,18.7,16.2
2022-09-14 18:43:49.068033,2022-09-14 18:43:49.069416,2022-09-14 18:54:39.231080,0:10:50.162997,14.3,16.2
2022-09-14 18:43:49.068534,2022-09-14 18:43:49.085593,2022-09-14 18:54:39.239551,0:10:50.170964,20.0,16.2
2022-09-14 18:43:49.101157,2022-09-14 18:43:49.125029,2022-09-14 18:54:39.254022,0:10:50.152812,12.5,16.2
2022-09-14 18:43:49.118560,2022-09-14 18:43:49.119531,2022-09-14 18:54:39.270529,0:10:50.151920,27.3,16.2
2022-09-14 18:43:49.112882,2022-09-14 18:43:49.130937,2022-09-14 18:54:39.320164,0:10:50.207227,23.3,16.2
2022-09-14 18:43:49.129424,2022-09-14 18:43:49.136111,2022-09-14 18:54:39.325487,0:10:50.196014,0.0,16.2
2022-09-14 18:43:49.135527,2022-09-14 18:43:49.158389,2022-09-14 18:54:39.351653,0:10:50.216076,20.0,16.2
2022-09-14 18:43:49.156587,2022-09-14 18:43:49.157673,2022-09-14 18:54:39.359686,0:10:50.203042,20.0,16.2
2022-09-14 18:43:49.157104,2022-09-14 18:43:49.164024,2022-09-14 18:54:39.377629,0:10:50.220476,18.2,16.2
2022-09-14 18:43:49.163296,2022-09-14 18:43:49.175129,2022-09-14 18:54:39.387709,0:10:50.224356,20.0,16.2
2022-09-14 18:43:49.113038,2022-09-14 18:43:49.124896,2022-09-14 18:54:39.407580,0:10:50.294490,16.7,16.2
2022-09-14 18:43:49.140905,2022-09-14 18:43:49.151986,2022-09-14 18:54:39.415777,0:10:50.274820,20.0,16.2
2022-09-14 18:43:49.174738,2022-09-14 18:43:49.180872,2022-09-14 18:54:39.431779,0:10:50.256989,22.2,16.2
2022-09-14 18:43:49.180697,2022-09-14 18:43:49.195929,2022-09-14 18:54:39.473296,0:10:50.292549,16.7,16.2
2022-09-14 18:43:49.180122,2022-09-14 18:43:49.181885,2022-09-14 18:54:39.491948,0:10:50.311777,25.0,16.2
2022-09-14 18:43:49.194785,2022-09-14 18:43:49.218090,2022-09-14 18:54:39.516192,0:10:50.321358,20.0,16.2
2022-09-14 18:43:49.206001,2022-09-14 18:43:49.207053,2022-09-14 18:54:39.524069,0:10:50.318020,0.0,16.2
2022-09-14 18:43:49.186501,2022-09-14 18:43:49.218050,2022-09-14 18:54:39.534012,0:10:50.347463,20.0,16.2
2022-09-14 18:43:49.200537,2022-09-14 18:43:49.212292,2022-09-14 18:54:39.562228,0:10:50.361642,22.2,16.2
2022-09-14 18:43:49.245208,2022-09-14 18:43:49.246189,2022-09-14 18:54:39.574131,0:10:50.328874,28.6,16.2
2022-09-14 18:43:49.244929,2022-09-14 18:43:49.245977,2022-09-14 18:54:39.616007,0:10:50.371027,19.2,16.2
2022-09-14 18:43:49.223106,2022-09-14 18:43:49.234717,2022-09-14 18:54:39.638215,0:10:50.415059,16.7,16.2
2022-09-14 18:43:49.256429,2022-09-14 18:43:49.273673,2022-09-14 18:54:39.654300,0:10:50.397822,11.1,16.2
2022-09-14 18:43:49.278610,2022-09-14 18:43:49.286243,2022-09-14 18:54:39.678613,0:10:50.399953,25.0,16.2
2022-09-14 18:43:49.250589,2022-09-14 18:43:49.274030,2022-09-14 18:54:39.688435,0:10:50.437797,20.0,16.2
2022-09-14 18:43:49.267274,2022-09-14 18:43:49.280243,2022-09-14 18:54:39.698666,0:10:50.431335,0.0,16.2
2022-09-14 18:43:49.256230,2022-09-14 18:43:49.273673,2022-09-14 18:54:39.712513,0:10:50.456234,22.2,16.2
2022-09-14 18:43:49.267148,2022-09-14 18:43:49.285906,2022-09-14 18:54:39.732554,0:10:50.465357,18.2,16.2
2022-09-14 18:43:49.284676,2022-09-14 18:43:49.296708,2022-09-14 18:54:39.744714,0:10:50.459988,14.3,16.2
2022-09-14 18:43:49.256619,2022-09-14 18:43:49.285686,2022-09-14 18:54:39.754777,0:10:50.498108,16.7,16.2
2022-09-14 18:43:49.306555,2022-09-14 18:43:49.308195,2022-09-14 18:54:39.776330,0:10:50.469726,16.7,16.2
2022-09-14 18:43:49.327896,2022-09-14 18:43:49.350823,2022-09-14 18:54:39.833811,0:10:50.505857,17.6,16.2
2022-09-14 18:43:49.321538,2022-09-14 18:43:49.350456,2022-09-14 18:54:39.844251,0:10:50.522659,28.6,16.2
2022-09-14 18:43:49.327712,2022-09-14 18:43:49.344647,2022-09-14 18:54:39.858203,0:10:50.530441,14.3,16.2
2022-09-14 18:43:49.321377,2022-09-14 18:43:49.322760,2022-09-14 18:54:39.870133,0:10:50.548706,25.0,16.2
2022-09-14 18:43:49.313371,2022-09-14 18:43:49.334267,2022-09-14 18:54:39.878185,0:10:50.564767,33.3,16.2
2022-09-14 18:43:49.344034,2022-09-14 18:43:49.356115,2022-09-14 18:54:39.906244,0:10:50.562160,23.5,16.2
2022-09-14 18:43:49.333145,2022-09-14 18:43:49.350719,2022-09-14 18:54:39.924407,0:10:50.591213,18.2,16.2
2022-09-14 18:43:49.349492,2022-09-14 18:43:49.372293,2022-09-14 18:54:39.949828,0:10:50.600285,25.0,16.2
2022-09-14 18:43:49.371608,2022-09-14 18:43:49.401551,2022-09-14 18:54:39.982612,0:10:50.610954,20.0,16.2
2022-09-14 18:43:49.393371,2022-09-14 18:43:49.395172,2022-09-14 18:54:39.996651,0:10:50.603231,12.5,16.2
2022-09-14 18:43:49.393591,2022-09-14 18:43:49.401515,2022-09-14 18:54:40.008983,0:10:50.615343,16.7,16.2
2022-09-14 18:43:49.399879,2022-09-14 18:43:49.401185,2022-09-14 18:54:40.028978,0:10:50.629049,23.1,16.2
2022-09-14 18:43:49.382616,2022-09-14 18:43:49.400892,2022-09-14 18:54:40.036962,0:10:50.654297,0.0,16.2
2022-09-14 18:43:49.394216,2022-09-14 18:43:49.401378,2022-09-14 18:54:40.048486,0:10:50.654220,28.6,16.2
2022-09-14 18:43:49.327520,2022-09-14 18:43:49.361756,2022-09-14 18:54:40.059349,0:10:50.731779,28.6,16.2
2022-09-14 18:43:49.393087,2022-09-14 18:43:49.407552,2022-09-14 18:54:40.075477,0:10:50.682339,11.1,16.2
2022-09-14 18:43:49.394022,2022-09-14 18:43:49.413376,2022-09-14 18:54:40.091474,0:10:50.697402,22.2,16.2
2022-09-14 18:43:49.412747,2022-09-14 18:43:49.414729,2022-09-14 18:54:40.099405,0:10:50.686610,20.0,16.2
2022-09-14 18:43:49.412571,2022-09-14 18:43:49.414196,2022-09-14 18:54:40.111275,0:10:50.698650,14.3,16.2
2022-09-14 18:43:49.446298,2022-09-14 18:43:49.447207,2022-09-14 18:54:40.141679,0:10:50.695323,17.6,16.2
2022-09-14 18:43:49.435984,2022-09-14 18:43:49.452870,2022-09-14 18:54:40.168167,0:10:50.732134,23.5,16.2
2022-09-14 18:43:49.469096,2022-09-14 18:43:49.470131,2022-09-14 18:54:40.206207,0:10:50.737060,17.4,16.2
2022-09-14 18:43:49.457403,2022-09-14 18:43:49.481154,2022-09-14 18:54:40.238133,0:10:50.780679,21.1,16.2
2022-09-14 18:43:49.474615,2022-09-14 18:43:49.497224,2022-09-14 18:54:40.252007,0:10:50.777343,22.2,16.2
2022-09-14 18:43:49.463212,2022-09-14 18:43:49.475706,2022-09-14 18:54:40.262143,0:10:50.798883,20.0,16.2
2022-09-14 18:43:49.457718,2022-09-14 18:43:49.463829,2022-09-14 18:54:40.273948,0:10:50.816182,14.3,16.2
2022-09-14 18:43:49.463065,2022-09-14 18:43:49.475301,2022-09-14 18:54:40.295954,0:10:50.832840,28.6,16.2
2022-09-14 18:43:49.457205,2022-09-14 18:43:49.464116,2022-09-14 18:54:40.312434,0:10:50.855178,20.0,16.2
2022-09-14 18:43:49.480078,2022-09-14 18:43:49.509002,2022-09-14 18:54:40.326526,0:10:50.846399,12.5,16.2
2022-09-14 18:43:49.507888,2022-09-14 18:43:49.508840,2022-09-14 18:54:40.352166,0:10:50.844229,20.0,16.2
2022-09-14 18:43:49.519639,2022-09-14 18:43:49.531543,2022-09-14 18:54:40.364831,0:10:50.845143,14.3,16.2
2022-09-14 18:43:49.525187,2022-09-14 18:43:49.537673,2022-09-14 18:54:40.393179,0:10:50.867943,17.6,16.2
2022-09-14 18:43:49.496544,2022-09-14 18:43:49.502961,2022-09-14 18:54:40.415447,0:10:50.918853,23.1,16.2
2022-09-14 18:43:49.530855,2022-09-14 18:43:49.537382,2022-09-14 18:54:40.423473,0:10:50.892569,20.0,16.2
2022-09-14 18:43:49.537420,2022-09-14 18:43:49.538507,2022-09-14 18:54:40.431424,0:10:50.893955,0.0,16.2
2022-09-14 18:43:49.519876,2022-09-14 18:43:49.526390,2022-09-14 18:54:40.439383,0:10:50.919459,20.0,16.2
2022-09-14 18:43:49.536720,2022-09-14 18:43:49.546365,2022-09-14 18:54:40.480154,0:10:50.943382,20.8,16.2
2022-09-14 18:43:49.525415,2022-09-14 18:43:49.531847,2022-09-14 18:54:40.488263,0:10:50.962798,20.0,16.2
2022-09-14 18:43:49.550861,2022-09-14 18:43:49.557826,2022-09-14 18:54:40.498140,0:10:50.947230,16.7,16.2
2022-09-14 18:43:49.557070,2022-09-14 18:43:49.558171,2022-09-14 18:54:40.528350,0:10:50.971229,22.2,16.2
2022-09-14 18:43:49.595777,2022-09-14 18:43:49.601818,2022-09-14 18:54:40.577005,0:10:50.981176,17.2,16.2
2022-09-14 18:43:49.568125,2022-09-14 18:43:49.574270,2022-09-14 18:54:40.599876,0:10:51.031700,15.4,16.3
2022-09-14 18:43:49.589391,2022-09-14 18:43:49.590944,2022-09-14 18:54:40.610189,0:10:51.020747,16.7,16.3
2022-09-14 18:43:49.589903,2022-09-14 18:43:49.590917,2022-09-14 18:54:40.618550,0:10:51.028596,25.0,16.2
2022-09-14 18:43:49.589690,2022-09-14 18:43:49.596468,2022-09-14 18:54:40.635103,0:10:51.045363,20.0,16.2
2022-09-14 18:43:49.627748,2022-09-14 18:43:49.634970,2022-09-14 18:54:40.669302,0:10:51.041503,19.0,16.3
2022-09-14 18:43:49.633875,2022-09-14 18:43:49.640826,2022-09-14 18:54:40.683554,0:10:51.049627,22.2,16.3
2022-09-14 18:43:49.589543,2022-09-14 18:43:49.591116,2022-09-14 18:54:40.695370,0:10:51.105778,16.7,16.3
2022-09-14 18:43:49.611615,2022-09-14 18:43:49.640826,2022-09-14 18:54:40.737453,0:10:51.125786,16.0,16.3
2022-09-14 18:43:49.657351,2022-09-14 18:43:49.658293,2022-09-14 18:54:40.747579,0:10:51.090177,20.0,16.3
2022-09-14 18:43:49.606248,2022-09-14 18:43:49.623017,2022-09-14 18:54:40.755461,0:10:51.149164,20.0,16.3
2022-09-14 18:43:49.628042,2022-09-14 18:43:49.634970,2022-09-14 18:54:40.763515,0:10:51.135424,20.0,16.3
2022-09-14 18:43:49.650745,2022-09-14 18:43:49.658454,2022-09-14 18:54:40.780596,0:10:51.129798,20.0,16.2
2022-09-14 18:43:49.650590,2022-09-14 18:43:49.657516,2022-09-14 18:54:40.799174,0:10:51.148535,18.2,16.2
2022-09-14 18:43:49.656405,2022-09-14 18:43:49.657664,2022-09-14 18:54:40.815056,0:10:51.158602,22.2,16.2
2022-09-14 18:43:49.668976,2022-09-14 18:43:49.680930,2022-09-14 18:54:40.842621,0:10:51.173595,12.5,16.2
2022-09-14 18:43:49.674482,2022-09-14 18:43:49.681215,2022-09-14 18:54:40.869139,0:10:51.194605,25.0,16.2
2022-09-14 18:43:49.656185,2022-09-14 18:43:49.669491,2022-09-14 18:54:40.879820,0:10:51.223585,0.0,16.2
2022-09-14 18:43:49.691009,2022-09-14 18:43:49.692481,2022-09-14 18:54:40.896230,0:10:51.205171,20.0,16.2
2022-09-14 18:43:49.691295,2022-09-14 18:43:49.692370,2022-09-14 18:54:40.912472,0:10:51.221127,20.0,16.2
2022-09-14 18:43:49.720284,2022-09-14 18:43:49.721276,2022-09-14 18:54:40.948886,0:10:51.228551,21.7,16.2
2022-09-14 18:43:49.714213,2022-09-14 18:43:49.721172,2022-09-14 18:54:40.962868,0:10:51.248605,25.0,16.2
2022-09-14 18:43:49.697427,2022-09-14 18:43:49.698388,2022-09-14 18:54:40.971133,0:10:51.273655,20.0,16.2
2022-09-14 18:43:49.713817,2022-09-14 18:43:49.714804,2022-09-14 18:54:40.993125,0:10:51.279259,21.4,16.3
2022-09-14 18:43:49.719813,2022-09-14 18:43:49.726871,2022-09-14 18:54:41.007018,0:10:51.287157,25.0,16.3
2022-09-14 18:43:49.731640,2022-09-14 18:43:49.733159,2022-09-14 18:54:41.025268,0:10:51.293578,10.0,16.3
2022-09-14 18:43:49.719617,2022-09-14 18:43:49.732577,2022-09-14 18:54:41.051290,0:10:51.331622,20.0,16.3
2022-09-14 18:43:49.743129,2022-09-14 18:43:49.749817,2022-09-14 18:54:41.075469,0:10:51.332291,20.0,16.3
2022-09-14 18:43:49.754585,2022-09-14 18:43:49.755610,2022-09-14 18:54:41.083496,0:10:51.328863,25.0,16.3
2022-09-14 18:43:49.775962,2022-09-14 18:43:49.776923,2022-09-14 18:54:41.119607,0:10:51.343597,18.2,16.2
2022-09-14 18:43:49.754425,2022-09-14 18:43:49.755752,2022-09-14 18:54:41.139749,0:10:51.385274,16.7,16.2
2022-09-14 18:43:49.781673,2022-09-14 18:43:49.783555,2022-09-14 18:54:41.157190,0:10:51.375467,20.0,16.3
2022-09-14 18:43:49.782081,2022-09-14 18:43:49.783098,2022-09-14 18:54:41.182238,0:10:51.400107,25.0,16.3
2022-09-14 18:43:49.782386,2022-09-14 18:43:49.805493,2022-09-14 18:54:41.190198,0:10:51.407763,20.0,16.3
2022-09-14 18:43:49.760611,2022-09-14 18:43:49.782983,2022-09-14 18:54:41.208392,0:10:51.447730,20.0,16.3
2022-09-14 18:43:49.781429,2022-09-14 18:43:49.783314,2022-09-14 18:54:41.224526,0:10:51.443048,20.0,16.3
2022-09-14 18:43:49.793358,2022-09-14 18:43:49.794383,2022-09-14 18:54:41.234881,0:10:51.441475,16.7,16.3
2022-09-14 18:43:49.810459,2022-09-14 18:43:49.823121,2022-09-14 18:54:41.269066,0:10:51.458558,15.0,16.2
2022-09-14 18:43:49.815884,2022-09-14 18:43:49.839098,2022-09-14 18:54:41.283219,0:10:51.467285,25.0,16.2
2022-09-14 18:43:49.838145,2022-09-14 18:43:49.839485,2022-09-14 18:54:41.303269,0:10:51.465074,16.7,16.2
2022-09-14 18:43:49.822028,2022-09-14 18:43:49.839098,2022-09-14 18:54:41.316869,0:10:51.494788,14.3,16.2
2022-09-14 18:43:49.855459,2022-09-14 18:43:49.861707,2022-09-14 18:54:41.344939,0:10:51.489426,17.6,16.2
2022-09-14 18:43:49.861086,2022-09-14 18:43:49.867896,2022-09-14 18:54:41.377115,0:10:51.515975,21.1,16.2
2022-09-14 18:43:49.815698,2022-09-14 18:43:49.817103,2022-09-14 18:54:41.382515,0:10:51.566765,0.0,16.2
2022-09-14 18:43:49.872591,2022-09-14 18:43:49.873829,2022-09-14 18:54:41.390061,0:10:51.517420,25.0,16.3
2022-09-14 18:43:49.844034,2022-09-14 18:43:49.862134,2022-09-14 18:54:41.398227,0:10:51.554143,33.3,16.3
2022-09-14 18:43:49.854628,2022-09-14 18:43:49.862265,2022-09-14 18:54:41.436451,0:10:51.581772,18.2,16.3
2022-09-14 18:43:49.878295,2022-09-14 18:43:49.880129,2022-09-14 18:54:41.451233,0:10:51.572887,22.2,16.3
2022-09-14 18:43:49.879396,2022-09-14 18:43:49.885911,2022-09-14 18:54:41.456526,0:10:51.577081,25.0,16.3
2022-09-14 18:43:49.878765,2022-09-14 18:43:49.885911,2022-09-14 18:54:41.466519,0:10:51.587705,16.7,16.3
2022-09-14 18:43:49.890718,2022-09-14 18:43:49.898081,2022-09-14 18:54:41.500343,0:10:51.609576,20.0,16.3
2022-09-14 18:43:49.902680,2022-09-14 18:43:49.919505,2022-09-14 18:54:41.521641,0:10:51.618911,16.7,16.3
2022-09-14 18:43:49.908319,2022-09-14 18:43:49.919703,2022-09-14 18:54:41.556618,0:10:51.648249,19.0,16.3
2022-09-14 18:43:49.924684,2022-09-14 18:43:49.930815,2022-09-14 18:54:41.588695,0:10:51.663954,20.0,16.3
2022-09-14 18:43:49.924295,2022-09-14 18:43:49.936466,2022-09-14 18:54:41.598780,0:10:51.674436,20.0,16.3
2022-09-14 18:43:49.940872,2022-09-14 18:43:49.947593,2022-09-14 18:54:41.609669,0:10:51.668736,16.7,16.3
2022-09-14 18:43:49.946531,2022-09-14 18:43:49.948181,2022-09-14 18:54:41.614980,0:10:51.668400,40.0,16.3
2022-09-14 18:43:49.941012,2022-09-14 18:43:49.947989,2022-09-14 18:54:41.633077,0:10:51.692016,20.0,16.3
2022-09-14 18:43:49.924070,2022-09-14 18:43:49.948523,2022-09-14 18:54:41.641055,0:10:51.716934,20.0,16.3
2022-09-14 18:43:49.946877,2022-09-14 18:43:49.948531,2022-09-14 18:54:41.681375,0:10:51.734449,20.8,16.3
2022-09-14 18:43:49.959012,2022-09-14 18:43:49.960407,2022-09-14 18:54:41.689317,0:10:51.730256,20.0,16.3
2022-09-14 18:43:49.970262,2022-09-14 18:43:49.976679,2022-09-14 18:54:41.725571,0:10:51.755257,18.2,16.2
2022-09-14 18:43:49.986585,2022-09-14 18:43:50.014185,2022-09-14 18:54:41.762062,0:10:51.775424,26.1,16.2
2022-09-14 18:43:49.986773,2022-09-14 18:43:49.987889,2022-09-14 18:54:41.786144,0:10:51.799320,20.0,16.3
2022-09-14 18:43:49.996955,2022-09-14 18:43:50.014185,2022-09-14 18:54:41.796074,0:10:51.799068,16.7,16.3
2022-09-14 18:43:50.007786,2022-09-14 18:43:50.020880,2022-09-14 18:54:41.810096,0:10:51.802260,25.0,16.3
2022-09-14 18:43:50.019516,2022-09-14 18:43:50.021118,2022-09-14 18:54:41.819980,0:10:51.800415,16.7,16.3
2022-09-14 18:43:49.981155,2022-09-14 18:43:50.020152,2022-09-14 18:54:41.828145,0:10:51.846941,33.3,16.3
2022-09-14 18:43:50.008010,2022-09-14 18:43:50.019943,2022-09-14 18:54:41.838017,0:10:51.829958,0.0,16.3
2022-09-14 18:43:50.019693,2022-09-14 18:43:50.020834,2022-09-14 18:54:41.865987,0:10:51.846245,22.2,16.3
2022-09-14 18:43:50.013563,2022-09-14 18:43:50.021268,2022-09-14 18:54:41.896579,0:10:51.882965,22.2,16.3
2022-09-14 18:43:50.033007,2022-09-14 18:43:50.034454,2022-09-14 18:54:41.906654,0:10:51.873599,16.7,16.3
2022-09-14 18:43:50.044982,2022-09-14 18:43:50.045966,2022-09-14 18:54:41.922013,0:10:51.876981,12.5,16.3
2022-09-14 18:43:50.050425,2022-09-14 18:43:50.051424,2022-09-14 18:54:41.942760,0:10:51.892270,23.1,16.3
2022-09-14 18:43:50.061591,2022-09-14 18:43:50.068425,2022-09-14 18:54:41.960720,0:10:51.899079,18.2,16.3
2022-09-14 18:43:50.084287,2022-09-14 18:43:50.085434,2022-09-14 18:54:41.988532,0:10:51.904196,18.8,16.3
2022-09-14 18:43:50.056168,2022-09-14 18:43:50.068071,2022-09-14 18:54:41.999527,0:10:51.943310,25.0,16.3
2022-09-14 18:43:50.073352,2022-09-14 18:43:50.074422,2022-09-14 18:54:42.005009,0:10:51.931607,0.0,16.3
2022-09-14 18:43:50.084737,2022-09-14 18:43:50.085834,2022-09-14 18:54:42.043510,0:10:51.958722,18.2,16.2
2022-09-14 18:43:50.085527,2022-09-14 18:43:50.102760,2022-09-14 18:54:42.055529,0:10:51.969953,25.0,16.2
2022-09-14 18:43:50.084442,2022-09-14 18:43:50.091964,2022-09-14 18:54:42.075578,0:10:51.991088,16.7,16.2
2022-09-14 18:43:50.107289,2022-09-14 18:43:50.119252,2022-09-14 18:54:42.109639,0:10:52.002300,15.8,16.2
2022-09-14 18:43:50.096614,2022-09-14 18:43:50.119950,2022-09-14 18:54:42.119833,0:10:52.023168,16.7,16.2
2022-09-14 18:43:50.118638,2022-09-14 18:43:50.119542,2022-09-14 18:54:42.155457,0:10:52.036768,19.0,16.2
2022-09-14 18:43:50.118216,2022-09-14 18:43:50.119707,2022-09-14 18:54:42.171341,0:10:52.053074,20.0,16.2
2022-09-14 18:43:50.146496,2022-09-14 18:43:50.147432,2022-09-14 18:54:42.179548,0:10:52.032989,20.0,16.2
2022-09-14 18:43:50.145990,2022-09-14 18:43:50.158739,2022-09-14 18:54:42.195857,0:10:52.049817,12.5,16.2
2022-09-14 18:43:50.158101,2022-09-14 18:43:50.164655,2022-09-14 18:54:42.219732,0:10:52.061581,23.5,16.2
2022-09-14 18:43:50.146156,2022-09-14 18:43:50.152758,2022-09-14 18:54:42.237048,0:10:52.090842,20.0,16.2
2022-09-14 18:43:50.146355,2022-09-14 18:43:50.171067,2022-09-14 18:54:42.267848,0:10:52.121443,21.1,16.2
2022-09-14 18:43:50.145581,2022-09-14 18:43:50.152758,2022-09-14 18:54:42.277749,0:10:52.132118,16.7,16.2
2022-09-14 18:43:50.157672,2022-09-14 18:43:50.159078,2022-09-14 18:54:42.285969,0:10:52.128248,25.0,16.2
2022-09-14 18:43:50.169784,2022-09-14 18:43:50.176827,2022-09-14 18:54:42.295880,0:10:52.126048,37.5,16.2
2022-09-14 18:43:50.219628,2022-09-14 18:43:50.221056,2022-09-14 18:54:42.362252,0:10:52.142571,20.5,16.3
2022-09-14 18:43:50.181705,2022-09-14 18:43:50.199040,2022-09-14 18:54:42.398846,0:10:52.217087,25.0,16.3
2022-09-14 18:43:50.214202,2022-09-14 18:43:50.215174,2022-09-14 18:54:42.408813,0:10:52.194556,20.0,16.3
2022-09-14 18:43:50.208750,2022-09-14 18:43:50.215174,2022-09-14 18:54:42.419376,0:10:52.210575,16.7,16.3
2022-09-14 18:43:50.220168,2022-09-14 18:43:50.238165,2022-09-14 18:54:42.427336,0:10:52.207119,20.0,16.3
2022-09-14 18:43:50.192613,2022-09-14 18:43:50.198809,2022-09-14 18:54:42.448169,0:10:52.255506,16.7,16.3
2022-09-14 18:43:50.219842,2022-09-14 18:43:50.221237,2022-09-14 18:54:42.453382,0:10:52.233491,0.0,16.3
2022-09-14 18:43:50.220576,2022-09-14 18:43:50.238114,2022-09-14 18:54:42.467465,0:10:52.246839,22.2,16.3
2022-09-14 18:43:50.220751,2022-09-14 18:43:50.237930,2022-09-14 18:54:42.477681,0:10:52.256873,16.7,16.3
2022-09-14 18:43:50.236477,2022-09-14 18:43:50.238200,2022-09-14 18:54:42.489665,0:10:52.253133,16.7,16.3
2022-09-14 18:43:50.244309,2022-09-14 18:43:50.256513,2022-09-14 18:54:42.514457,0:10:52.270092,25.0,16.3
2022-09-14 18:43:50.255589,2022-09-14 18:43:50.256745,2022-09-14 18:54:42.531053,0:10:52.275412,20.0,16.3
2022-09-14 18:43:50.282394,2022-09-14 18:43:50.289373,2022-09-14 18:54:42.571281,0:10:52.288834,20.0,16.3
2022-09-14 18:43:50.282771,2022-09-14 18:43:50.289373,2022-09-14 18:54:42.603359,0:10:52.320535,16.7,16.3
2022-09-14 18:43:50.276883,2022-09-14 18:43:50.300131,2022-09-14 18:54:42.615437,0:10:52.338503,25.0,16.3
2022-09-14 18:43:50.282591,2022-09-14 18:43:50.289487,2022-09-14 18:54:42.631529,0:10:52.348888,11.1,16.3
2022-09-14 18:43:50.304988,2022-09-14 18:43:50.306880,2022-09-14 18:54:42.649630,0:10:52.344592,20.0,16.3
2022-09-14 18:43:50.299371,2022-09-14 18:43:50.300395,2022-09-14 18:54:42.661037,0:10:52.361616,14.3,16.3
2022-09-14 18:43:50.282239,2022-09-14 18:43:50.289373,2022-09-14 18:54:42.679849,0:10:52.397558,25.0,16.3
2022-09-14 18:43:50.283140,2022-09-14 18:43:50.306019,2022-09-14 18:54:42.687969,0:10:52.404780,25.0,16.3
2022-09-14 18:43:50.305469,2022-09-14 18:43:50.307992,2022-09-14 18:54:42.715936,0:10:52.410417,17.6,16.3
2022-09-14 18:43:50.318089,2022-09-14 18:43:50.324602,2022-09-14 18:54:42.725911,0:10:52.407773,16.7,16.3
2022-09-14 18:43:50.339440,2022-09-14 18:43:50.340530,2022-09-14 18:54:42.755066,0:10:52.415576,22.2,16.3
2022-09-14 18:43:50.345097,2022-09-14 18:43:50.352134,2022-09-14 18:54:42.779845,0:10:52.434699,14.3,16.3
2022-09-14 18:43:50.344921,2022-09-14 18:43:50.357743,2022-09-14 18:54:42.805882,0:10:52.460908,20.0,16.3
2022-09-14 18:43:50.350911,2022-09-14 18:43:50.352056,2022-09-14 18:54:42.816060,0:10:52.465097,37.5,16.3
2022-09-14 18:43:50.350460,2022-09-14 18:43:50.352300,2022-09-14 18:54:42.824088,0:10:52.473577,20.0,16.3
2022-09-14 18:43:50.350767,2022-09-14 18:43:50.363982,2022-09-14 18:54:42.848058,0:10:52.497241,15.4,16.3
2022-09-14 18:43:50.362789,2022-09-14 18:43:50.363941,2022-09-14 18:54:42.858160,0:10:52.495321,16.7,16.3
2022-09-14 18:43:50.370359,2022-09-14 18:43:50.376796,2022-09-14 18:54:42.869389,0:10:52.498982,16.7,16.3
2022-09-14 18:43:50.381667,2022-09-14 18:43:50.383229,2022-09-14 18:54:42.896005,0:10:52.514289,23.5,16.3
2022-09-14 18:43:50.382190,2022-09-14 18:43:50.383420,2022-09-14 18:54:42.914549,0:10:52.532309,25.0,16.3
2022-09-14 18:43:50.404001,2022-09-14 18:43:50.410136,2022-09-14 18:54:42.954864,0:10:52.550811,20.8,16.3
2022-09-14 18:43:50.414997,2022-09-14 18:43:50.416055,2022-09-14 18:54:42.967084,0:10:52.552035,14.3,16.3
2022-09-14 18:43:50.409429,2022-09-14 18:43:50.421599,2022-09-14 18:54:42.997218,0:10:52.587738,16.7,16.3
2022-09-14 18:43:50.414788,2022-09-14 18:43:50.421599,2022-09-14 18:54:43.007361,0:10:52.592523,42.9,16.3
2022-09-14 18:43:50.426638,2022-09-14 18:43:50.438799,2022-09-14 18:54:43.021146,0:10:52.594459,12.5,16.3
2022-09-14 18:43:50.426793,2022-09-14 18:43:50.433355,2022-09-14 18:54:43.035412,0:10:52.608567,22.2,16.3
2022-09-14 18:43:50.415407,2022-09-14 18:43:50.421599,2022-09-14 18:54:43.043766,0:10:52.628309,20.0,16.3
2022-09-14 18:43:50.444855,2022-09-14 18:43:50.451084,2022-09-14 18:54:43.078012,0:10:52.633107,15.8,16.3
2022-09-14 18:43:50.443878,2022-09-14 18:43:50.451303,2022-09-14 18:54:43.088117,0:10:52.644190,16.7,16.3
2022-09-14 18:43:50.443580,2022-09-14 18:43:50.445382,2022-09-14 18:54:43.110473,0:10:52.666834,15.4,16.3
2022-09-14 18:43:50.472005,2022-09-14 18:43:50.473066,2022-09-14 18:54:43.124867,0:10:52.652807,25.0,16.3
2022-09-14 18:43:50.483483,2022-09-14 18:43:50.485039,2022-09-14 18:54:43.151172,0:10:52.667638,18.7,16.3
2022-09-14 18:43:50.489584,2022-09-14 18:43:50.496175,2022-09-14 18:54:43.169211,0:10:52.679576,18.2,16.3
2022-09-14 18:43:50.500791,2022-09-14 18:43:50.502190,2022-09-14 18:54:43.221170,0:10:52.720327,19.4,16.3
2022-09-14 18:43:50.477777,2022-09-14 18:43:50.502167,2022-09-14 18:54:43.244067,0:10:52.766237,21.4,16.3
2022-09-14 18:43:50.478179,2022-09-14 18:43:50.484870,2022-09-14 18:54:43.274012,0:10:52.795782,22.2,16.3
2022-09-14 18:43:50.511898,2022-09-14 18:43:50.518514,2022-09-14 18:54:43.286122,0:10:52.774173,25.0,16.3
2022-09-14 18:43:50.494988,2022-09-14 18:43:50.513068,2022-09-14 18:54:43.294147,0:10:52.799109,20.0,16.3
2022-09-14 18:43:50.517627,2022-09-14 18:43:50.534582,2022-09-14 18:54:43.302249,0:10:52.784573,20.0,16.3
2022-09-14 18:43:50.539237,2022-09-14 18:43:50.540649,2022-09-14 18:54:43.326226,0:10:52.786941,21.4,16.3
2022-09-14 18:43:50.539631,2022-09-14 18:43:50.540548,2022-09-14 18:54:43.334436,0:10:52.794753,20.0,16.3
2022-09-14 18:43:50.512139,2022-09-14 18:43:50.524033,2022-09-14 18:54:43.368581,0:10:52.856392,20.0,16.3
2022-09-14 18:43:50.556405,2022-09-14 18:43:50.574461,2022-09-14 18:54:43.393846,0:10:52.837392,18.8,16.3
2022-09-14 18:43:50.574116,2022-09-14 18:43:50.575093,2022-09-14 18:54:43.404612,0:10:52.830447,16.7,16.3
2022-09-14 18:43:50.545225,2022-09-14 18:43:50.574421,2022-09-14 18:54:43.418926,0:10:52.873651,25.0,16.3
2022-09-14 18:43:50.562110,2022-09-14 18:43:50.568633,2022-09-14 18:54:43.440933,0:10:52.878774,15.4,16.3
2022-09-14 18:43:50.579911,2022-09-14 18:43:50.587112,2022-09-14 18:54:43.461013,0:10:52.881053,25.0,16.3
2022-09-14 18:43:50.556617,2022-09-14 18:43:50.574421,2022-09-14 18:54:43.482756,0:10:52.926070,15.4,16.3
2022-09-14 18:43:50.573772,2022-09-14 18:43:50.586897,2022-09-14 18:54:43.490699,0:10:52.916870,20.0,16.3
2022-09-14 18:43:50.613723,2022-09-14 18:43:50.615128,2022-09-14 18:54:43.504589,0:10:52.890817,14.3,16.3
2022-09-14 18:43:50.574019,2022-09-14 18:43:50.586486,2022-09-14 18:54:43.523925,0:10:52.949858,16.7,16.3
2022-09-14 18:43:50.608309,2022-09-14 18:43:50.614740,2022-09-14 18:54:43.544716,0:10:52.936359,16.7,16.3
2022-09-14 18:43:50.625757,2022-09-14 18:43:50.631799,2022-09-14 18:54:43.572184,0:10:52.946377,18.7,16.2
2022-09-14 18:43:50.620227,2022-09-14 18:43:50.632215,2022-09-14 18:54:43.589086,0:10:52.968809,20.0,16.2
2022-09-14 18:43:50.637330,2022-09-14 18:43:50.644163,2022-09-14 18:54:43.611994,0:10:52.974613,21.4,16.2
2022-09-14 18:43:50.603007,2022-09-14 18:43:50.620978,2022-09-14 18:54:43.620405,0:10:53.017349,20.0,16.2
2022-09-14 18:43:50.637140,2022-09-14 18:43:50.643723,2022-09-14 18:54:43.625694,0:10:52.988498,0.0,16.2
2022-09-14 18:43:50.631077,2022-09-14 18:43:50.643886,2022-09-14 18:54:43.651652,0:10:53.020527,23.5,16.2
2022-09-14 18:43:50.642729,2022-09-14 18:43:50.650132,2022-09-14 18:54:43.661680,0:10:53.018894,20.0,16.2
2022-09-14 18:43:50.648636,2022-09-14 18:43:50.655982,2022-09-14 18:54:43.675776,0:10:53.027091,30.0,16.2
2022-09-14 18:43:50.688231,2022-09-14 18:43:50.689194,2022-09-14 18:54:43.719591,0:10:53.031311,16.0,16.2
2022-09-14 18:43:50.682474,2022-09-14 18:43:50.689593,2022-09-14 18:54:43.729984,0:10:53.047462,16.7,16.3
2022-09-14 18:43:50.682784,2022-09-14 18:43:50.689361,2022-09-14 18:54:43.740002,0:10:53.057169,28.6,16.3
2022-09-14 18:43:50.682629,2022-09-14 18:43:50.689917,2022-09-14 18:54:43.757938,0:10:53.075260,18.2,16.3
2022-09-14 18:43:50.699858,2022-09-14 18:43:50.707168,2022-09-14 18:54:43.787781,0:10:53.087874,22.2,16.3
2022-09-14 18:43:50.705947,2022-09-14 18:43:50.717879,2022-09-14 18:54:43.831816,0:10:53.125816,22.2,16.3
2022-09-14 18:43:50.700314,2022-09-14 18:43:50.723567,2022-09-14 18:54:43.839815,0:10:53.139451,0.0,16.3
2022-09-14 18:43:50.705731,2022-09-14 18:43:50.723932,2022-09-14 18:54:43.848044,0:10:53.142261,20.0,16.3
2022-09-14 18:43:50.706117,2022-09-14 18:43:50.712276,2022-09-14 18:54:43.866551,0:10:53.160381,18.2,16.3
2022-09-14 18:43:50.754749,2022-09-14 18:43:50.771316,2022-09-14 18:54:43.914850,0:10:53.160047,17.9,16.3
2022-09-14 18:43:50.770034,2022-09-14 18:43:50.772112,2022-09-14 18:54:43.940852,0:10:53.170767,13.3,16.3
2022-09-14 18:43:50.754412,2022-09-14 18:43:50.772447,2022-09-14 18:54:43.956819,0:10:53.202355,22.2,16.3
2022-09-14 18:43:50.749159,2022-09-14 18:43:50.771846,2022-09-14 18:54:43.966993,0:10:53.217784,28.6,16.3
2022-09-14 18:43:50.770881,2022-09-14 18:43:50.771804,2022-09-14 18:54:43.985584,0:10:53.214653,18.2,16.3
2022-09-14 18:43:50.717176,2022-09-14 18:43:50.723476,2022-09-14 18:54:43.995486,0:10:53.278261,28.6,16.3
2022-09-14 18:43:50.770686,2022-09-14 18:43:50.788676,2022-09-14 18:54:44.016463,0:10:53.245728,16.7,16.3
2022-09-14 18:43:50.754972,2022-09-14 18:43:50.772431,2022-09-14 18:54:44.021794,0:10:53.266771,33.3,16.3
2022-09-14 18:43:50.777844,2022-09-14 18:43:50.789242,2022-09-14 18:54:44.035861,0:10:53.257968,22.2,16.3
2022-09-14 18:43:50.788191,2022-09-14 18:43:50.800262,2022-09-14 18:54:44.043856,0:10:53.255616,0.0,16.3
2022-09-14 18:43:50.816087,2022-09-14 18:43:50.823124,2022-09-14 18:54:44.084011,0:10:53.267873,20.0,16.3
2022-09-14 18:43:50.833035,2022-09-14 18:43:50.834492,2022-09-14 18:54:44.124447,0:10:53.291360,17.4,16.3
2022-09-14 18:43:50.816269,2022-09-14 18:43:50.828623,2022-09-14 18:54:44.132348,0:10:53.316029,20.0,16.3
2022-09-14 18:43:50.777703,2022-09-14 18:43:50.800735,2022-09-14 18:54:44.146692,0:10:53.368927,22.2,16.3
2022-09-14 18:43:50.821965,2022-09-14 18:43:50.822908,2022-09-14 18:54:44.165151,0:10:53.343136,18.2,16.3
2022-09-14 18:43:50.833233,2022-09-14 18:43:50.855893,2022-09-14 18:54:44.191163,0:10:53.357881,20.0,16.3
2022-09-14 18:43:50.838906,2022-09-14 18:43:50.850043,2022-09-14 18:54:44.199166,0:10:53.360210,0.0,16.3
2022-09-14 18:43:50.855235,2022-09-14 18:43:50.872902,2022-09-14 18:54:44.213340,0:10:53.358055,22.2,16.3
2022-09-14 18:43:50.833587,2022-09-14 18:43:50.861524,2022-09-14 18:54:44.229233,0:10:53.395597,22.2,16.3
2022-09-14 18:43:50.849348,2022-09-14 18:43:50.855942,2022-09-14 18:54:44.251472,0:10:53.402072,15.4,16.3
2022-09-14 18:43:50.855412,2022-09-14 18:43:50.872643,2022-09-14 18:54:44.281247,0:10:53.425784,17.6,16.3
2022-09-14 18:43:50.878193,2022-09-14 18:43:50.885232,2022-09-14 18:54:44.289141,0:10:53.410898,20.0,16.3
2022-09-14 18:43:50.878830,2022-09-14 18:43:50.907130,2022-09-14 18:54:44.317597,0:10:53.438716,17.6,16.3
2022-09-14 18:43:50.895086,2022-09-14 18:43:50.896114,2022-09-14 18:54:44.360111,0:10:53.464973,23.1,16.3
2022-09-14 18:43:50.895452,2022-09-14 18:43:50.912686,2022-09-14 18:54:44.368189,0:10:53.472688,20.0,16.3
2022-09-14 18:43:50.884542,2022-09-14 18:43:50.895815,2022-09-14 18:54:44.384210,0:10:53.499618,20.0,16.3
2022-09-14 18:43:50.911615,2022-09-14 18:43:50.924729,2022-09-14 18:54:44.392278,0:10:53.480615,0.0,16.3
2022-09-14 18:43:50.940733,2022-09-14 18:43:50.941883,2022-09-14 18:54:44.414696,0:10:53.473902,23.1,16.3
2022-09-14 18:43:50.917613,2022-09-14 18:43:50.930218,2022-09-14 18:54:44.429497,0:10:53.511830,12.5,16.3
2022-09-14 18:43:50.912257,2022-09-14 18:43:50.924885,2022-09-14 18:54:44.447429,0:10:53.535119,25.0,16.3
2022-09-14 18:43:50.918125,2022-09-14 18:43:50.919499,2022-09-14 18:54:44.463263,0:10:53.545089,22.2,16.3
2022-09-14 18:43:50.901095,2022-09-14 18:43:50.912825,2022-09-14 18:54:44.485234,0:10:53.584090,15.4,16.3
2022-09-14 18:43:50.946511,2022-09-14 18:43:50.947847,2022-09-14 18:54:44.493402,0:10:53.546842,33.3,16.3
2022-09-14 18:43:50.960725,2022-09-14 18:43:50.967580,2022-09-14 18:54:44.509610,0:10:53.548836,22.2,16.3
2022-09-14 18:43:50.960450,2022-09-14 18:43:50.962134,2022-09-14 18:54:44.534665,0:10:53.574159,20.0,16.3
2022-09-14 18:43:50.961541,2022-09-14 18:43:50.978454,2022-09-14 18:54:44.574575,0:10:53.612983,20.0,16.3
2022-09-14 18:43:50.983492,2022-09-14 18:43:50.995080,2022-09-14 18:54:44.582613,0:10:53.599071,20.0,16.3
2022-09-14 18:43:51.016304,2022-09-14 18:43:51.022722,2022-09-14 18:54:44.619922,0:10:53.603567,18.2,16.3
2022-09-14 18:43:50.983096,2022-09-14 18:43:51.000779,2022-09-14 18:54:44.634595,0:10:53.651450,12.5,16.3
2022-09-14 18:43:51.027508,2022-09-14 18:43:51.033791,2022-09-14 18:54:44.647473,0:10:53.619915,25.0,16.3
2022-09-14 18:43:50.977304,2022-09-14 18:43:50.984157,2022-09-14 18:54:44.652720,0:10:53.675367,0.0,16.3
2022-09-14 18:43:50.977598,2022-09-14 18:43:50.984507,2022-09-14 18:54:44.660610,0:10:53.682963,20.0,16.3
2022-09-14 18:43:51.005268,2022-09-14 18:43:51.033962,2022-09-14 18:54:44.678573,0:10:53.673257,10.0,16.3
2022-09-14 18:43:50.982913,2022-09-14 18:43:50.995099,2022-09-14 18:54:44.694617,0:10:53.711656,36.4,16.3
2022-09-14 18:43:51.048956,2022-09-14 18:43:51.060971,2022-09-14 18:54:44.742880,0:10:53.693870,17.9,16.3
2022-09-14 18:43:51.049133,2022-09-14 18:43:51.088944,2022-09-14 18:54:44.761589,0:10:53.712398,10.0,16.3
2022-09-14 18:43:51.049574,2022-09-14 18:43:51.066716,2022-09-14 18:54:44.784624,0:10:53.734991,26.7,16.3
2022-09-14 18:43:51.077027,2022-09-14 18:43:51.089130,2022-09-14 18:54:44.808455,0:10:53.731376,20.0,16.3
2022-09-14 18:43:51.022194,2022-09-14 18:43:51.033791,2022-09-14 18:54:44.826457,0:10:53.804211,20.0,16.3
2022-09-14 18:43:51.060275,2022-09-14 18:43:51.067026,2022-09-14 18:54:44.836466,0:10:53.776140,16.7,16.3
2022-09-14 18:43:51.088873,2022-09-14 18:43:51.089894,2022-09-14 18:54:44.851144,0:10:53.762221,22.2,16.3
2022-09-14 18:43:51.088250,2022-09-14 18:43:51.100856,2022-09-14 18:54:44.875221,0:10:53.786920,14.3,16.3
2022-09-14 18:43:51.066317,2022-09-14 18:43:51.106517,2022-09-14 18:54:44.889318,0:10:53.822945,14.3,16.3
2022-09-14 18:43:51.122224,2022-09-14 18:43:51.123356,2022-09-14 18:54:44.897302,0:10:53.775028,20.0,16.3
2022-09-14 18:43:51.021834,2022-09-14 18:43:51.078104,2022-09-14 18:54:44.927284,0:10:53.905400,21.1,16.3
2022-09-14 18:43:51.088103,2022-09-14 18:43:51.095589,2022-09-14 18:54:44.941268,0:10:53.853115,25.0,16.3
2022-09-14 18:43:51.127786,2022-09-14 18:43:51.129945,2022-09-14 18:54:44.951528,0:10:53.823693,28.6,16.3
2022-09-14 18:43:51.087809,2022-09-14 18:43:51.123169,2022-09-14 18:54:44.965397,0:10:53.877540,12.5,16.3
2022-09-14 18:43:51.128599,2022-09-14 18:43:51.140548,2022-09-14 18:54:44.977557,0:10:53.848908,16.7,16.3
2022-09-14 18:43:51.110997,2022-09-14 18:43:51.129906,2022-09-14 18:54:45.011686,0:10:53.900631,22.7,16.3
2022-09-14 18:43:51.161895,2022-09-14 18:43:51.168376,2022-09-14 18:54:45.047894,0:10:53.885947,19.0,16.3
2022-09-14 18:43:51.156292,2022-09-14 18:43:51.168467,2022-09-14 18:54:45.061458,0:10:53.905116,22.2,16.3
2022-09-14 18:43:51.167809,2022-09-14 18:43:51.193992,2022-09-14 18:54:45.079517,0:10:53.911659,27.3,16.3
2022-09-14 18:43:51.162013,2022-09-14 18:43:51.168818,2022-09-14 18:54:45.094239,0:10:53.932177,12.5,16.3
2022-09-14 18:43:51.183879,2022-09-14 18:43:51.204875,2022-09-14 18:54:45.104573,0:10:53.920645,16.7,16.3
2022-09-14 18:43:51.161691,2022-09-14 18:43:51.168467,2022-09-14 18:54:45.145121,0:10:53.983377,20.0,16.2
2022-09-14 18:43:51.128491,2022-09-14 18:43:51.129886,2022-09-14 18:54:45.161189,0:10:54.032647,20.0,16.2
2022-09-14 18:43:51.237672,2022-09-14 18:43:51.238856,2022-09-14 18:54:45.169319,0:10:53.931597,40.0,16.2
2022-09-14 18:43:51.198716,2022-09-14 18:43:51.233086,2022-09-14 18:54:45.179299,0:10:53.980533,16.7,16.2
2022-09-14 18:43:51.226596,2022-09-14 18:43:51.233086,2022-09-14 18:54:45.240118,0:10:54.013467,19.4,16.2
2022-09-14 18:43:51.204309,2022-09-14 18:43:51.227240,2022-09-14 18:54:45.245562,0:10:54.041191,0.0,16.2
2022-09-14 18:43:51.198281,2022-09-14 18:43:51.227263,2022-09-14 18:54:45.256793,0:10:54.058461,37.5,16.2
2022-09-14 18:43:51.237512,2022-09-14 18:43:51.249975,2022-09-14 18:54:45.262157,0:10:54.024596,0.0,16.2
2022-09-14 18:43:51.173642,2022-09-14 18:43:51.210767,2022-09-14 18:54:45.270054,0:10:54.096363,25.0,16.2
2022-09-14 18:43:51.226263,2022-09-14 18:43:51.255787,2022-09-14 18:54:45.293543,0:10:54.067230,20.0,16.2
2022-09-14 18:43:51.248725,2022-09-14 18:43:51.249975,2022-09-14 18:54:45.304431,0:10:54.055657,28.6,16.3
2022-09-14 18:43:51.272233,2022-09-14 18:43:51.289465,2022-09-14 18:54:45.326485,0:10:54.054201,25.0,16.3
2022-09-14 18:43:51.272043,2022-09-14 18:43:51.278498,2022-09-14 18:54:45.339162,0:10:54.067070,37.5,16.3
2022-09-14 18:43:51.266456,2022-09-14 18:43:51.272842,2022-09-14 18:54:45.344378,0:10:54.077874,0.0,16.3
2022-09-14 18:43:51.237936,2022-09-14 18:43:51.261656,2022-09-14 18:54:45.355713,0:10:54.117727,28.6,16.3
2022-09-14 18:43:51.249367,2022-09-14 18:43:51.250527,2022-09-14 18:54:45.366415,0:10:54.116993,0.0,16.3
2022-09-14 18:43:51.294110,2022-09-14 18:43:51.295817,2022-09-14 18:54:45.403732,0:10:54.109571,18.2,16.3
2022-09-14 18:43:51.311450,2022-09-14 18:43:51.322905,2022-09-14 18:54:45.454706,0:10:54.143189,19.4,16.3
2022-09-14 18:43:51.300904,2022-09-14 18:43:51.301888,2022-09-14 18:54:45.466743,0:10:54.165774,14.3,16.3
2022-09-14 18:43:51.311282,2022-09-14 18:43:51.328259,2022-09-14 18:54:45.482722,0:10:54.171369,12.5,16.3
2022-09-14 18:43:51.322004,2022-09-14 18:43:51.323051,2022-09-14 18:54:45.509021,0:10:54.186966,18.7,16.3
2022-09-14 18:43:51.288702,2022-09-14 18:43:51.301370,2022-09-14 18:54:45.523210,0:10:54.234458,22.2,16.3
2022-09-14 18:43:51.300461,2022-09-14 18:43:51.354728,2022-09-14 18:54:45.537185,0:10:54.236675,14.3,16.3
2022-09-14 18:43:51.337634,2022-09-14 18:43:51.338546,2022-09-14 18:54:45.545262,0:10:54.207579,42.9,16.3
2022-09-14 18:43:51.327488,2022-09-14 18:43:51.360443,2022-09-14 18:54:45.575210,0:10:54.247673,21.1,16.3
2022-09-14 18:43:51.337397,2022-09-14 18:43:51.343901,2022-09-14 18:54:45.583166,0:10:54.245719,25.0,16.3
2022-09-14 18:43:51.359928,2022-09-14 18:43:51.371853,2022-09-14 18:54:45.613189,0:10:54.253211,16.7,16.3
2022-09-14 18:43:51.377002,2022-09-14 18:43:51.389379,2022-09-14 18:54:45.626989,0:10:54.249938,25.0,16.3
2022-09-14 18:43:51.377303,2022-09-14 18:43:51.383986,2022-09-14 18:54:45.643029,0:10:54.265678,11.1,16.3
2022-09-14 18:43:51.376446,2022-09-14 18:43:51.378389,2022-09-14 18:54:45.657143,0:10:54.280648,12.5,16.3
2022-09-14 18:43:51.377479,2022-09-14 18:43:51.384134,2022-09-14 18:54:45.671101,0:10:54.293574,25.0,16.3
2022-09-14 18:43:51.394845,2022-09-14 18:43:51.395903,2022-09-14 18:54:45.679268,0:10:54.284374,20.0,16.3
2022-09-14 18:43:51.376638,2022-09-14 18:43:51.378754,2022-09-14 18:54:45.691113,0:10:54.314427,25.0,16.3
2022-09-14 18:43:51.400799,2022-09-14 18:43:51.401932,2022-09-14 18:54:45.700936,0:10:54.300089,0.0,16.3
2022-09-14 18:43:51.417340,2022-09-14 18:43:51.423796,2022-09-14 18:54:45.740781,0:10:54.323390,17.4,16.3
2022-09-14 18:43:51.401375,2022-09-14 18:43:51.418332,2022-09-14 18:54:45.760783,0:10:54.359358,18.2,16.3
2022-09-14 18:43:51.422781,2022-09-14 18:43:51.429517,2022-09-14 18:54:45.780886,0:10:54.358057,16.7,16.3
2022-09-14 18:43:51.444765,2022-09-14 18:43:51.457316,2022-09-14 18:54:45.819486,0:10:54.374667,20.0,16.3
2022-09-14 18:43:51.445225,2022-09-14 18:43:51.457829,2022-09-14 18:54:45.835735,0:10:54.390456,30.0,16.3
2022-09-14 18:43:51.450606,2022-09-14 18:43:51.457203,2022-09-14 18:54:45.845863,0:10:54.395206,16.7,16.3
2022-09-14 18:43:51.456072,2022-09-14 18:43:51.457143,2022-09-14 18:54:45.867043,0:10:54.410920,23.1,16.3
2022-09-14 18:43:51.462252,2022-09-14 18:43:51.468738,2022-09-14 18:54:45.872345,0:10:54.410043,25.0,16.3
2022-09-14 18:43:51.439217,2022-09-14 18:43:51.445866,2022-09-14 18:54:45.922071,0:10:54.482801,17.2,16.3
2022-09-14 18:43:51.473942,2022-09-14 18:43:51.496819,2022-09-14 18:54:45.934927,0:10:54.460934,25.0,16.3
2022-09-14 18:43:51.485360,2022-09-14 18:43:51.491462,2022-09-14 18:54:45.949460,0:10:54.464051,12.5,16.3
2022-09-14 18:43:51.506389,2022-09-14 18:43:51.507386,2022-09-14 18:54:45.954666,0:10:54.448220,33.3,16.3
2022-09-14 18:43:51.439475,2022-09-14 18:43:51.457871,2022-09-14 18:54:45.978802,0:10:54.539277,20.0,16.3
2022-09-14 18:43:51.479866,2022-09-14 18:43:51.486140,2022-09-14 18:54:45.996766,0:10:54.516851,20.0,16.3
2022-09-14 18:43:51.513116,2022-09-14 18:43:51.519863,2022-09-14 18:54:46.018927,0:10:54.505762,23.1,16.3
2022-09-14 18:43:51.507402,2022-09-14 18:43:51.519489,2022-09-14 18:54:46.035026,0:10:54.527574,20.0,16.3
2022-09-14 18:43:51.507249,2022-09-14 18:43:51.531289,2022-09-14 18:54:46.057228,0:10:54.549927,16.7,16.3
2022-09-14 18:43:51.518455,2022-09-14 18:43:51.519652,2022-09-14 18:54:46.073346,0:10:54.554841,20.0,16.3
2022-09-14 18:43:51.506767,2022-09-14 18:43:51.530957,2022-09-14 18:54:46.081344,0:10:54.574529,20.0,16.3
2022-09-14 18:43:51.529905,2022-09-14 18:43:51.531492,2022-09-14 18:54:46.097606,0:10:54.567653,20.0,16.3
2022-09-14 18:43:51.546801,2022-09-14 18:43:51.553385,2022-09-14 18:54:46.115741,0:10:54.568889,20.0,16.3
2022-09-14 18:43:51.547113,2022-09-14 18:43:51.558745,2022-09-14 18:54:46.153684,0:10:54.606512,17.4,16.2
2022-09-14 18:43:51.575054,2022-09-14 18:43:51.581547,2022-09-14 18:54:46.177961,0:10:54.602855,21.4,16.3
2022-09-14 18:43:51.569232,2022-09-14 18:43:51.570505,2022-09-14 18:54:46.195227,0:10:54.625944,25.0,16.3
2022-09-14 18:43:51.569006,2022-09-14 18:43:51.570411,2022-09-14 18:54:46.212042,0:10:54.642985,11.1,16.3
2022-09-14 18:43:51.541065,2022-09-14 18:43:51.570265,2022-09-14 18:54:46.224096,0:10:54.682981,28.6,16.3
2022-09-14 18:43:51.585984,2022-09-14 18:43:51.593015,2022-09-14 18:54:46.244194,0:10:54.658161,16.7,16.3
2022-09-14 18:43:51.569511,2022-09-14 18:43:51.592911,2022-09-14 18:54:46.266139,0:10:54.696579,16.7,16.3
2022-09-14 18:43:51.575461,2022-09-14 18:43:51.592861,2022-09-14 18:54:46.288104,0:10:54.712593,21.4,16.3
2022-09-14 18:43:51.609162,2022-09-14 18:43:51.615820,2022-09-14 18:54:46.298155,0:10:54.688943,16.7,16.3
2022-09-14 18:43:51.609455,2022-09-14 18:43:51.616061,2022-09-14 18:54:46.306262,0:10:54.696759,25.0,16.3
2022-09-14 18:43:51.592421,2022-09-14 18:43:51.604069,2022-09-14 18:54:46.320343,0:10:54.727870,30.0,16.3
2022-09-14 18:43:51.609318,2022-09-14 18:43:51.616004,2022-09-14 18:54:46.352602,0:10:54.743233,15.8,16.3
2022-09-14 18:43:51.637431,2022-09-14 18:43:51.638458,2022-09-14 18:54:46.392744,0:10:54.755261,17.4,16.3
2022-09-14 18:43:51.631933,2022-09-14 18:43:51.643684,2022-09-14 18:54:46.404874,0:10:54.772892,25.0,16.3
2022-09-14 18:43:51.631442,2022-09-14 18:43:51.632858,2022-09-14 18:54:46.422893,0:10:54.791401,18.2,16.3
2022-09-14 18:43:51.648110,2022-09-14 18:43:51.665565,2022-09-14 18:54:46.438821,0:10:54.790661,22.2,16.3
2022-09-14 18:43:51.658964,2022-09-14 18:43:51.676394,2022-09-14 18:54:46.457807,0:10:54.798793,18.2,16.2
2022-09-14 18:43:51.659170,2022-09-14 18:43:51.660228,2022-09-14 18:54:46.463026,0:10:54.803807,40.0,16.2
2022-09-14 18:43:51.675995,2022-09-14 18:43:51.677495,2022-09-14 18:54:46.495168,0:10:54.819123,16.7,16.2
2022-09-14 18:43:51.676232,2022-09-14 18:43:51.677596,2022-09-14 18:54:46.519085,0:10:54.842803,15.4,16.2
2022-09-14 18:43:51.675765,2022-09-14 18:43:51.683213,2022-09-14 18:54:46.539095,0:10:54.863280,16.7,16.2
2022-09-14 18:43:51.713918,2022-09-14 18:43:51.714962,2022-09-14 18:54:46.557116,0:10:54.843149,25.0,16.2
2022-09-14 18:43:51.693591,2022-09-14 18:43:51.715135,2022-09-14 18:54:46.589112,0:10:54.895472,21.1,16.2
2022-09-14 18:43:51.725177,2022-09-14 18:43:51.731567,2022-09-14 18:54:46.599168,0:10:54.873943,16.7,16.2
2022-09-14 18:43:51.708579,2022-09-14 18:43:51.714962,2022-09-14 18:54:46.615125,0:10:54.906496,22.2,16.2
2022-09-14 18:43:51.702763,2022-09-14 18:43:51.709109,2022-09-14 18:54:46.633940,0:10:54.931128,10.0,16.2
2022-09-14 18:43:51.719912,2022-09-14 18:43:51.732087,2022-09-14 18:54:46.639195,0:10:54.919233,40.0,16.2
2022-09-14 18:43:51.648283,2022-09-14 18:43:51.660228,2022-09-14 18:54:46.663902,0:10:55.015570,20.0,16.2
2022-09-14 18:43:51.736888,2022-09-14 18:43:51.738180,2022-09-14 18:54:46.669238,0:10:54.932301,0.0,16.2
2022-09-14 18:43:51.725380,2022-09-14 18:43:51.739140,2022-09-14 18:54:46.683223,0:10:54.957794,30.0,16.2
2022-09-14 18:43:51.737371,2022-09-14 18:43:51.739026,2022-09-14 18:54:46.708996,0:10:54.971577,14.3,16.3
2022-09-14 18:43:51.764601,2022-09-14 18:43:51.786479,2022-09-14 18:54:46.776637,0:10:55.011983,21.4,16.3
2022-09-14 18:43:51.775039,2022-09-14 18:43:51.786239,2022-09-14 18:54:46.784856,0:10:55.009766,20.0,16.3
2022-09-14 18:43:51.785738,2022-09-14 18:43:51.788392,2022-09-14 18:54:46.792731,0:10:55.006944,0.0,16.3
2022-09-14 18:43:51.786204,2022-09-14 18:43:51.788013,2022-09-14 18:54:46.803418,0:10:55.017166,25.0,16.3
2022-09-14 18:43:51.759060,2022-09-14 18:43:51.787803,2022-09-14 18:54:46.808756,0:10:55.049648,0.0,16.3
2022-09-14 18:43:51.785938,2022-09-14 18:43:51.786973,2022-09-14 18:54:46.838870,0:10:55.052883,22.2,16.3
2022-09-14 18:43:51.786379,2022-09-14 18:43:51.787368,2022-09-14 18:54:46.859128,0:10:55.072698,16.7,16.3
2022-09-14 18:43:51.798765,2022-09-14 18:43:51.810714,2022-09-14 18:54:46.867198,0:10:55.068383,0.0,16.3
2022-09-14 18:43:51.804332,2022-09-14 18:43:51.805346,2022-09-14 18:54:46.885251,0:10:55.080870,18.2,16.3
2022-09-14 18:43:51.837063,2022-09-14 18:43:51.849296,2022-09-14 18:54:46.931296,0:10:55.094180,18.5,16.3
2022-09-14 18:43:51.853727,2022-09-14 18:43:51.854762,2022-09-14 18:54:46.944764,0:10:55.090986,14.3,16.3
2022-09-14 18:43:51.854199,2022-09-14 18:43:51.855200,2022-09-14 18:54:46.973541,0:10:55.119291,22.2,16.3
2022-09-14 18:43:51.826097,2022-09-14 18:43:51.827098,2022-09-14 18:54:46.983652,0:10:55.157505,16.7,16.3
2022-09-14 18:43:51.848257,2022-09-14 18:43:51.860938,2022-09-14 18:54:47.005866,0:10:55.157557,23.1,16.3
2022-09-14 18:43:51.847994,2022-09-14 18:43:51.867054,2022-09-14 18:54:47.025941,0:10:55.177896,23.1,16.3
2022-09-14 18:43:51.786657,2022-09-14 18:43:51.793902,2022-09-14 18:54:47.050088,0:10:55.263381,20.0,16.3
2022-09-14 18:43:51.865304,2022-09-14 18:43:51.867054,2022-09-14 18:54:47.070407,0:10:55.205052,25.0,16.3
2022-09-14 18:43:51.892813,2022-09-14 18:43:51.899287,2022-09-14 18:54:47.090632,0:10:55.197769,16.7,16.3
2022-09-14 18:43:51.859793,2022-09-14 18:43:51.866653,2022-09-14 18:54:47.104783,0:10:55.244938,12.5,16.3
2022-09-14 18:43:51.847836,2022-09-14 18:43:51.904839,2022-09-14 18:54:47.113379,0:10:55.265494,20.0,16.3
2022-09-14 18:43:51.848087,2022-09-14 18:43:51.899172,2022-09-14 18:54:47.135916,0:10:55.287780,21.4,16.3
2022-09-14 18:43:51.926090,2022-09-14 18:43:51.928458,2022-09-14 18:54:47.160534,0:10:55.234394,20.0,16.3
2022-09-14 18:43:51.926369,2022-09-14 18:43:51.927954,2022-09-14 18:54:47.185679,0:10:55.259253,14.3,16.3
2022-09-14 18:43:51.920107,2022-09-14 18:43:51.940242,2022-09-14 18:54:47.199913,0:10:55.279757,33.3,16.3
2022-09-14 18:43:51.920643,2022-09-14 18:43:51.928663,2022-09-14 18:54:47.207932,0:10:55.287241,20.0,16.3
2022-09-14 18:43:51.926202,2022-09-14 18:43:51.940242,2022-09-14 18:54:47.217902,0:10:55.291651,16.7,16.3
2022-09-14 18:43:51.920216,2022-09-14 18:43:51.928343,2022-09-14 18:54:47.228048,0:10:55.307784,28.6,16.3
2022-09-14 18:43:51.920489,2022-09-14 18:43:51.934741,2022-09-14 18:54:47.236019,0:10:55.315481,25.0,16.3
2022-09-14 18:43:51.920354,2022-09-14 18:43:51.928873,2022-09-14 18:54:47.243992,0:10:55.323591,20.0,16.3
2022-09-14 18:43:51.926747,2022-09-14 18:43:51.928290,2022-09-14 18:54:47.263140,0:10:55.336344,18.2,16.3
2022-09-14 18:43:51.988678,2022-09-14 18:43:51.990289,2022-09-14 18:54:47.307624,0:10:55.318897,18.5,16.3
2022-09-14 18:43:51.966893,2022-09-14 18:43:51.973602,2022-09-14 18:54:47.346346,0:10:55.379400,18.2,16.3
2022-09-14 18:43:51.989365,2022-09-14 18:43:51.990364,2022-09-14 18:54:47.357289,0:10:55.367874,33.3,16.3
2022-09-14 18:43:51.989846,2022-09-14 18:43:51.996844,2022-09-14 18:54:47.362703,0:10:55.372796,33.3,16.3
2022-09-14 18:43:51.989050,2022-09-14 18:43:51.990000,2022-09-14 18:54:47.379004,0:10:55.389900,20.0,16.3
2022-09-14 18:43:51.983378,2022-09-14 18:43:51.996844,2022-09-14 18:54:47.401179,0:10:55.417751,16.7,16.3
2022-09-14 18:43:51.988887,2022-09-14 18:43:51.996446,2022-09-14 18:54:47.413105,0:10:55.424168,25.0,16.3
2022-09-14 18:43:51.995541,2022-09-14 18:43:51.997590,2022-09-14 18:54:47.427259,0:10:55.431669,22.2,16.3
2022-09-14 18:43:51.995890,2022-09-14 18:43:51.996844,2022-09-14 18:54:47.439135,0:10:55.443196,28.6,16.3
2022-09-14 18:43:51.983204,2022-09-14 18:43:52.002958,2022-09-14 18:54:47.451202,0:10:55.467948,25.0,16.3
2022-09-14 18:43:52.050991,2022-09-14 18:43:52.052936,2022-09-14 18:54:47.512586,0:10:55.461544,16.7,16.3
2022-09-14 18:43:52.050797,2022-09-14 18:43:52.053068,2022-09-14 18:54:47.523488,0:10:55.472640,16.7,16.3
2022-09-14 18:43:52.051991,2022-09-14 18:43:52.052936,2022-09-14 18:54:47.536861,0:10:55.484821,25.0,16.3
2022-09-14 18:43:52.051810,2022-09-14 18:43:52.059304,2022-09-14 18:54:47.553614,0:10:55.501754,11.1,16.3
2022-09-14 18:43:52.045189,2022-09-14 18:43:52.058901,2022-09-14 18:54:47.581429,0:10:55.536190,17.6,16.3
2022-09-14 18:43:52.057644,2022-09-14 18:43:52.070450,2022-09-14 18:54:47.589364,0:10:55.531672,33.3,16.3
2022-09-14 18:43:52.045113,2022-09-14 18:43:52.052523,2022-09-14 18:54:47.599588,0:10:55.554425,20.0,16.3
2022-09-14 18:43:52.058338,2022-09-14 18:43:52.107736,2022-09-14 18:54:47.627677,0:10:55.569281,17.6,16.3
2022-09-14 18:43:52.063689,2022-09-14 18:43:52.091848,2022-09-14 18:54:47.649609,0:10:55.585866,16.7,16.3
2022-09-14 18:43:52.118688,2022-09-14 18:43:52.120076,2022-09-14 18:54:47.691892,0:10:55.573149,19.2,16.3
2022-09-14 18:43:52.119128,2022-09-14 18:43:52.120076,2022-09-14 18:54:47.716006,0:10:55.596826,15.4,16.3
2022-09-14 18:43:52.119366,2022-09-14 18:43:52.121415,2022-09-14 18:54:47.740776,0:10:55.621358,25.0,16.3
2022-09-14 18:43:52.107050,2022-09-14 18:43:52.118795,2022-09-14 18:54:47.746199,0:10:55.639099,25.0,16.3
2022-09-14 18:43:52.118507,2022-09-14 18:43:52.121075,2022-09-14 18:54:47.756192,0:10:55.637635,16.7,16.3
2022-09-14 18:43:52.117894,2022-09-14 18:43:52.126865,2022-09-14 18:54:47.774225,0:10:55.656282,20.0,16.3
2022-09-14 18:43:52.117575,2022-09-14 18:43:52.120532,2022-09-14 18:54:47.782171,0:10:55.664547,20.0,16.3
2022-09-14 18:43:52.117709,2022-09-14 18:43:52.120448,2022-09-14 18:54:47.794210,0:10:55.676451,28.6,16.3
2022-09-14 18:43:52.057799,2022-09-14 18:43:52.064930,2022-09-14 18:54:47.802147,0:10:55.744301,20.0,16.3
2022-09-14 18:43:52.126146,2022-09-14 18:43:52.138536,2022-09-14 18:54:47.813859,0:10:55.687666,25.0,16.3
2022-09-14 18:43:52.118927,2022-09-14 18:43:52.132932,2022-09-14 18:54:47.827977,0:10:55.709002,25.0,16.3
2022-09-14 18:43:52.181640,2022-09-14 18:43:52.198487,2022-09-14 18:54:47.899581,0:10:55.717889,20.5,16.3
2022-09-14 18:43:52.181278,2022-09-14 18:43:52.199197,2022-09-14 18:54:47.912426,0:10:55.731098,14.3,16.3
2022-09-14 18:43:52.181805,2022-09-14 18:43:52.199301,2022-09-14 18:54:47.920541,0:10:55.738686,20.0,16.3
2022-09-14 18:43:52.187218,2022-09-14 18:43:52.193385,2022-09-14 18:54:47.944151,0:10:55.756882,14.3,16.3
2022-09-14 18:43:52.170771,2022-09-14 18:43:52.182066,2022-09-14 18:54:47.955034,0:10:55.784213,16.7,16.3
2022-09-14 18:43:52.197911,2022-09-14 18:43:52.205411,2022-09-14 18:54:47.969099,0:10:55.771139,33.3,16.3
2022-09-14 18:43:52.181452,2022-09-14 18:43:52.199423,2022-09-14 18:54:47.984955,0:10:55.803454,20.0,16.3
2022-09-14 18:43:52.197718,2022-09-14 18:43:52.211657,2022-09-14 18:54:47.996973,0:10:55.799207,14.3,16.3
2022-09-14 18:43:52.198093,2022-09-14 18:43:52.199542,2022-09-14 18:54:48.004957,0:10:55.806815,25.0,16.3
2022-09-14 18:43:52.204928,2022-09-14 18:43:52.211562,2022-09-14 18:54:48.037336,0:10:55.832358,20.0,16.2
2022-09-14 18:43:52.232898,2022-09-14 18:43:52.255592,2022-09-14 18:54:48.077182,0:10:55.844234,20.8,16.2
2022-09-14 18:43:52.243691,2022-09-14 18:43:52.245166,2022-09-14 18:54:48.108515,0:10:55.864765,16.7,16.3
2022-09-14 18:43:52.243519,2022-09-14 18:43:52.244957,2022-09-14 18:54:48.125718,0:10:55.882133,27.3,16.3
2022-09-14 18:43:52.260096,2022-09-14 18:43:52.266763,2022-09-14 18:54:48.142537,0:10:55.882388,20.0,16.3
2022-09-14 18:43:52.260296,2022-09-14 18:43:52.266832,2022-09-14 18:54:48.154771,0:10:55.894407,14.3,16.3
2022-09-14 18:43:52.266358,2022-09-14 18:43:52.278816,2022-09-14 18:54:48.165344,0:10:55.898936,16.7,16.3
2022-09-14 18:43:52.266180,2022-09-14 18:43:52.279060,2022-09-14 18:54:48.170754,0:10:55.904494,25.0,16.3
2022-09-14 18:43:52.244236,2022-09-14 18:43:52.278575,2022-09-14 18:54:48.188825,0:10:55.944540,20.0,16.3
2022-09-14 18:43:52.271940,2022-09-14 18:43:52.273319,2022-09-14 18:54:48.199069,0:10:55.927080,16.7,16.3
2022-09-14 18:43:52.265758,2022-09-14 18:43:52.272942,2022-09-14 18:54:48.207285,0:10:55.941478,20.0,16.3
2022-09-14 18:43:52.306500,2022-09-14 18:43:52.312750,2022-09-14 18:54:48.299465,0:10:55.992908,19.6,16.2
2022-09-14 18:43:52.328648,2022-09-14 18:43:52.330013,2022-09-14 18:54:48.305056,0:10:55.976358,0.0,16.2
2022-09-14 18:43:52.295514,2022-09-14 18:43:52.296563,2022-09-14 18:54:48.310391,0:10:56.014826,25.0,16.2
2022-09-14 18:43:52.306339,2022-09-14 18:43:52.312850,2022-09-14 18:54:48.325947,0:10:56.019555,37.5,16.2
2022-09-14 18:43:52.328187,2022-09-14 18:43:52.329846,2022-09-14 18:54:48.339114,0:10:56.010873,55.6,16.2
2022-09-14 18:43:52.328024,2022-09-14 18:43:52.335451,2022-09-14 18:54:48.356030,0:10:56.027954,11.1,16.2
2022-09-14 18:43:52.328808,2022-09-14 18:43:52.329846,2022-09-14 18:54:48.367295,0:10:56.038437,25.0,16.2
2022-09-14 18:43:52.328517,2022-09-14 18:43:52.329884,2022-09-14 18:54:48.372620,0:10:56.044054,0.0,16.2
2022-09-14 18:43:52.327843,2022-09-14 18:43:52.341430,2022-09-14 18:54:48.403265,0:10:56.075370,21.1,16.2
2022-09-14 18:43:52.351599,2022-09-14 18:43:52.358297,2022-09-14 18:54:48.408786,0:10:56.057138,0.0,16.2
2022-09-14 18:43:52.357539,2022-09-14 18:43:52.364385,2022-09-14 18:54:48.446772,0:10:56.089163,17.4,16.2
2022-09-14 18:43:52.372066,2022-09-14 18:43:52.383425,2022-09-14 18:54:48.484716,0:10:56.112599,18.2,16.2
2022-09-14 18:43:52.393420,2022-09-14 18:43:52.399587,2022-09-14 18:54:48.498785,0:10:56.105314,22.2,16.2
2022-09-14 18:43:52.371670,2022-09-14 18:43:52.383298,2022-09-14 18:54:48.513045,0:10:56.141325,12.5,16.2
2022-09-14 18:43:52.393239,2022-09-14 18:43:52.399728,2022-09-14 18:54:48.533356,0:10:56.140066,18.2,16.2
2022-09-14 18:43:52.405260,2022-09-14 18:43:52.416810,2022-09-14 18:54:48.549416,0:10:56.144106,20.0,16.2
2022-09-14 18:43:52.399661,2022-09-14 18:43:52.417456,2022-09-14 18:54:48.568057,0:10:56.168345,25.0,16.2
2022-09-14 18:43:52.399280,2022-09-14 18:43:52.411464,2022-09-14 18:54:48.573300,0:10:56.173971,0.0,16.2
2022-09-14 18:43:52.399075,2022-09-14 18:43:52.400820,2022-09-14 18:54:48.581273,0:10:56.182150,33.3,16.2
2022-09-14 18:43:52.416033,2022-09-14 18:43:52.418199,2022-09-14 18:54:48.605188,0:10:56.189106,14.3,16.2
2022-09-14 18:43:52.427937,2022-09-14 18:43:52.429193,2022-09-14 18:54:48.619418,0:10:56.191431,25.0,16.2
2022-09-14 18:43:52.439928,2022-09-14 18:43:52.441239,2022-09-14 18:54:48.635601,0:10:56.195623,20.0,16.2
2022-09-14 18:43:52.434657,2022-09-14 18:43:52.446758,2022-09-14 18:54:48.663720,0:10:56.229012,22.2,16.2
2022-09-14 18:43:52.456868,2022-09-14 18:43:52.458032,2022-09-14 18:54:48.699857,0:10:56.242938,22.7,16.2
2022-09-14 18:43:52.462748,2022-09-14 18:43:52.463690,2022-09-14 18:54:48.707890,0:10:56.245093,0.0,16.3
2022-09-14 18:43:52.456548,2022-09-14 18:43:52.458100,2022-09-14 18:54:48.732106,0:10:56.275508,21.4,16.3
2022-09-14 18:43:52.462602,2022-09-14 18:43:52.482514,2022-09-14 18:54:48.766333,0:10:56.303680,19.0,16.3
2022-09-14 18:43:52.473638,2022-09-14 18:43:52.488162,2022-09-14 18:54:48.774302,0:10:56.300614,20.0,16.3
2022-09-14 18:43:52.468066,2022-09-14 18:43:52.488270,2022-09-14 18:54:48.794341,0:10:56.326227,25.0,16.2
2022-09-14 18:43:52.504281,2022-09-14 18:43:52.511141,2022-09-14 18:54:48.812737,0:10:56.308404,18.2,16.2
2022-09-14 18:43:52.492837,2022-09-14 18:43:52.499194,2022-09-14 18:54:48.822825,0:10:56.329937,28.6,16.2
2022-09-14 18:43:52.503849,2022-09-14 18:43:52.510560,2022-09-14 18:54:48.834811,0:10:56.330911,16.7,16.2
2022-09-14 18:43:52.481414,2022-09-14 18:43:52.511698,2022-09-14 18:54:48.866897,0:10:56.385434,15.8,16.2
2022-09-14 18:43:52.522093,2022-09-14 18:43:52.528261,2022-09-14 18:54:48.904469,0:10:56.382325,21.7,16.2
2022-09-14 18:43:52.533388,2022-09-14 18:43:52.534490,2022-09-14 18:54:48.922749,0:10:56.389293,18.2,16.2
2022-09-14 18:43:52.527628,2022-09-14 18:43:52.555451,2022-09-14 18:54:48.955310,0:10:56.427629,16.7,16.2
2022-09-14 18:43:52.566406,2022-09-14 18:43:52.567655,2022-09-14 18:54:48.963257,0:10:56.396802,20.0,16.2
2022-09-14 18:43:52.549085,2022-09-14 18:43:52.555545,2022-09-14 18:54:48.973287,0:10:56.424154,16.7,16.2
2022-09-14 18:43:52.555304,2022-09-14 18:43:52.567745,2022-09-14 18:54:48.987013,0:10:56.431661,22.2,16.2
2022-09-14 18:43:52.555019,2022-09-14 18:43:52.556470,2022-09-14 18:54:49.004956,0:10:56.449888,20.0,16.2
2022-09-14 18:43:52.554365,2022-09-14 18:43:52.556258,2022-09-14 18:54:49.017185,0:10:56.462770,25.0,16.3
2022-09-14 18:43:52.516794,2022-09-14 18:43:52.555450,2022-09-14 18:54:49.025083,0:10:56.508241,25.0,16.3
2022-09-14 18:43:52.578215,2022-09-14 18:43:52.584741,2022-09-14 18:54:49.033028,0:10:56.454765,20.0,16.3
2022-09-14 18:43:52.584082,2022-09-14 18:43:52.618042,2022-09-14 18:54:49.058971,0:10:56.474839,18.7,16.3
2022-09-14 18:43:52.589847,2022-09-14 18:43:52.606999,2022-09-14 18:54:49.075476,0:10:56.485580,20.0,16.3
2022-09-14 18:43:52.605925,2022-09-14 18:43:52.623583,2022-09-14 18:54:49.113358,0:10:56.507380,14.3,16.2
2022-09-14 18:43:52.600329,2022-09-14 18:43:52.630063,2022-09-14 18:54:49.151241,0:10:56.550858,21.7,16.2
2022-09-14 18:43:52.617023,2022-09-14 18:43:52.623615,2022-09-14 18:54:49.156491,0:10:56.539417,25.0,16.2
2022-09-14 18:43:52.616672,2022-09-14 18:43:52.623688,2022-09-14 18:54:49.161710,0:10:56.544983,0.0,16.2
2022-09-14 18:43:52.628901,2022-09-14 18:43:52.636043,2022-09-14 18:54:49.191752,0:10:56.562801,21.1,16.3
2022-09-14 18:43:52.623439,2022-09-14 18:43:52.630283,2022-09-14 18:54:49.223848,0:10:56.600359,21.1,16.3
2022-09-14 18:43:52.616849,2022-09-14 18:43:52.635778,2022-09-14 18:54:49.234926,0:10:56.618027,14.3,16.3
2022-09-14 18:43:52.661653,2022-09-14 18:43:52.674560,2022-09-14 18:54:49.254372,0:10:56.592670,18.2,16.2
2022-09-14 18:43:52.673577,2022-09-14 18:43:52.674827,2022-09-14 18:54:49.259759,0:10:56.586131,50.0,16.2
2022-09-14 18:43:52.667267,2022-09-14 18:43:52.668345,2022-09-14 18:54:49.269486,0:10:56.602171,0.0,16.2
2022-09-14 18:43:52.667715,2022-09-14 18:43:52.668917,2022-09-14 18:54:49.317533,0:10:56.649768,20.0,16.2
2022-09-14 18:43:52.695429,2022-09-14 18:43:52.702288,2022-09-14 18:54:49.327755,0:10:56.632277,42.9,16.2
2022-09-14 18:43:52.679576,2022-09-14 18:43:52.696529,2022-09-14 18:54:49.343511,0:10:56.663883,11.1,16.2
2022-09-14 18:43:52.667070,2022-09-14 18:43:52.668917,2022-09-14 18:54:49.363783,0:10:56.696663,23.1,16.2
2022-09-14 18:43:52.696141,2022-09-14 18:43:52.708074,2022-09-14 18:54:49.379747,0:10:56.683557,12.5,16.2
2022-09-14 18:43:52.701709,2022-09-14 18:43:52.707806,2022-09-14 18:54:49.392516,0:10:56.690759,14.3,16.2
2022-09-14 18:43:52.695714,2022-09-14 18:43:52.702348,2022-09-14 18:54:49.397830,0:10:56.702068,25.0,16.2
2022-09-14 18:43:52.740602,2022-09-14 18:43:52.741619,2022-09-14 18:54:49.450464,0:10:56.709803,16.7,16.3
2022-09-14 18:43:52.762081,2022-09-14 18:43:52.769068,2022-09-14 18:54:49.481238,0:10:56.719095,21.1,16.3
2022-09-14 18:43:52.728931,2022-09-14 18:43:52.735922,2022-09-14 18:54:49.496217,0:10:56.767227,20.0,16.3
2022-09-14 18:43:52.762471,2022-09-14 18:43:52.774332,2022-09-14 18:54:49.512729,0:10:56.750207,12.5,16.3
2022-09-14 18:43:52.762278,2022-09-14 18:43:52.774414,2022-09-14 18:54:49.520785,0:10:56.758456,20.0,16.3
2022-09-14 18:43:52.734719,2022-09-14 18:43:52.741780,2022-09-14 18:54:49.543049,0:10:56.808279,15.4,16.3
2022-09-14 18:43:52.729088,2022-09-14 18:43:52.741780,2022-09-14 18:54:49.557257,0:10:56.828119,22.2,16.3
2022-09-14 18:43:52.796163,2022-09-14 18:43:52.797251,2022-09-14 18:54:49.583996,0:10:56.787783,18.7,16.3
2022-09-14 18:43:52.729242,2022-09-14 18:43:52.735390,2022-09-14 18:54:49.589211,0:10:56.859921,33.3,16.3
2022-09-14 18:43:52.767932,2022-09-14 18:43:52.791057,2022-09-14 18:54:49.599333,0:10:56.831352,16.7,16.3
2022-09-14 18:43:52.784858,2022-09-14 18:43:52.791677,2022-09-14 18:54:49.630256,0:10:56.845349,15.8,16.3
2022-09-14 18:43:52.790319,2022-09-14 18:43:52.808339,2022-09-14 18:54:49.641598,0:10:56.851226,28.6,16.3
2022-09-14 18:43:52.790530,2022-09-14 18:43:52.802632,2022-09-14 18:54:49.661723,0:10:56.871143,23.1,16.3
2022-09-14 18:43:52.807772,2022-09-14 18:43:52.819798,2022-09-14 18:54:49.681587,0:10:56.873765,18.2,16.2
2022-09-14 18:43:52.807453,2022-09-14 18:43:52.808339,2022-09-14 18:54:49.720213,0:10:56.912710,17.4,16.2
2022-09-14 18:43:52.835043,2022-09-14 18:43:52.836234,2022-09-14 18:54:49.725480,0:10:56.890388,25.0,16.2
2022-09-14 18:43:52.852023,2022-09-14 18:43:52.859232,2022-09-14 18:54:49.739358,0:10:56.887286,25.0,16.2
2022-09-14 18:43:52.851777,2022-09-14 18:43:52.858804,2022-09-14 18:54:49.763252,0:10:56.911427,14.3,16.2
2022-09-14 18:43:52.857783,2022-09-14 18:43:52.859388,2022-09-14 18:54:49.771474,0:10:56.913642,20.0,16.2
2022-09-14 18:43:52.824666,2022-09-14 18:43:52.852666,2022-09-14 18:54:49.783480,0:10:56.958766,14.3,16.2
2022-09-14 18:43:52.835195,2022-09-14 18:43:52.841728,2022-09-14 18:54:49.804102,0:10:56.968858,16.7,16.2
2022-09-14 18:43:52.824282,2022-09-14 18:43:52.841968,2022-09-14 18:54:49.809634,0:10:56.985300,33.3,16.2
2022-09-14 18:43:52.869855,2022-09-14 18:43:52.870925,2022-09-14 18:54:49.828707,0:10:56.958795,30.8,16.3
2022-09-14 18:43:52.875344,2022-09-14 18:43:52.882443,2022-09-14 18:54:49.836257,0:10:56.960861,0.0,16.3
2022-09-14 18:43:52.869667,2022-09-14 18:43:52.876427,2022-09-14 18:54:49.850382,0:10:56.980666,25.0,16.3
2022-09-14 18:43:52.889621,2022-09-14 18:43:52.901173,2022-09-14 18:54:49.913188,0:10:57.023512,16.2,16.3
2022-09-14 18:43:52.900122,2022-09-14 18:43:52.906615,2022-09-14 18:54:49.921633,0:10:57.021459,33.3,16.3
2022-09-14 18:43:52.910924,2022-09-14 18:43:52.917829,2022-09-14 18:54:49.929765,0:10:57.018791,20.0,16.3
2022-09-14 18:43:52.905470,2022-09-14 18:43:52.918018,2022-09-14 18:54:49.951787,0:10:57.046266,28.6,16.3
2022-09-14 18:43:52.916595,2022-09-14 18:43:52.917910,2022-09-14 18:54:49.971949,0:10:57.055304,16.7,16.3
2022-09-14 18:43:52.916749,2022-09-14 18:43:52.918309,2022-09-14 18:54:50.003642,0:10:57.086842,21.1,16.3
2022-09-14 18:43:52.928069,2022-09-14 18:43:52.945902,2022-09-14 18:54:50.012233,0:10:57.084115,20.0,16.2
2022-09-14 18:43:52.933732,2022-09-14 18:43:52.940058,2022-09-14 18:54:50.020288,0:10:57.086507,20.0,16.2
2022-09-14 18:43:52.933474,2022-09-14 18:43:52.951284,2022-09-14 18:54:50.038726,0:10:57.105179,18.2,16.2
2022-09-14 18:43:52.944950,2022-09-14 18:43:52.956800,2022-09-14 18:54:50.046843,0:10:57.101844,0.0,16.2
2022-09-14 18:43:52.961596,2022-09-14 18:43:52.973203,2022-09-14 18:54:50.068817,0:10:57.107172,16.7,16.2
2022-09-14 18:43:52.966978,2022-09-14 18:43:52.985020,2022-09-14 18:54:50.101061,0:10:57.134033,20.0,16.2
2022-09-14 18:43:52.978835,2022-09-14 18:43:52.990631,2022-09-14 18:54:50.126987,0:10:57.148102,18.7,16.2
2022-09-14 18:43:52.955739,2022-09-14 18:43:52.984988,2022-09-14 18:54:50.145262,0:10:57.189472,20.0,16.2
2022-09-14 18:43:52.984294,2022-09-14 18:43:52.991091,2022-09-14 18:54:50.161199,0:10:57.176856,20.0,16.2
2022-09-14 18:43:52.989799,2022-09-14 18:43:52.991231,2022-09-14 18:54:50.174689,0:10:57.184834,14.3,16.2
2022-09-14 18:43:52.995815,2022-09-14 18:43:52.997031,2022-09-14 18:54:50.195435,0:10:57.199572,15.4,16.2
2022-09-14 18:43:53.006885,2022-09-14 18:43:53.008294,2022-09-14 18:54:50.214795,0:10:57.207860,18.2,16.2
2022-09-14 18:43:53.018447,2022-09-14 18:43:53.019742,2022-09-14 18:54:50.236062,0:10:57.217565,23.1,16.2
2022-09-14 18:43:53.024396,2022-09-14 18:43:53.038470,2022-09-14 18:54:50.257221,0:10:57.232774,16.7,16.2
2022-09-14 18:43:52.978533,2022-09-14 18:43:53.008543,2022-09-14 18:54:50.276218,0:10:57.297634,25.0,16.2
2022-09-14 18:43:53.043033,2022-09-14 18:43:53.044661,2022-09-14 18:54:50.296730,0:10:57.253642,16.7,16.2
2022-09-14 18:43:53.055007,2022-09-14 18:43:53.056243,2022-09-14 18:54:50.318166,0:10:57.263108,16.7,16.2
2022-09-14 18:43:53.007246,2022-09-14 18:43:53.019398,2022-09-14 18:54:50.339315,0:10:57.332018,21.4,16.2
2022-09-14 18:43:53.049310,2022-09-14 18:43:53.055766,2022-09-14 18:54:50.355524,0:10:57.306164,12.5,16.2
2022-09-14 18:43:53.043887,2022-09-14 18:43:53.061986,2022-09-14 18:54:50.382244,0:10:57.338307,18.7,16.3
2022-09-14 18:43:53.072239,2022-09-14 18:43:53.078857,2022-09-14 18:54:50.398267,0:10:57.325974,27.3,16.3
2022-09-14 18:43:53.072430,2022-09-14 18:43:53.078545,2022-09-14 18:54:50.423655,0:10:57.351170,25.0,16.3
2022-09-14 18:43:53.042870,2022-09-14 18:43:53.055766,2022-09-14 18:54:50.429357,0:10:57.386438,25.0,16.3
2022-09-14 18:43:53.060970,2022-09-14 18:43:53.062078,2022-09-14 18:54:50.449654,0:10:57.388632,23.1,16.3
2022-09-14 18:43:53.088350,2022-09-14 18:43:53.100492,2022-09-14 18:54:50.461938,0:10:57.373537,16.7,16.3
2022-09-14 18:43:53.120383,2022-09-14 18:43:53.121422,2022-09-14 18:54:50.499849,0:10:57.379414,20.8,16.3
2022-09-14 18:43:53.099144,2022-09-14 18:43:53.100785,2022-09-14 18:54:50.514494,0:10:57.415297,12.5,16.3
2022-09-14 18:43:53.111365,2022-09-14 18:43:53.122502,2022-09-14 18:54:50.533937,0:10:57.422523,18.2,16.3
2022-09-14 18:43:53.111187,2022-09-14 18:43:53.121925,2022-09-14 18:54:50.557010,0:10:57.445773,21.4,16.3
2022-09-14 18:43:53.105667,2022-09-14 18:43:53.106682,2022-09-14 18:54:50.568511,0:10:57.462782,25.0,16.3
2022-09-14 18:43:53.120931,2022-09-14 18:43:53.144283,2022-09-14 18:54:50.589693,0:10:57.468701,16.7,16.3
2022-09-14 18:43:53.137752,2022-09-14 18:43:53.144104,2022-09-14 18:54:50.604115,0:10:57.466311,22.2,16.3
2022-09-14 18:43:53.149454,2022-09-14 18:43:53.156053,2022-09-14 18:54:50.620003,0:10:57.470500,11.1,16.3
2022-09-14 18:43:53.121305,2022-09-14 18:43:53.138442,2022-09-14 18:54:50.628099,0:10:57.506745,25.0,16.3
2022-09-14 18:43:53.149014,2022-09-14 18:43:53.149962,2022-09-14 18:54:50.658784,0:10:57.509718,21.1,16.3
2022-09-14 18:43:53.188792,2022-09-14 18:43:53.189775,2022-09-14 18:54:50.695794,0:10:57.506950,14.3,16.3
2022-09-14 18:43:53.172254,2022-09-14 18:43:53.200528,2022-09-14 18:54:50.710870,0:10:57.538565,22.2,16.3
2022-09-14 18:43:53.189043,2022-09-14 18:43:53.222745,2022-09-14 18:54:50.751155,0:10:57.562061,16.7,16.3
2022-09-14 18:43:53.183406,2022-09-14 18:43:53.211414,2022-09-14 18:54:50.767067,0:10:57.583610,11.1,16.3
2022-09-14 18:43:53.166736,2022-09-14 18:43:53.189775,2022-09-14 18:54:50.777315,0:10:57.610530,20.0,16.3
2022-09-14 18:43:53.183237,2022-09-14 18:43:53.206069,2022-09-14 18:54:50.787241,0:10:57.603955,16.7,16.3
2022-09-14 18:43:53.204907,2022-09-14 18:43:53.239067,2022-09-14 18:54:50.811680,0:10:57.606714,20.0,16.3
2022-09-14 18:43:53.210537,2022-09-14 18:43:53.233118,2022-09-14 18:54:50.837452,0:10:57.626864,20.0,16.3
2022-09-14 18:43:53.215999,2022-09-14 18:43:53.217477,2022-09-14 18:54:50.842888,0:10:57.626839,25.0,16.3
2022-09-14 18:43:53.166956,2022-09-14 18:43:53.173410,2022-09-14 18:54:50.869652,0:10:57.702647,18.8,16.3
2022-09-14 18:43:53.249883,2022-09-14 18:43:53.257581,2022-09-14 18:54:50.880770,0:10:57.630838,28.6,16.3
2022-09-14 18:43:53.250243,2022-09-14 18:43:53.251360,2022-09-14 18:54:50.899547,0:10:57.649255,25.0,16.3
2022-09-14 18:43:53.250045,2022-09-14 18:43:53.251623,2022-09-14 18:54:50.915543,0:10:57.665449,11.1,16.3
2022-09-14 18:43:53.238599,2022-09-14 18:43:53.268918,2022-09-14 18:54:50.937556,0:10:57.698907,15.4,16.3
2022-09-14 18:43:53.268268,2022-09-14 18:43:53.285344,2022-09-14 18:54:50.967630,0:10:57.699312,22.2,16.3
2022-09-14 18:43:53.232247,2022-09-14 18:43:53.269150,2022-09-14 18:54:50.981721,0:10:57.749423,12.5,16.3
2022-09-14 18:43:53.300997,2022-09-14 18:43:53.307815,2022-09-14 18:54:50.991713,0:10:57.690660,28.6,16.3
2022-09-14 18:43:53.284346,2022-09-14 18:43:53.291276,2022-09-14 18:54:51.001953,0:10:57.717556,0.0,16.3
2022-09-14 18:43:53.300802,2022-09-14 18:43:53.308296,2022-09-14 18:54:51.024231,0:10:57.723379,26.7,16.3
2022-09-14 18:43:53.244214,2022-09-14 18:43:53.257734,2022-09-14 18:54:51.032191,0:10:57.787928,0.0,16.3
2022-09-14 18:43:53.306744,2022-09-14 18:43:53.308183,2022-09-14 18:54:51.052326,0:10:57.745533,16.7,16.3
2022-09-14 18:43:53.232859,2022-09-14 18:43:53.251906,2022-09-14 18:54:51.078443,0:10:57.845535,20.0,16.3
2022-09-14 18:43:53.314053,2022-09-14 18:43:53.314968,2022-09-14 18:54:51.092861,0:10:57.778759,22.2,16.3
2022-09-14 18:43:53.313567,2022-09-14 18:43:53.314968,2022-09-14 18:54:51.105010,0:10:57.791395,25.0,16.3
2022-09-14 18:43:53.313963,2022-09-14 18:43:53.342229,2022-09-14 18:54:51.131226,0:10:57.817213,18.7,16.3
2022-09-14 18:43:53.306580,2022-09-14 18:43:53.336183,2022-09-14 18:54:51.157335,0:10:57.850702,14.3,16.3
2022-09-14 18:43:53.335472,2022-09-14 18:43:53.336444,2022-09-14 18:54:51.167277,0:10:57.831756,28.6,16.3
2022-09-14 18:43:53.313149,2022-09-14 18:43:53.331043,2022-09-14 18:54:51.181441,0:10:57.868243,12.5,16.3
2022-09-14 18:43:53.347381,2022-09-14 18:43:53.358765,2022-09-14 18:54:51.189373,0:10:57.841943,25.0,16.3
2022-09-14 18:43:53.366190,2022-09-14 18:43:53.367124,2022-09-14 18:54:51.237957,0:10:57.871712,20.0,16.3
2022-09-14 18:43:53.382649,2022-09-14 18:43:53.395742,2022-09-14 18:54:51.259293,0:10:57.876590,23.1,16.3
2022-09-14 18:43:53.376943,2022-09-14 18:43:53.395757,2022-09-14 18:54:51.264717,0:10:57.887722,0.0,16.3
2022-09-14 18:43:53.388430,2022-09-14 18:43:53.389414,2022-09-14 18:54:51.272630,0:10:57.884151,20.0,16.3
2022-09-14 18:43:53.382907,2022-09-14 18:43:53.390111,2022-09-14 18:54:51.282517,0:10:57.899562,20.0,16.3
2022-09-14 18:43:53.377068,2022-09-14 18:43:53.395676,2022-09-14 18:54:51.292539,0:10:57.915423,16.7,16.3
2022-09-14 18:43:53.388863,2022-09-14 18:43:53.395757,2022-09-14 18:54:51.318430,0:10:57.929518,13.3,16.3
2022-09-14 18:43:53.401855,2022-09-14 18:43:53.419191,2022-09-14 18:54:51.346652,0:10:57.944747,29.4,16.3
2022-09-14 18:43:53.450626,2022-09-14 18:43:53.451651,2022-09-14 18:54:51.380840,0:10:57.930164,19.0,16.3
2022-09-14 18:43:53.407972,2022-09-14 18:43:53.429848,2022-09-14 18:54:51.396882,0:10:57.988860,20.0,16.3
2022-09-14 18:43:53.439928,2022-09-14 18:43:53.446132,2022-09-14 18:54:51.421002,0:10:57.981024,15.4,16.3
2022-09-14 18:43:53.450447,2022-09-14 18:43:53.457157,2022-09-14 18:54:51.450788,0:10:58.000290,21.1,16.3
2022-09-14 18:43:53.467649,2022-09-14 18:43:53.468538,2022-09-14 18:54:51.458724,0:10:57.991007,25.0,16.3
2022-09-14 18:43:53.456511,2022-09-14 18:43:53.457825,2022-09-14 18:54:51.466893,0:10:58.010334,20.0,16.3
2022-09-14 18:43:53.428742,2022-09-14 18:43:53.435055,2022-09-14 18:54:51.478819,0:10:58.050028,14.3,16.3
2022-09-14 18:43:53.401657,2022-09-14 18:43:53.408425,2022-09-14 18:54:51.488897,0:10:58.087191,16.7,16.3
2022-09-14 18:43:53.439755,2022-09-14 18:43:53.457752,2022-09-14 18:54:51.517688,0:10:58.077877,12.5,16.3
2022-09-14 18:43:53.467024,2022-09-14 18:43:53.469198,2022-09-14 18:54:51.538375,0:10:58.071302,23.1,16.3
2022-09-14 18:43:53.469256,2022-09-14 18:43:53.481376,2022-09-14 18:54:51.554409,0:10:58.085104,30.0,16.3
2022-09-14 18:43:53.501934,2022-09-14 18:43:53.503064,2022-09-14 18:54:51.568355,0:10:58.066373,22.2,16.3
2022-09-14 18:43:53.467238,2022-09-14 18:43:53.469772,2022-09-14 18:54:51.576584,0:10:58.109298,20.0,16.2
2022-09-14 18:43:53.501514,2022-09-14 18:43:53.502513,2022-09-14 18:54:51.606553,0:10:58.104991,16.7,16.2
2022-09-14 18:43:53.524313,2022-09-14 18:43:53.536628,2022-09-14 18:54:51.624522,0:10:58.100159,20.0,16.2
2022-09-14 18:43:53.501769,2022-09-14 18:43:53.508948,2022-09-14 18:54:51.646466,0:10:58.144648,15.4,16.2
2022-09-14 18:43:53.513730,2022-09-14 18:43:53.536627,2022-09-14 18:54:51.674349,0:10:58.160569,18.7,16.2
2022-09-14 18:43:53.524830,2022-09-14 18:43:53.541897,2022-09-14 18:54:51.690175,0:10:58.165295,27.3,16.2
2022-09-14 18:43:53.563521,2022-09-14 18:43:53.565338,2022-09-14 18:54:51.722157,0:10:58.158586,25.0,16.3
2022-09-14 18:43:53.563984,2022-09-14 18:43:53.565611,2022-09-14 18:54:51.730104,0:10:58.166072,20.0,16.3
2022-09-14 18:43:53.541345,2022-09-14 18:43:53.558720,2022-09-14 18:54:51.748079,0:10:58.206685,25.0,16.3
2022-09-14 18:43:53.535491,2022-09-14 18:43:53.553266,2022-09-14 18:54:51.766841,0:10:58.231301,18.2,16.3
2022-09-14 18:43:53.541124,2022-09-14 18:43:53.558770,2022-09-14 18:54:51.774725,0:10:58.233534,20.0,16.3
2022-09-14 18:43:53.563661,2022-09-14 18:43:53.571588,2022-09-14 18:54:51.779969,0:10:58.216258,0.0,16.3
2022-09-14 18:43:53.586893,2022-09-14 18:43:53.593445,2022-09-14 18:54:51.821984,0:10:58.235039,20.0,16.3
2022-09-14 18:43:53.603773,2022-09-14 18:43:53.605294,2022-09-14 18:54:51.834026,0:10:58.230203,25.0,16.3
2022-09-14 18:43:53.535332,2022-09-14 18:43:53.558781,2022-09-14 18:54:51.865923,0:10:58.330541,20.0,16.3
2022-09-14 18:43:53.597887,2022-09-14 18:43:53.606244,2022-09-14 18:54:51.873865,0:10:58.275928,25.0,16.3
2022-09-14 18:43:53.592293,2022-09-14 18:43:53.605111,2022-09-14 18:54:51.887842,0:10:58.295501,30.0,16.3
2022-09-14 18:43:53.604001,2022-09-14 18:43:53.605387,2022-09-14 18:54:51.901870,0:10:58.297821,12.5,16.3
2022-09-14 18:43:53.627032,2022-09-14 18:43:53.643749,2022-09-14 18:54:51.932327,0:10:58.305244,21.1,16.3
2022-09-14 18:43:53.604339,2022-09-14 18:43:53.606275,2022-09-14 18:54:51.946484,0:10:58.342095,14.3,16.3
2022-09-14 18:43:53.643224,2022-09-14 18:43:53.644357,2022-09-14 18:54:51.954468,0:10:58.311195,0.0,16.3
2022-09-14 18:43:53.654442,2022-09-14 18:43:53.655439,2022-09-14 18:54:51.978364,0:10:58.323872,20.0,16.3
2022-09-14 18:43:53.643062,2022-09-14 18:43:53.644357,2022-09-14 18:54:51.994263,0:10:58.351153,30.0,16.3
2022-09-14 18:43:53.666904,2022-09-14 18:43:53.678017,2022-09-14 18:54:52.026104,0:10:58.359149,15.8,16.3
2022-09-14 18:43:53.666282,2022-09-14 18:43:53.667644,2022-09-14 18:54:52.048220,0:10:58.381887,23.1,16.3
2022-09-14 18:43:53.598346,2022-09-14 18:43:53.616911,2022-09-14 18:54:52.060189,0:10:58.461794,14.3,16.3
2022-09-14 18:43:53.666038,2022-09-14 18:43:53.678017,2022-09-14 18:54:52.068191,0:10:58.402104,20.0,16.3
2022-09-14 18:43:53.665471,2022-09-14 18:43:53.678252,2022-09-14 18:54:52.076266,0:10:58.410747,0.0,16.3
2022-09-14 18:43:53.665627,2022-09-14 18:43:53.683827,2022-09-14 18:54:52.094100,0:10:58.428425,20.0,16.3
2022-09-14 18:43:53.699982,2022-09-14 18:43:53.715205,2022-09-14 18:54:52.129683,0:10:58.429640,18.2,16.3
2022-09-14 18:43:53.705222,2022-09-14 18:43:53.706203,2022-09-14 18:54:52.182730,0:10:58.477435,21.9,16.3
2022-09-14 18:43:53.730955,2022-09-14 18:43:53.738058,2022-09-14 18:54:52.198945,0:10:58.467939,20.0,16.3
2022-09-14 18:43:53.665313,2022-09-14 18:43:53.694938,2022-09-14 18:54:52.216810,0:10:58.551447,18.2,16.3
2022-09-14 18:43:53.730771,2022-09-14 18:43:53.737995,2022-09-14 18:54:52.228956,0:10:58.498136,25.0,16.3
2022-09-14 18:43:53.731840,2022-09-14 18:43:53.743988,2022-09-14 18:54:52.240828,0:10:58.508939,16.7,16.3
2022-09-14 18:43:53.714136,2022-09-14 18:43:53.732256,2022-09-14 18:54:52.264946,0:10:58.550760,14.3,16.3
2022-09-14 18:43:53.770173,2022-09-14 18:43:53.771120,2022-09-14 18:54:52.278798,0:10:58.508575,22.2,16.3
2022-09-14 18:43:53.731583,2022-09-14 18:43:53.743518,2022-09-14 18:54:52.286728,0:10:58.555084,25.0,16.3
2022-09-14 18:43:53.719552,2022-09-14 18:43:53.743443,2022-09-14 18:54:52.308763,0:10:58.589162,15.4,16.3
2022-09-14 18:43:53.731124,2022-09-14 18:43:53.749555,2022-09-14 18:54:52.324800,0:10:58.593628,11.1,16.3
2022-09-14 18:43:53.730615,2022-09-14 18:43:53.744083,2022-09-14 18:54:52.345374,0:10:58.614709,16.7,16.3
2022-09-14 18:43:53.803031,2022-09-14 18:43:53.810323,2022-09-14 18:54:52.375236,0:10:58.572154,22.2,16.3
2022-09-14 18:43:53.792515,2022-09-14 18:43:53.804387,2022-09-14 18:54:52.387439,0:10:58.594874,14.3,16.3
2022-09-14 18:43:53.803342,2022-09-14 18:43:53.804271,2022-09-14 18:54:52.395387,0:10:58.591995,20.0,16.3
2022-09-14 18:43:53.781156,2022-09-14 18:43:53.793412,2022-09-14 18:54:52.403461,0:10:58.622256,25.0,16.3
2022-09-14 18:43:53.792279,2022-09-14 18:43:53.798758,2022-09-14 18:54:52.419419,0:10:58.627090,20.0,16.3
2022-09-14 18:43:53.804082,2022-09-14 18:43:53.815776,2022-09-14 18:54:52.436757,0:10:58.632626,11.1,16.3
2022-09-14 18:43:53.780643,2022-09-14 18:43:53.787748,2022-09-14 18:54:52.459393,0:10:58.678702,21.4,16.3
2022-09-14 18:43:53.831489,2022-09-14 18:43:53.838180,2022-09-14 18:54:52.472776,0:10:58.641234,12.5,16.3
2022-09-14 18:43:53.792104,2022-09-14 18:43:53.838778,2022-09-14 18:54:52.493710,0:10:58.701550,16.7,16.3
2022-09-14 18:43:53.848899,2022-09-14 18:43:53.861457,2022-09-14 18:54:52.537828,0:10:58.688876,22.2,16.3
2022-09-14 18:43:53.815060,2022-09-14 18:43:53.844433,2022-09-14 18:54:52.549710,0:10:58.734594,14.3,16.3
2022-09-14 18:43:53.854855,2022-09-14 18:43:53.856103,2022-09-14 18:54:52.566700,0:10:58.711787,27.3,16.3
2022-09-14 18:43:53.865851,2022-09-14 18:43:53.866769,2022-09-14 18:54:52.571920,0:10:58.706018,0.0,16.3
2022-09-14 18:43:53.854391,2022-09-14 18:43:53.856103,2022-09-14 18:54:52.589931,0:10:58.735492,20.0,16.3
2022-09-14 18:43:53.849039,2022-09-14 18:43:53.873029,2022-09-14 18:54:52.629904,0:10:58.780815,23.1,16.3
2022-09-14 18:43:53.866055,2022-09-14 18:43:53.872503,2022-09-14 18:54:52.637851,0:10:58.771748,25.0,16.3
2022-09-14 18:43:53.883042,2022-09-14 18:43:53.884886,2022-09-14 18:54:52.645959,0:10:58.762869,20.0,16.3
2022-09-14 18:43:53.883563,2022-09-14 18:43:53.884924,2022-09-14 18:54:52.657867,0:10:58.774257,25.0,16.3
2022-09-14 18:43:53.895883,2022-09-14 18:43:53.902340,2022-09-14 18:54:52.697700,0:10:58.801762,20.8,16.3
2022-09-14 18:43:53.883950,2022-09-14 18:43:53.884924,2022-09-14 18:54:52.705828,0:10:58.821829,20.0,16.3
2022-09-14 18:43:53.914514,2022-09-14 18:43:53.921172,2022-09-14 18:54:52.728947,0:10:58.814383,21.4,16.3
2022-09-14 18:43:53.914211,2022-09-14 18:43:53.927215,2022-09-14 18:54:52.751590,0:10:58.837330,21.4,16.3
2022-09-14 18:43:53.914656,2022-09-14 18:43:53.916612,2022-09-14 18:54:52.765575,0:10:58.850868,12.5,16.3
2022-09-14 18:43:53.926521,2022-09-14 18:43:53.927642,2022-09-14 18:54:52.775748,0:10:58.849178,28.6,16.3
2022-09-14 18:43:53.937933,2022-09-14 18:43:53.939059,2022-09-14 18:54:52.797603,0:10:58.859621,16.7,16.3
2022-09-14 18:43:53.949301,2022-09-14 18:43:53.950568,2022-09-14 18:54:52.833597,0:10:58.884247,18.2,16.3
2022-09-14 18:43:53.927085,2022-09-14 18:43:53.938769,2022-09-14 18:54:52.841556,0:10:58.914422,40.0,16.3
2022-09-14 18:43:53.949471,2022-09-14 18:43:53.950494,2022-09-14 18:54:52.849491,0:10:58.899972,20.0,16.3
2022-09-14 18:43:53.944020,2022-09-14 18:43:53.961426,2022-09-14 18:54:52.869470,0:10:58.925400,16.7,16.3
2022-09-14 18:43:53.977359,2022-09-14 18:43:53.978661,2022-09-14 18:54:52.925431,0:10:58.948022,18.2,16.3
2022-09-14 18:43:53.983453,2022-09-14 18:43:53.989633,2022-09-14 18:54:52.933514,0:10:58.950013,20.0,16.3
2022-09-14 18:43:53.989485,2022-09-14 18:43:53.990677,2022-09-14 18:54:52.945499,0:10:58.955965,25.0,16.3
2022-09-14 18:43:53.988851,2022-09-14 18:43:53.990629,2022-09-14 18:54:52.956640,0:10:58.967741,28.6,16.3
2022-09-14 18:43:53.989085,2022-09-14 18:43:54.001169,2022-09-14 18:54:52.973311,0:10:58.984178,11.1,16.3
2022-09-14 18:43:53.972042,2022-09-14 18:43:53.978543,2022-09-14 18:54:52.993638,0:10:59.021547,23.1,16.3
2022-09-14 18:43:54.005737,2022-09-14 18:43:54.012389,2022-09-14 18:54:53.026049,0:10:59.020259,20.0,16.3
2022-09-14 18:43:54.022314,2022-09-14 18:43:54.028894,2022-09-14 18:54:53.034229,0:10:59.011860,33.3,16.3
2022-09-14 18:43:54.011646,2022-09-14 18:43:54.028713,2022-09-14 18:54:53.071882,0:10:59.060185,18.2,16.3
2022-09-14 18:43:54.039158,2022-09-14 18:43:54.040196,2022-09-14 18:54:53.082624,0:10:59.043415,16.7,16.3
2022-09-14 18:43:54.022511,2022-09-14 18:43:54.056983,2022-09-14 18:54:53.114906,0:10:59.092344,23.8,16.3
2022-09-14 18:43:54.056075,2022-09-14 18:43:54.057033,2022-09-14 18:54:53.122820,0:10:59.066694,0.0,16.3
2022-09-14 18:43:54.055622,2022-09-14 18:43:54.056742,2022-09-14 18:54:53.132765,0:10:59.077094,16.7,16.3
2022-09-14 18:43:54.055453,2022-09-14 18:43:54.062701,2022-09-14 18:54:53.164865,0:10:59.109362,16.7,16.3
2022-09-14 18:43:54.045022,2022-09-14 18:43:54.056983,2022-09-14 18:54:53.176900,0:10:59.131828,25.0,16.2
2022-09-14 18:43:54.068859,2022-09-14 18:43:54.074991,2022-09-14 18:54:53.204903,0:10:59.135994,13.3,16.2
2022-09-14 18:43:54.061973,2022-09-14 18:43:54.063668,2022-09-14 18:54:53.214967,0:10:59.152945,28.6,16.2
2022-09-14 18:43:54.093139,2022-09-14 18:43:54.094357,2022-09-14 18:54:53.231046,0:10:59.137856,20.0,16.2
2022-09-14 18:43:54.087540,2022-09-14 18:43:54.094321,2022-09-14 18:54:53.239084,0:10:59.151495,0.0,16.2
2022-09-14 18:43:54.082106,2022-09-14 18:43:54.088317,2022-09-14 18:54:53.251108,0:10:59.168953,28.6,16.2
2022-09-14 18:43:54.099674,2022-09-14 18:43:54.100750,2022-09-14 18:54:53.259108,0:10:59.159385,0.0,16.2
2022-09-14 18:43:54.128428,2022-09-14 18:43:54.134596,2022-09-14 18:54:53.325918,0:10:59.197439,19.5,16.2
2022-09-14 18:43:54.121229,2022-09-14 18:43:54.128841,2022-09-14 18:54:53.334143,0:10:59.212864,33.3,16.2
2022-09-14 18:43:54.150729,2022-09-14 18:43:54.151890,2022-09-14 18:54:53.374796,0:10:59.224016,20.8,16.2
2022-09-14 18:43:54.121405,2022-09-14 18:43:54.129414,2022-09-14 18:54:53.398223,0:10:59.276769,20.0,16.2
2022-09-14 18:43:54.156226,2022-09-14 18:43:54.168517,2022-09-14 18:54:53.410212,0:10:59.253938,14.3,16.2
2022-09-14 18:43:54.127928,2022-09-14 18:43:54.129100,2022-09-14 18:54:53.422416,0:10:59.294439,28.6,16.2
2022-09-14 18:43:54.156456,2022-09-14 18:43:54.168372,2022-09-14 18:54:53.440298,0:10:59.283793,25.0,16.2
2022-09-14 18:43:54.162181,2022-09-14 18:43:54.168352,2022-09-14 18:54:53.456074,0:10:59.293845,22.2,16.2
2022-09-14 18:43:54.115952,2022-09-14 18:43:54.146048,2022-09-14 18:54:53.466165,0:10:59.350165,16.7,16.2
2022-09-14 18:43:54.145013,2022-09-14 18:43:54.157385,2022-09-14 18:54:53.476030,0:10:59.330970,28.6,16.2
2022-09-14 18:43:54.186613,2022-09-14 18:43:54.187868,2022-09-14 18:54:53.486321,0:10:59.299659,16.7,16.2
2022-09-14 18:43:54.178815,2022-09-14 18:43:54.188336,2022-09-14 18:54:53.512442,0:10:59.333578,20.0,16.2
2022-09-14 18:43:54.193348,2022-09-14 18:43:54.199584,2022-09-14 18:54:53.520364,0:10:59.326968,20.0,16.2
2022-09-14 18:43:54.204711,2022-09-14 18:43:54.216308,2022-09-14 18:54:53.574480,0:10:59.369719,18.2,16.2
2022-09-14 18:43:54.209968,2022-09-14 18:43:54.216409,2022-09-14 18:54:53.589754,0:10:59.379736,22.2,16.2
2022-09-14 18:43:54.210132,2022-09-14 18:43:54.221539,2022-09-14 18:54:53.602465,0:10:59.392284,25.0,16.2
2022-09-14 18:43:54.220864,2022-09-14 18:43:54.222281,2022-09-14 18:54:53.622526,0:10:59.401613,16.7,16.2
2022-09-14 18:43:54.221332,2022-09-14 18:43:54.233647,2022-09-14 18:54:53.642626,0:10:59.421245,18.2,16.2
2022-09-14 18:43:54.221575,2022-09-14 18:43:54.239078,2022-09-14 18:54:53.652548,0:10:59.430924,16.7,16.2
2022-09-14 18:43:54.227104,2022-09-14 18:43:54.250066,2022-09-14 18:54:53.662601,0:10:59.435449,16.7,16.2
2022-09-14 18:43:54.249527,2022-09-14 18:43:54.251044,2022-09-14 18:54:53.676373,0:10:59.426798,25.0,16.2
2022-09-14 18:43:54.249054,2022-09-14 18:43:54.251161,2022-09-14 18:54:53.684493,0:10:59.435391,0.0,16.2
2022-09-14 18:43:54.262516,2022-09-14 18:43:54.269079,2022-09-14 18:54:53.718052,0:10:59.455486,19.0,16.2
2022-09-14 18:43:54.286908,2022-09-14 18:43:54.288244,2022-09-14 18:54:53.772110,0:10:59.485151,21.2,16.2
2022-09-14 18:43:54.278894,2022-09-14 18:43:54.287491,2022-09-14 18:54:53.782049,0:10:59.503105,16.7,16.2
2022-09-14 18:43:54.286459,2022-09-14 18:43:54.287491,2022-09-14 18:54:53.791982,0:10:59.505474,20.0,16.2
2022-09-14 18:43:54.278720,2022-09-14 18:43:54.287877,2022-09-14 18:54:53.799943,0:10:59.521174,20.0,16.2
2022-09-14 18:43:54.273440,2022-09-14 18:43:54.303955,2022-09-14 18:54:53.807881,0:10:59.534393,20.0,16.2
2022-09-14 18:43:54.286282,2022-09-14 18:43:54.303969,2022-09-14 18:54:53.837910,0:10:59.551579,17.6,16.2
2022-09-14 18:43:54.292746,2022-09-14 18:43:54.293804,2022-09-14 18:54:53.859755,0:10:59.566960,21.4,16.2
2022-09-14 18:43:54.330342,2022-09-14 18:43:54.331588,2022-09-14 18:54:53.869962,0:10:59.539571,16.7,16.2
2022-09-14 18:43:54.330603,2022-09-14 18:43:54.337000,2022-09-14 18:54:53.884178,0:10:59.553525,25.0,16.2
2022-09-14 18:43:54.341919,2022-09-14 18:43:54.348523,2022-09-14 18:54:53.892142,0:10:59.550173,20.0,16.2
2022-09-14 18:43:54.347288,2022-09-14 18:43:54.360635,2022-09-14 18:54:53.953079,0:10:59.605738,18.9,16.2
2022-09-14 18:43:54.353262,2022-09-14 18:43:54.360717,2022-09-14 18:54:53.958298,0:10:59.604986,0.0,16.2
2022-09-14 18:43:54.359153,2022-09-14 18:43:54.360936,2022-09-14 18:54:53.974107,0:10:59.614905,27.3,16.2
2022-09-14 18:43:54.353384,2022-09-14 18:43:54.360936,2022-09-14 18:54:53.994268,0:10:59.640836,16.7,16.2
2022-09-14 18:43:54.341753,2022-09-14 18:43:54.360848,2022-09-14 18:54:54.002140,0:10:59.660337,40.0,16.2
2022-09-14 18:43:54.353727,2022-09-14 18:43:54.361141,2022-09-14 18:54:54.021003,0:10:59.667226,25.0,16.2
2022-09-14 18:43:54.319670,2022-09-14 18:43:54.360477,2022-09-14 18:54:54.026260,0:10:59.706542,25.0,16.2
2022-09-14 18:43:54.382090,2022-09-14 18:43:54.389086,2022-09-14 18:54:54.057997,0:10:59.675857,21.1,16.2
2022-09-14 18:43:54.393496,2022-09-14 18:43:54.399619,2022-09-14 18:54:54.110144,0:10:59.716598,19.4,16.2
2022-09-14 18:43:54.420978,2022-09-14 18:43:54.422386,2022-09-14 18:54:54.119956,0:10:59.698929,16.7,16.2
2022-09-14 18:43:54.409959,2022-09-14 18:43:54.410921,2022-09-14 18:54:54.141962,0:10:59.731953,15.4,16.2
2022-09-14 18:43:54.422326,2022-09-14 18:43:54.423628,2022-09-14 18:54:54.158909,0:10:59.736533,27.3,16.2
2022-09-14 18:43:54.421462,2022-09-14 18:43:54.423401,2022-09-14 18:54:54.164227,0:10:59.742716,33.3,16.2
2022-09-14 18:43:54.422031,2022-09-14 18:43:54.423508,2022-09-14 18:54:54.172443,0:10:59.750363,20.0,16.2
2022-09-14 18:43:54.422170,2022-09-14 18:43:54.429910,2022-09-14 18:54:54.189811,0:10:59.767592,10.0,16.2
2022-09-14 18:43:54.415524,2022-09-14 18:43:54.423604,2022-09-14 18:54:54.206637,0:10:59.791063,20.0,16.2
2022-09-14 18:43:54.415702,2022-09-14 18:43:54.423704,2022-09-14 18:54:54.214764,0:10:59.798999,20.0,16.2
2022-09-14 18:43:54.445549,2022-09-14 18:43:54.452293,2022-09-14 18:54:54.251945,0:10:59.806346,18.2,16.2
2022-09-14 18:43:54.478609,2022-09-14 18:43:54.486356,2022-09-14 18:54:54.286874,0:10:59.808215,19.0,16.2
2022-09-14 18:43:54.484788,2022-09-14 18:43:54.486281,2022-09-14 18:54:54.294749,0:10:59.809886,0.0,16.2
2022-09-14 18:43:54.485351,2022-09-14 18:43:54.486419,2022-09-14 18:54:54.315457,0:10:59.830056,16.7,16.2
2022-09-14 18:43:54.484977,2022-09-14 18:43:54.486079,2022-09-14 18:54:54.320751,0:10:59.835726,25.0,16.2
2022-09-14 18:43:54.473258,2022-09-14 18:43:54.480015,2022-09-14 18:54:54.351506,0:10:59.878198,23.5,16.2
2022-09-14 18:43:54.478826,2022-09-14 18:43:54.479917,2022-09-14 18:54:54.356901,0:10:59.878026,25.0,16.2
2022-09-14 18:43:54.484607,2022-09-14 18:43:54.492731,2022-09-14 18:54:54.376995,0:10:59.892339,16.7,16.2
2022-09-14 18:43:54.491650,2022-09-14 18:43:54.509040,2022-09-14 18:54:54.398812,0:10:59.907113,16.7,16.2
2022-09-14 18:43:54.491377,2022-09-14 18:43:54.525658,2022-09-14 18:54:54.430778,0:10:59.939330,20.0,16.2
2022-09-14 18:43:54.508156,2022-09-14 18:43:54.509117,2022-09-14 18:54:54.446833,0:10:59.938624,22.2,16.2
2022-09-14 18:43:54.546106,2022-09-14 18:43:54.547662,2022-09-14 18:54:54.480970,0:10:59.934812,15.0,16.2
2022-09-14 18:43:54.558166,2022-09-14 18:43:54.559630,2022-09-14 18:54:54.490904,0:10:59.932685,28.6,16.2
2022-09-14 18:43:54.546951,2022-09-14 18:43:54.547916,2022-09-14 18:54:54.508885,0:10:59.961884,11.1,16.2
2022-09-14 18:43:54.552499,2022-09-14 18:43:54.575910,2022-09-14 18:54:54.534242,0:10:59.981694,25.0,16.2
2022-09-14 18:43:54.540619,2022-09-14 18:43:54.547569,2022-09-14 18:54:54.542254,0:11:00.001587,33.3,16.2
2022-09-14 18:43:54.557995,2022-09-14 18:43:54.559344,2022-09-14 18:54:54.547451,0:10:59.989408,40.0,16.2
2022-09-14 18:43:54.546455,2022-09-14 18:43:54.547513,2022-09-14 18:54:54.575980,0:11:00.029477,13.3,16.2
2022-09-14 18:43:54.575844,2022-09-14 18:43:54.582458,2022-09-14 18:54:54.581193,0:11:00.005300,25.0,16.2
2022-09-14 18:43:54.546276,2022-09-14 18:43:54.559561,2022-09-14 18:54:54.589090,0:11:00.042766,20.0,16.2
2022-09-14 18:43:54.545956,2022-09-14 18:43:54.575700,2022-09-14 18:54:54.615191,0:11:00.069186,25.0,16.2
2022-09-14 18:43:54.613671,2022-09-14 18:43:54.626354,2022-09-14 18:54:54.659013,0:11:00.045288,15.4,16.2
2022-09-14 18:43:54.608157,2022-09-14 18:43:54.615111,2022-09-14 18:54:54.673316,0:11:00.065111,14.3,16.2
2022-09-14 18:43:54.624893,2022-09-14 18:43:54.626159,2022-09-14 18:54:54.686638,0:11:00.061696,12.5,16.2
2022-09-14 18:43:54.608335,2022-09-14 18:43:54.626046,2022-09-14 18:54:54.705685,0:11:00.097293,18.2,16.2
2022-09-14 18:43:54.613994,2022-09-14 18:43:54.626233,2022-09-14 18:54:54.726172,0:11:00.112128,23.1,16.2
2022-09-14 18:43:54.646958,2022-09-14 18:43:54.654085,2022-09-14 18:54:54.751440,0:11:00.104432,25.0,16.2
2022-09-14 18:43:54.625034,2022-09-14 18:43:54.648166,2022-09-14 18:54:54.761430,0:11:00.136348,16.7,16.2
2022-09-14 18:43:54.624594,2022-09-14 18:43:54.648353,2022-09-14 18:54:54.771543,0:11:00.146900,20.0,16.2
2022-09-14 18:43:54.613852,2022-09-14 18:43:54.632258,2022-09-14 18:54:54.781544,0:11:00.167644,16.7,16.2
2022-09-14 18:43:54.681292,2022-09-14 18:43:54.682326,2022-09-14 18:54:54.815715,0:11:00.134364,22.7,16.2
2022-09-14 18:43:54.625959,2022-09-14 18:43:54.654026,2022-09-14 18:54:54.823860,0:11:00.197851,0.0,16.2
2022-09-14 18:43:54.687270,2022-09-14 18:43:54.699173,2022-09-14 18:54:54.867776,0:11:00.180454,19.2,16.2
2022-09-14 18:43:54.675722,2022-09-14 18:43:54.682002,2022-09-14 18:54:54.898587,0:11:00.222816,16.7,16.2
2022-09-14 18:43:54.697887,2022-09-14 18:43:54.699156,2022-09-14 18:54:54.903816,0:11:00.205881,25.0,16.2
2022-09-14 18:43:54.714537,2022-09-14 18:43:54.725930,2022-09-14 18:54:54.917845,0:11:00.203258,14.3,16.2
2022-09-14 18:43:54.670008,2022-09-14 18:43:54.715613,2022-09-14 18:54:54.932808,0:11:00.262751,30.0,16.2
2022-09-14 18:43:54.686954,2022-09-14 18:43:54.699056,2022-09-14 18:54:54.938323,0:11:00.251321,0.0,16.2
2022-09-14 18:43:54.714363,2022-09-14 18:43:54.726120,2022-09-14 18:54:54.948659,0:11:00.234247,28.6,16.2
2022-09-14 18:43:54.675563,2022-09-14 18:43:54.699056,2022-09-14 18:54:54.968620,0:11:00.293008,18.2,16.2
2022-09-14 18:43:54.737416,2022-09-14 18:43:54.749350,2022-09-14 18:54:55.016435,0:11:00.278966,17.2,16.2
2022-09-14 18:43:54.687093,2022-09-14 18:43:54.737559,2022-09-14 18:54:55.032879,0:11:00.345734,22.2,16.2
2022-09-14 18:43:54.736604,2022-09-14 18:43:54.749120,2022-09-14 18:54:55.046972,0:11:00.310318,22.2,16.2
2022-09-14 18:43:54.748867,2022-09-14 18:43:54.755007,2022-09-14 18:54:55.057072,0:11:00.308153,16.7,16.2
2022-09-14 18:43:54.747995,2022-09-14 18:43:54.755007,2022-09-14 18:54:55.067109,0:11:00.319065,28.6,16.2
2022-09-14 18:43:54.759575,2022-09-14 18:43:54.760598,2022-09-14 18:54:55.083226,0:11:00.323601,12.5,16.2
2022-09-14 18:43:54.748154,2022-09-14 18:43:54.749410,2022-09-14 18:54:55.101001,0:11:00.352797,18.2,16.2
2022-09-14 18:43:54.777466,2022-09-14 18:43:54.784788,2022-09-14 18:54:55.130101,0:11:00.352584,22.2,16.2
2022-09-14 18:43:54.765474,2022-09-14 18:43:54.772739,2022-09-14 18:54:55.135359,0:11:00.369835,25.0,16.2
2022-09-14 18:43:54.782994,2022-09-14 18:43:54.790739,2022-09-14 18:54:55.155628,0:11:00.372584,18.2,16.2
2022-09-14 18:43:54.816955,2022-09-14 18:43:54.817926,2022-09-14 18:54:55.206009,0:11:00.389002,16.7,16.2
2022-09-14 18:43:54.811572,2022-09-14 18:43:54.817796,2022-09-14 18:54:55.215981,0:11:00.404357,28.6,16.2
2022-09-14 18:43:54.800529,2022-09-14 18:43:54.806835,2022-09-14 18:54:55.228012,0:11:00.427433,16.7,16.2
2022-09-14 18:43:54.825176,2022-09-14 18:43:54.826284,2022-09-14 18:54:55.258398,0:11:00.433170,16.7,16.2
2022-09-14 18:43:54.826032,2022-09-14 18:43:54.832643,2022-09-14 18:54:55.268552,0:11:00.442469,16.7,16.2
2022-09-14 18:43:54.824937,2022-09-14 18:43:54.826528,2022-09-14 18:54:55.282705,0:11:00.457711,22.2,16.2
2022-09-14 18:43:54.837868,2022-09-14 18:43:54.838939,2022-09-14 18:54:55.306832,0:11:00.468913,15.4,16.2
2022-09-14 18:43:54.783783,2022-09-14 18:43:54.807045,2022-09-14 18:54:55.324640,0:11:00.540808,18.2,16.2
2022-09-14 18:43:54.854418,2022-09-14 18:43:54.886625,2022-09-14 18:54:55.382377,0:11:00.527908,15.2,16.2
2022-09-14 18:43:54.891388,2022-09-14 18:43:54.897943,2022-09-14 18:54:55.396373,0:11:00.504934,22.2,16.2
2022-09-14 18:43:54.885925,2022-09-14 18:43:54.897915,2022-09-14 18:54:55.404497,0:11:00.518522,20.0,16.2
2022-09-14 18:43:54.825613,2022-09-14 18:43:54.832523,2022-09-14 18:54:55.412747,0:11:00.587082,20.0,16.2
2022-09-14 18:43:54.885629,2022-09-14 18:43:54.892315,2022-09-14 18:54:55.436921,0:11:00.551241,21.4,16.2
2022-09-14 18:43:54.875192,2022-09-14 18:43:54.886456,2022-09-14 18:54:55.445267,0:11:00.570025,20.0,16.2
2022-09-14 18:43:54.843785,2022-09-14 18:43:54.849945,2022-09-14 18:54:55.456001,0:11:00.612167,16.7,16.2
2022-09-14 18:43:54.874970,2022-09-14 18:43:54.886912,2022-09-14 18:54:55.461407,0:11:00.586387,25.0,16.2
2022-09-14 18:43:54.897057,2022-09-14 18:43:54.910011,2022-09-14 18:54:55.489536,0:11:00.592430,17.6,16.2
2022-09-14 18:43:54.909488,2022-09-14 18:43:54.921313,2022-09-14 18:54:55.503815,0:11:00.594277,25.0,16.2
2022-09-14 18:43:54.948308,2022-09-14 18:43:54.949301,2022-09-14 18:54:55.556526,0:11:00.608165,18.7,16.2
2022-09-14 18:43:54.908493,2022-09-14 18:43:54.932575,2022-09-14 18:54:55.576790,0:11:00.668246,16.7,16.2
2022-09-14 18:43:54.937560,2022-09-14 18:43:54.957805,2022-09-14 18:54:55.592616,0:11:00.655006,11.1,16.2
2022-09-14 18:43:54.948636,2022-09-14 18:43:54.949648,2022-09-14 18:54:55.602935,0:11:00.654248,33.3,16.2
2022-09-14 18:43:54.956718,2022-09-14 18:43:54.963163,2022-09-14 18:54:55.643420,0:11:00.686644,16.7,16.2
2022-09-14 18:43:54.896830,2022-09-14 18:43:54.910099,2022-09-14 18:54:55.648979,0:11:00.752096,0.0,16.2
2022-09-14 18:43:54.962197,2022-09-14 18:43:54.968897,2022-09-14 18:54:55.654554,0:11:00.692306,33.3,16.2
2022-09-14 18:43:54.920367,2022-09-14 18:43:54.949143,2022-09-14 18:54:55.664627,0:11:00.744209,28.6,16.2
2022-09-14 18:43:54.974213,2022-09-14 18:43:54.981446,2022-09-14 18:54:55.685377,0:11:00.711095,16.7,16.2
2022-09-14 18:43:54.974599,2022-09-14 18:43:54.975688,2022-09-14 18:54:55.702401,0:11:00.727734,20.0,16.2
2022-09-14 18:43:54.967800,2022-09-14 18:43:54.981346,2022-09-14 18:54:55.712909,0:11:00.745045,0.0,16.2
2022-09-14 18:43:54.968683,2022-09-14 18:43:54.992489,2022-09-14 18:54:55.727659,0:11:00.758909,22.2,16.2
2022-09-14 18:43:55.003313,2022-09-14 18:43:55.010183,2022-09-14 18:54:55.756037,0:11:00.752655,22.2,16.2
2022-09-14 18:43:54.991260,2022-09-14 18:43:54.993250,2022-09-14 18:54:55.771484,0:11:00.780156,12.5,16.2
2022-09-14 18:43:55.008936,2022-09-14 18:43:55.015503,2022-09-14 18:54:55.796390,0:11:00.787388,20.0,16.2
2022-09-14 18:43:55.025774,2022-09-14 18:43:55.040647,2022-09-14 18:54:55.844650,0:11:00.818809,22.6,16.2
2022-09-14 18:43:55.031349,2022-09-14 18:43:55.046270,2022-09-14 18:54:55.858018,0:11:00.826605,14.3,16.2
2022-09-14 18:43:55.056272,2022-09-14 18:43:55.057639,2022-09-14 18:54:55.878984,0:11:00.822652,28.6,16.2
2022-09-14 18:43:55.045293,2022-09-14 18:43:55.051631,2022-09-14 18:54:55.889478,0:11:00.844128,28.6,16.2
2022-09-14 18:43:55.031727,2022-09-14 18:43:55.032960,2022-09-14 18:54:55.899551,0:11:00.867771,16.7,16.2
2022-09-14 18:43:55.031497,2022-09-14 18:43:55.040798,2022-09-14 18:54:55.909724,0:11:00.878174,20.0,16.2
2022-09-14 18:43:55.025961,2022-09-14 18:43:55.057477,2022-09-14 18:54:55.922362,0:11:00.896337,25.0,16.2
2022-09-14 18:43:55.078742,2022-09-14 18:43:55.090672,2022-09-14 18:54:55.961940,0:11:00.883145,16.7,16.2
2022-09-14 18:43:55.073123,2022-09-14 18:43:55.095815,2022-09-14 18:54:55.995948,0:11:00.922775,20.0,16.2
2022-09-14 18:43:55.100587,2022-09-14 18:43:55.107273,2022-09-14 18:54:56.011679,0:11:00.911034,30.0,16.2
2022-09-14 18:43:55.039562,2022-09-14 18:43:55.085591,2022-09-14 18:54:56.017113,0:11:00.977502,25.0,16.2
2022-09-14 18:43:55.100854,2022-09-14 18:43:55.118572,2022-09-14 18:54:56.048142,0:11:00.947238,21.1,16.2
2022-09-14 18:43:55.095120,2022-09-14 18:43:55.107431,2022-09-14 18:54:56.053684,0:11:00.958507,0.0,16.2
2022-09-14 18:43:55.106304,2022-09-14 18:43:55.118534,2022-09-14 18:54:56.071188,0:11:00.964834,18.2,16.2
2022-09-14 18:43:55.123771,2022-09-14 18:43:55.124807,2022-09-14 18:54:56.094344,0:11:00.970522,21.4,16.2
2022-09-14 18:43:55.118209,2022-09-14 18:43:55.136534,2022-09-14 18:54:56.102734,0:11:00.984462,33.3,16.2
2022-09-14 18:43:55.124316,2022-09-14 18:43:55.142588,2022-09-14 18:54:56.138773,0:11:01.014405,15.0,16.2
2022-09-14 18:43:55.107222,2022-09-14 18:43:55.124848,2022-09-14 18:54:56.161655,0:11:01.054381,15.4,16.2
2022-09-14 18:43:55.141159,2022-09-14 18:43:55.143204,2022-09-14 18:54:56.173775,0:11:01.032565,25.0,16.2
2022-09-14 18:43:55.164027,2022-09-14 18:43:55.165049,2022-09-14 18:54:56.186797,0:11:01.022720,25.0,16.2
2022-09-14 18:43:55.135744,2022-09-14 18:43:55.143081,2022-09-14 18:54:56.192183,0:11:01.056391,25.0,16.2
2022-09-14 18:43:55.164526,2022-09-14 18:43:55.165468,2022-09-14 18:54:56.226962,0:11:01.062384,14.3,16.2
2022-09-14 18:43:55.164803,2022-09-14 18:43:55.192486,2022-09-14 18:54:56.274259,0:11:01.109403,14.8,16.2
2022-09-14 18:43:55.170132,2022-09-14 18:43:55.192265,2022-09-14 18:54:56.285402,0:11:01.115219,28.6,16.2
2022-09-14 18:43:55.181063,2022-09-14 18:43:55.193370,2022-09-14 18:54:56.295598,0:11:01.114484,28.6,16.2
2022-09-14 18:43:55.180900,2022-09-14 18:43:55.209757,2022-09-14 18:54:56.305779,0:11:01.124830,16.7,16.2
2022-09-14 18:43:55.203303,2022-09-14 18:43:55.209702,2022-09-14 18:54:56.336120,0:11:01.132766,22.2,16.2
2022-09-14 18:43:55.224617,2022-09-14 18:43:55.226681,2022-09-14 18:54:56.344376,0:11:01.119710,20.0,16.2
2022-09-14 18:43:55.203089,2022-09-14 18:43:55.220234,2022-09-14 18:54:56.354732,0:11:01.151578,16.7,16.2
2022-09-14 18:43:55.225144,2022-09-14 18:43:55.226640,2022-09-14 18:54:56.388872,0:11:01.163678,19.0,16.2
2022-09-14 18:43:55.225585,2022-09-14 18:43:55.226739,2022-09-14 18:54:56.397035,0:11:01.171401,20.0,16.2
2022-09-14 18:43:55.191560,2022-09-14 18:43:55.225623,2022-09-14 18:54:56.413344,0:11:01.221733,22.2,16.2
2022-09-14 18:43:55.232291,2022-09-14 18:43:55.249728,2022-09-14 18:54:56.423565,0:11:01.191224,28.6,16.3
2022-09-14 18:43:55.249631,2022-09-14 18:43:55.261437,2022-09-14 18:54:56.462003,0:11:01.212319,17.4,16.2
2022-09-14 18:43:55.249189,2022-09-14 18:43:55.256253,2022-09-14 18:54:56.478397,0:11:01.229157,11.1,16.3
2022-09-14 18:43:55.232682,2022-09-14 18:43:55.234045,2022-09-14 18:54:56.500450,0:11:01.267717,23.1,16.2
2022-09-14 18:43:55.255148,2022-09-14 18:43:55.261436,2022-09-14 18:54:56.508857,0:11:01.253660,0.0,16.3
2022-09-14 18:43:55.266240,2022-09-14 18:43:55.267654,2022-09-14 18:54:56.540626,0:11:01.274336,20.0,16.2
2022-09-14 18:43:55.266525,2022-09-14 18:43:55.278614,2022-09-14 18:54:56.573713,0:11:01.307133,20.0,16.2
2022-09-14 18:43:55.293703,2022-09-14 18:43:55.295229,2022-09-14 18:54:56.579186,0:11:01.285435,33.3,16.2
2022-09-14 18:43:55.294289,2022-09-14 18:43:55.295381,2022-09-14 18:54:56.598337,0:11:01.303999,9.1,16.3
2022-09-14 18:43:55.311497,2022-09-14 18:43:55.317931,2022-09-14 18:54:56.619231,0:11:01.307685,28.6,16.2
2022-09-14 18:43:55.300507,2022-09-14 18:43:55.306644,2022-09-14 18:54:56.647319,0:11:01.346762,18.7,16.3
2022-09-14 18:43:55.294964,2022-09-14 18:43:55.306694,2022-09-14 18:54:56.655547,0:11:01.360534,20.0,16.3
2022-09-14 18:43:55.328582,2022-09-14 18:43:55.335114,2022-09-14 18:54:56.669726,0:11:01.341095,12.5,16.3
2022-09-14 18:43:55.293920,2022-09-14 18:43:55.295928,2022-09-14 18:54:56.677886,0:11:01.383918,33.3,16.3
2022-09-14 18:43:55.317774,2022-09-14 18:43:55.334931,2022-09-14 18:54:56.701895,0:11:01.384073,15.4,16.3
2022-09-14 18:43:55.311353,2022-09-14 18:43:55.318284,2022-09-14 18:54:56.740524,0:11:01.429113,20.8,16.3
2022-09-14 18:43:55.356065,2022-09-14 18:43:55.373275,2022-09-14 18:54:56.773464,0:11:01.417337,20.0,16.3
2022-09-14 18:43:55.384110,2022-09-14 18:43:55.385032,2022-09-14 18:54:56.781972,0:11:01.397806,20.0,16.3
2022-09-14 18:43:55.328440,2022-09-14 18:43:55.373385,2022-09-14 18:54:56.792289,0:11:01.463794,37.5,16.3
2022-09-14 18:43:55.384484,2022-09-14 18:43:55.385607,2022-09-14 18:54:56.802782,0:11:01.418221,16.7,16.3
2022-09-14 18:43:55.378610,2022-09-14 18:43:55.384714,2022-09-14 18:54:56.812947,0:11:01.434283,16.7,16.3
2022-09-14 18:43:55.355915,2022-09-14 18:43:55.357052,2022-09-14 18:54:56.833225,0:11:01.477255,18.2,16.3
2022-09-14 18:43:55.372748,2022-09-14 18:43:55.378885,2022-09-14 18:54:56.853737,0:11:01.480935,16.7,16.3
2022-09-14 18:43:55.378302,2022-09-14 18:43:55.391905,2022-09-14 18:54:56.870032,0:11:01.491676,20.0,16.3
2022-09-14 18:43:55.391738,2022-09-14 18:43:55.398439,2022-09-14 18:54:56.906439,0:11:01.514650,21.7,16.3
2022-09-14 18:43:55.397513,2022-09-14 18:43:55.399127,2022-09-14 18:54:56.922201,0:11:01.524637,12.5,16.3
2022-09-14 18:43:55.391228,2022-09-14 18:43:55.392836,2022-09-14 18:54:56.938415,0:11:01.547136,27.3,16.3
2022-09-14 18:43:55.454269,2022-09-14 18:43:55.455301,2022-09-14 18:54:56.988515,0:11:01.534195,19.4,16.3
2022-09-14 18:43:55.421261,2022-09-14 18:43:55.432907,2022-09-14 18:54:56.996725,0:11:01.575414,25.0,16.3
2022-09-14 18:43:55.448731,2022-09-14 18:43:55.463962,2022-09-14 18:54:57.019293,0:11:01.570509,15.4,16.3
2022-09-14 18:43:55.462897,2022-09-14 18:43:55.464150,2022-09-14 18:54:57.037264,0:11:01.574317,18.2,16.3
2022-09-14 18:43:55.421473,2022-09-14 18:43:55.432908,2022-09-14 18:54:57.045231,0:11:01.623710,25.0,16.3
2022-09-14 18:43:55.448324,2022-09-14 18:43:55.449811,2022-09-14 18:54:57.053139,0:11:01.604767,20.0,16.3
2022-09-14 18:43:55.454117,2022-09-14 18:43:55.464400,2022-09-14 18:54:57.067262,0:11:01.613096,22.2,16.2
2022-09-14 18:43:55.448125,2022-09-14 18:43:55.449677,2022-09-14 18:54:57.081096,0:11:01.632923,12.5,16.2
2022-09-14 18:43:55.448510,2022-09-14 18:43:55.463891,2022-09-14 18:54:57.105264,0:11:01.656705,21.4,16.3
2022-09-14 18:43:55.463727,2022-09-14 18:43:55.487275,2022-09-14 18:54:57.131785,0:11:01.668008,18.7,16.3
2022-09-14 18:43:55.486386,2022-09-14 18:43:55.503848,2022-09-14 18:54:57.137048,0:11:01.650614,33.3,16.3
2022-09-14 18:43:55.508798,2022-09-14 18:43:55.515446,2022-09-14 18:54:57.193225,0:11:01.684375,17.6,16.3
2022-09-14 18:43:55.491910,2022-09-14 18:43:55.498323,2022-09-14 18:54:57.201173,0:11:01.709214,20.0,16.3
2022-09-14 18:43:55.514338,2022-09-14 18:43:55.521497,2022-09-14 18:54:57.231321,0:11:01.716933,22.2,16.2
2022-09-14 18:43:55.508993,2022-09-14 18:43:55.521435,2022-09-14 18:54:57.243440,0:11:01.734399,25.0,16.2
2022-09-14 18:43:55.514519,2022-09-14 18:43:55.521435,2022-09-14 18:54:57.257443,0:11:01.742876,12.5,16.2
2022-09-14 18:43:55.514992,2022-09-14 18:43:55.533171,2022-09-14 18:54:57.277401,0:11:01.762360,25.0,16.2
2022-09-14 18:43:55.526150,2022-09-14 18:43:55.532920,2022-09-14 18:54:57.285329,0:11:01.759131,20.0,16.2
2022-09-14 18:43:55.531579,2022-09-14 18:43:55.532579,2022-09-14 18:54:57.293221,0:11:01.761593,20.0,16.2
2022-09-14 18:43:55.520756,2022-09-14 18:43:55.527168,2022-09-14 18:54:57.311492,0:11:01.790687,20.0,16.2
2022-09-14 18:43:55.559576,2022-09-14 18:43:55.561059,2022-09-14 18:54:57.333724,0:11:01.774099,28.6,16.2
2022-09-14 18:43:55.582702,2022-09-14 18:43:55.584090,2022-09-14 18:54:57.373670,0:11:01.790912,20.8,16.2
2022-09-14 18:43:55.554209,2022-09-14 18:43:55.560363,2022-09-14 18:54:57.391149,0:11:01.836887,33.3,16.2
2022-09-14 18:43:55.576433,2022-09-14 18:43:55.578066,2022-09-14 18:54:57.424927,0:11:01.848444,15.0,16.2
2022-09-14 18:43:55.576773,2022-09-14 18:43:55.577799,2022-09-14 18:54:57.430208,0:11:01.853386,33.3,16.2
2022-09-14 18:43:55.576594,2022-09-14 18:43:55.594783,2022-09-14 18:54:57.440085,0:11:01.863443,28.6,16.2
2022-09-14 18:43:55.583178,2022-09-14 18:43:55.606014,2022-09-14 18:54:57.460033,0:11:01.876806,18.2,16.2
2022-09-14 18:43:55.621281,2022-09-14 18:43:55.655045,2022-09-14 18:54:57.509965,0:11:01.888633,16.7,16.3
2022-09-14 18:43:55.599287,2022-09-14 18:43:55.600686,2022-09-14 18:54:57.520038,0:11:01.920702,42.9,16.3
2022-09-14 18:43:55.593594,2022-09-14 18:43:55.600639,2022-09-14 18:54:57.534161,0:11:01.940518,12.5,16.2
2022-09-14 18:43:55.599484,2022-09-14 18:43:55.616281,2022-09-14 18:54:57.546124,0:11:01.946589,25.0,16.2
2022-09-14 18:43:55.637797,2022-09-14 18:43:55.655401,2022-09-14 18:54:57.554115,0:11:01.916269,0.0,16.2
2022-09-14 18:43:55.648487,2022-09-14 18:43:55.649585,2022-09-14 18:54:57.576803,0:11:01.928268,31.3,16.2
2022-09-14 18:43:55.637617,2022-09-14 18:43:55.649507,2022-09-14 18:54:57.584165,0:11:01.946499,25.0,16.3
2022-09-14 18:43:55.620888,2022-09-14 18:43:55.632743,2022-09-14 18:54:57.594036,0:11:01.973101,0.0,16.3
2022-09-14 18:43:55.648879,2022-09-14 18:43:55.655094,2022-09-14 18:54:57.610601,0:11:01.961674,20.0,16.3
2022-09-14 18:43:55.654409,2022-09-14 18:43:55.662390,2022-09-14 18:54:57.615807,0:11:01.961349,33.3,16.3
2022-09-14 18:43:55.661449,2022-09-14 18:43:55.684996,2022-09-14 18:54:57.665922,0:11:02.004423,17.2,16.2
2022-09-14 18:43:55.683863,2022-09-14 18:43:55.704509,2022-09-14 18:54:57.675746,0:11:01.991834,28.6,16.2
2022-09-14 18:43:55.672505,2022-09-14 18:43:55.679326,2022-09-14 18:54:57.691144,0:11:02.018590,22.2,16.2
2022-09-14 18:43:55.703155,2022-09-14 18:43:55.710043,2022-09-14 18:54:57.719143,0:11:02.015938,17.6,16.2
2022-09-14 18:43:55.702983,2022-09-14 18:43:55.716280,2022-09-14 18:54:57.757120,0:11:02.054085,17.4,16.2
2022-09-14 18:43:55.715012,2022-09-14 18:43:55.721610,2022-09-14 18:54:57.772172,0:11:02.057108,22.2,16.2
2022-09-14 18:43:55.726184,2022-09-14 18:43:55.727209,2022-09-14 18:54:57.786218,0:11:02.059983,25.0,16.2
2022-09-14 18:43:55.714664,2022-09-14 18:43:55.716327,2022-09-14 18:54:57.797007,0:11:02.082292,25.0,16.2
2022-09-14 18:43:55.696948,2022-09-14 18:43:55.721610,2022-09-14 18:54:57.802340,0:11:02.105342,33.3,16.2
2022-09-14 18:43:55.714476,2022-09-14 18:43:55.728308,2022-09-14 18:54:57.812384,0:11:02.097858,28.6,16.2
2022-09-14 18:43:55.726460,2022-09-14 18:43:55.727952,2022-09-14 18:54:57.852769,0:11:02.126240,17.4,16.2
2022-09-14 18:43:55.738943,2022-09-14 18:43:55.750541,2022-09-14 18:54:57.861075,0:11:02.122068,20.0,16.2
2022-09-14 18:43:55.749921,2022-09-14 18:43:55.761776,2022-09-14 18:54:57.879562,0:11:02.129572,25.0,16.2
2022-09-14 18:43:55.760505,2022-09-14 18:43:55.761836,2022-09-14 18:54:57.895313,0:11:02.134741,12.5,16.2
2022-09-14 18:43:55.789181,2022-09-14 18:43:55.790625,2022-09-14 18:54:57.942563,0:11:02.153313,17.9,16.3
2022-09-14 18:43:55.783155,2022-09-14 18:43:55.790412,2022-09-14 18:54:57.956718,0:11:02.173486,22.2,16.3
2022-09-14 18:43:55.766331,2022-09-14 18:43:55.773010,2022-09-14 18:54:57.962330,0:11:02.195936,33.3,16.3
2022-09-14 18:43:55.772517,2022-09-14 18:43:55.784148,2022-09-14 18:54:57.967839,0:11:02.195261,25.0,16.3
2022-09-14 18:43:55.788638,2022-09-14 18:43:55.790387,2022-09-14 18:54:57.975990,0:11:02.187292,20.0,16.3
2022-09-14 18:43:55.782999,2022-09-14 18:43:55.807698,2022-09-14 18:54:58.019222,0:11:02.236152,19.2,16.2
2022-09-14 18:43:55.833243,2022-09-14 18:43:55.839325,2022-09-14 18:54:58.060926,0:11:02.227619,16.7,16.2
2022-09-14 18:43:55.832901,2022-09-14 18:43:55.839381,2022-09-14 18:54:58.081099,0:11:02.248139,16.7,16.2
2022-09-14 18:43:55.844770,2022-09-14 18:43:55.845906,2022-09-14 18:54:58.112599,0:11:02.267771,21.1,16.2
2022-09-14 18:43:55.817230,2022-09-14 18:43:55.828562,2022-09-14 18:54:58.123569,0:11:02.306285,16.7,16.2
2022-09-14 18:43:55.838837,2022-09-14 18:43:55.857240,2022-09-14 18:54:58.142965,0:11:02.304078,18.2,16.2
2022-09-14 18:43:55.788856,2022-09-14 18:43:55.807342,2022-09-14 18:54:58.157931,0:11:02.369024,12.5,16.2
2022-09-14 18:43:55.856128,2022-09-14 18:43:55.878073,2022-09-14 18:54:58.166126,0:11:02.309948,33.3,16.2
2022-09-14 18:43:55.855971,2022-09-14 18:43:55.884147,2022-09-14 18:54:58.188150,0:11:02.332129,21.4,16.2
2022-09-14 18:43:55.844616,2022-09-14 18:43:55.872770,2022-09-14 18:54:58.198286,0:11:02.353620,28.6,16.2
2022-09-14 18:43:55.850310,2022-09-14 18:43:55.883619,2022-09-14 18:54:58.206155,0:11:02.355796,25.0,16.2
2022-09-14 18:43:55.871763,2022-09-14 18:43:55.884238,2022-09-14 18:54:58.214120,0:11:02.342308,33.3,16.2
2022-09-14 18:43:55.894867,2022-09-14 18:43:55.907215,2022-09-14 18:54:58.248079,0:11:02.353163,19.0,16.2
2022-09-14 18:43:55.911699,2022-09-14 18:43:55.912937,2022-09-14 18:54:58.295611,0:11:02.383861,20.7,16.2
2022-09-14 18:43:55.905621,2022-09-14 18:43:55.912620,2022-09-14 18:54:58.325189,0:11:02.419518,12.5,16.2
2022-09-14 18:43:55.906288,2022-09-14 18:43:55.918807,2022-09-14 18:54:58.330480,0:11:02.424143,25.0,16.2
2022-09-14 18:43:55.911907,2022-09-14 18:43:55.924528,2022-09-14 18:54:58.352545,0:11:02.440588,23.1,16.2
2022-09-14 18:43:55.905350,2022-09-14 18:43:55.941683,2022-09-14 18:54:58.370484,0:11:02.465085,10.0,16.2
2022-09-14 18:43:55.934387,2022-09-14 18:43:55.945995,2022-09-14 18:54:58.393810,0:11:02.459374,15.4,16.2
2022-09-14 18:43:55.912215,2022-09-14 18:43:55.951563,2022-09-14 18:54:58.410817,0:11:02.498552,27.3,16.2
2022-09-14 18:43:55.967596,2022-09-14 18:43:55.974292,2022-09-14 18:54:58.418751,0:11:02.451093,20.0,16.2
2022-09-14 18:43:55.945252,2022-09-14 18:43:55.951924,2022-09-14 18:54:58.432587,0:11:02.487287,12.5,16.2
2022-09-14 18:43:55.918147,2022-09-14 18:43:55.951493,2022-09-14 18:54:58.437961,0:11:02.519766,0.0,16.2
2022-09-14 18:43:55.956432,2022-09-14 18:43:55.974325,2022-09-14 18:54:58.451382,0:11:02.494901,22.2,16.2
2022-09-14 18:43:55.967075,2022-09-14 18:43:55.969069,2022-09-14 18:54:58.459796,0:11:02.492674,20.0,16.2
2022-09-14 18:43:55.979736,2022-09-14 18:43:55.981261,2022-09-14 18:54:58.493010,0:11:02.513211,20.0,16.3
2022-09-14 18:43:55.967800,2022-09-14 18:43:55.987384,2022-09-14 18:54:58.505514,0:11:02.537661,25.0,16.3
2022-09-14 18:43:55.979599,2022-09-14 18:43:55.981365,2022-09-14 18:54:58.515853,0:11:02.536204,20.0,16.3
2022-09-14 18:43:55.979033,2022-09-14 18:43:55.987919,2022-09-14 18:54:58.531970,0:11:02.552887,20.0,16.3
2022-09-14 18:43:55.986416,2022-09-14 18:43:55.988520,2022-09-14 18:54:58.559960,0:11:02.573494,17.6,16.3
2022-09-14 18:43:55.998296,2022-09-14 18:43:55.999259,2022-09-14 18:54:58.570074,0:11:02.571728,0.0,16.3
2022-09-14 18:43:56.008950,2022-09-14 18:43:56.020357,2022-09-14 18:54:58.580314,0:11:02.571314,42.9,16.3
2022-09-14 18:43:56.030845,2022-09-14 18:43:56.031765,2022-09-14 18:54:58.619560,0:11:02.588664,17.4,16.2
2022-09-14 18:43:56.030016,2022-09-14 18:43:56.031330,2022-09-14 18:54:58.641589,0:11:02.611524,15.4,16.3
2022-09-14 18:43:56.042283,2022-09-14 18:43:56.048573,2022-09-14 18:54:58.671876,0:11:02.629540,21.1,16.3
2022-09-14 18:43:56.048056,2022-09-14 18:43:56.049688,2022-09-14 18:54:58.683959,0:11:02.635851,25.0,16.3
2022-09-14 18:43:56.041873,2022-09-14 18:43:56.042937,2022-09-14 18:54:58.708034,0:11:02.666109,15.4,16.3
2022-09-14 18:43:56.030234,2022-09-14 18:43:56.043047,2022-09-14 18:54:58.716135,0:11:02.685851,20.0,16.3
2022-09-14 18:43:56.030585,2022-09-14 18:43:56.049688,2022-09-14 18:54:58.733406,0:11:02.702771,20.0,16.3
2022-09-14 18:43:56.047794,2022-09-14 18:43:56.049735,2022-09-14 18:54:58.760175,0:11:02.712331,23.5,16.2
2022-09-14 18:43:56.059743,2022-09-14 18:43:56.071912,2022-09-14 18:54:58.773565,0:11:02.713771,12.5,16.2
2022-09-14 18:43:56.070767,2022-09-14 18:43:56.071720,2022-09-14 18:54:58.796531,0:11:02.725714,21.4,16.2
2022-09-14 18:43:56.092717,2022-09-14 18:43:56.099286,2022-09-14 18:54:58.816396,0:11:02.723629,18.2,16.2
2022-09-14 18:43:56.092387,2022-09-14 18:43:56.099188,2022-09-14 18:54:58.852540,0:11:02.760103,18.2,16.2
2022-09-14 18:43:56.109619,2022-09-14 18:43:56.122024,2022-09-14 18:54:58.880212,0:11:02.770544,18.7,16.2
2022-09-14 18:43:56.092545,2022-09-14 18:43:56.099369,2022-09-14 18:54:58.888236,0:11:02.795643,20.0,16.2
2022-09-14 18:43:56.109764,2022-09-14 18:43:56.116681,2022-09-14 18:54:58.901127,0:11:02.791315,14.3,16.2
2022-09-14 18:43:56.093032,2022-09-14 18:43:56.121794,2022-09-14 18:54:58.909080,0:11:02.816000,20.0,16.2
2022-09-14 18:43:56.110096,2022-09-14 18:43:56.116681,2022-09-14 18:54:58.914427,0:11:02.804283,33.3,16.2
2022-09-14 18:43:56.104209,2022-09-14 18:43:56.110846,2022-09-14 18:54:58.935776,0:11:02.831513,21.4,16.2
2022-09-14 18:43:56.126850,2022-09-14 18:43:56.144980,2022-09-14 18:54:58.948699,0:11:02.821793,14.3,16.2
2022-09-14 18:43:56.155361,2022-09-14 18:43:56.161846,2022-09-14 18:54:59.002566,0:11:02.847154,16.1,16.3
2022-09-14 18:43:56.155541,2022-09-14 18:43:56.167427,2022-09-14 18:54:59.020922,0:11:02.865331,18.2,16.3
2022-09-14 18:43:56.154727,2022-09-14 18:43:56.156078,2022-09-14 18:54:59.035102,0:11:02.880325,25.0,16.3
2022-09-14 18:43:56.172634,2022-09-14 18:43:56.184491,2022-09-14 18:54:59.044999,0:11:02.872317,16.7,16.3
2022-09-14 18:43:56.154920,2022-09-14 18:43:56.161846,2022-09-14 18:54:59.075485,0:11:02.920513,21.1,16.2
2022-09-14 18:43:56.132883,2022-09-14 18:43:56.134122,2022-09-14 18:54:59.091690,0:11:02.958744,11.1,16.2
2022-09-14 18:43:56.199755,2022-09-14 18:43:56.201179,2022-09-14 18:54:59.110092,0:11:02.910284,20.0,16.2
2022-09-14 18:43:56.177988,2022-09-14 18:43:56.190144,2022-09-14 18:54:59.134289,0:11:02.956235,20.0,16.3
2022-09-14 18:43:56.216280,2022-09-14 18:43:56.222991,2022-09-14 18:54:59.153473,0:11:02.937125,25.0,16.3
2022-09-14 18:43:56.172006,2022-09-14 18:43:56.173061,2022-09-14 18:54:59.164675,0:11:02.992596,16.7,16.3
2022-09-14 18:43:56.222099,2022-09-14 18:43:56.228626,2022-09-14 18:54:59.173660,0:11:02.951491,20.0,16.3
2022-09-14 18:43:56.233114,2022-09-14 18:43:56.245772,2022-09-14 18:54:59.204047,0:11:02.970861,25.0,16.3
2022-09-14 18:43:56.178228,2022-09-14 18:43:56.184336,2022-09-14 18:54:59.215267,0:11:03.036970,16.7,16.3
2022-09-14 18:43:56.216444,2022-09-14 18:43:56.223215,2022-09-14 18:54:59.229635,0:11:03.013125,12.5,16.3
2022-09-14 18:43:56.200274,2022-09-14 18:43:56.244819,2022-09-14 18:54:59.243050,0:11:03.042710,25.0,16.2
2022-09-14 18:43:56.221941,2022-09-14 18:43:56.228693,2022-09-14 18:54:59.255860,0:11:03.033853,25.0,16.2
2022-09-14 18:43:56.233348,2022-09-14 18:43:56.245277,2022-09-14 18:54:59.288055,0:11:03.054639,15.8,16.2
2022-09-14 18:43:56.244852,2022-09-14 18:43:56.251898,2022-09-14 18:54:59.301554,0:11:03.056631,25.0,16.2
2022-09-14 18:43:56.289717,2022-09-14 18:43:56.290683,2022-09-14 18:54:59.354873,0:11:03.065087,18.8,16.2
2022-09-14 18:43:56.290162,2022-09-14 18:43:56.296624,2022-09-14 18:54:59.366308,0:11:03.076085,16.7,16.2
2022-09-14 18:43:56.262889,2022-09-14 18:43:56.269080,2022-09-14 18:54:59.383219,0:11:03.120269,20.0,16.2
2022-09-14 18:43:56.262336,2022-09-14 18:43:56.269428,2022-09-14 18:54:59.398036,0:11:03.135638,12.5,16.2
2022-09-14 18:43:56.284200,2022-09-14 18:43:56.302648,2022-09-14 18:54:59.412632,0:11:03.128365,20.0,16.2
2022-09-14 18:43:56.289554,2022-09-14 18:43:56.303492,2022-09-14 18:54:59.435992,0:11:03.146368,20.0,16.2
2022-09-14 18:43:56.308001,2022-09-14 18:43:56.319687,2022-09-14 18:54:59.447101,0:11:03.139027,16.7,16.3
2022-09-14 18:43:56.295599,2022-09-14 18:43:56.297122,2022-09-14 18:54:59.460242,0:11:03.164572,14.3,16.3
2022-09-14 18:43:56.296040,2022-09-14 18:43:56.297059,2022-09-14 18:54:59.501372,0:11:03.205262,20.0,16.3
2022-09-14 18:43:56.319734,2022-09-14 18:43:56.336972,2022-09-14 18:54:59.517971,0:11:03.198168,20.0,16.3
2022-09-14 18:43:56.325093,2022-09-14 18:43:56.331294,2022-09-14 18:54:59.526514,0:11:03.201353,25.0,16.3
2022-09-14 18:43:56.335981,2022-09-14 18:43:56.342409,2022-09-14 18:54:59.567580,0:11:03.231527,16.7,16.3
2022-09-14 18:43:56.346880,2022-09-14 18:43:56.353064,2022-09-14 18:54:59.580483,0:11:03.233530,25.0,16.2
2022-09-14 18:43:56.357671,2022-09-14 18:43:56.359516,2022-09-14 18:54:59.591402,0:11:03.233662,16.7,16.2
2022-09-14 18:43:56.358232,2022-09-14 18:43:56.359690,2022-09-14 18:54:59.605862,0:11:03.247556,22.2,16.2
2022-09-14 18:43:56.352293,2022-09-14 18:43:56.359418,2022-09-14 18:54:59.655445,0:11:03.303083,17.2,16.2
2022-09-14 18:43:56.396358,2022-09-14 18:43:56.397979,2022-09-14 18:54:59.672464,0:11:03.276035,20.0,16.2
2022-09-14 18:43:56.359350,2022-09-14 18:43:56.397750,2022-09-14 18:54:59.685108,0:11:03.325695,25.0,16.2
2022-09-14 18:43:56.374730,2022-09-14 18:43:56.397321,2022-09-14 18:54:59.701876,0:11:03.327084,20.0,16.2
2022-09-14 18:43:56.385900,2022-09-14 18:43:56.397808,2022-09-14 18:54:59.722809,0:11:03.336848,28.6,16.2
2022-09-14 18:43:56.357878,2022-09-14 18:43:56.386534,2022-09-14 18:54:59.733236,0:11:03.375305,16.7,16.2
2022-09-14 18:43:56.420153,2022-09-14 18:43:56.426737,2022-09-14 18:54:59.755966,0:11:03.335759,21.4,16.2
2022-09-14 18:43:56.413641,2022-09-14 18:43:56.432190,2022-09-14 18:54:59.781813,0:11:03.368119,20.0,16.2
2022-09-14 18:43:56.419220,2022-09-14 18:43:56.437726,2022-09-14 18:54:59.795025,0:11:03.375752,22.2,16.2
2022-09-14 18:43:56.419313,2022-09-14 18:43:56.420263,2022-09-14 18:54:59.813993,0:11:03.394629,18.2,16.2
2022-09-14 18:43:56.408235,2022-09-14 18:43:56.420460,2022-09-14 18:54:59.819525,0:11:03.411239,33.3,16.2
2022-09-14 18:43:56.437032,2022-09-14 18:43:56.438279,2022-09-14 18:54:59.856533,0:11:03.419448,18.2,16.2
2022-09-14 18:43:56.419008,2022-09-14 18:43:56.438781,2022-09-14 18:54:59.871151,0:11:03.452087,22.2,16.2
2022-09-14 18:43:56.460034,2022-09-14 18:43:56.461130,2022-09-14 18:54:59.887264,0:11:03.427179,11.1,16.2
2022-09-14 18:43:56.459879,2022-09-14 18:43:56.461168,2022-09-14 18:54:59.897478,0:11:03.437550,16.7,16.2
2022-09-14 18:43:56.448781,2022-09-14 18:43:56.472490,2022-09-14 18:54:59.927955,0:11:03.479125,16.7,16.2
2022-09-14 18:43:56.477225,2022-09-14 18:43:56.489205,2022-09-14 18:54:59.958488,0:11:03.481213,17.6,16.2
2022-09-14 18:43:56.488597,2022-09-14 18:43:56.495236,2022-09-14 18:54:59.982740,0:11:03.494077,20.0,16.2
2022-09-14 18:43:56.471463,2022-09-14 18:43:56.489301,2022-09-14 18:55:00.008282,0:11:03.536754,20.0,16.2
2022-09-14 18:43:56.500176,2022-09-14 18:43:56.501431,2022-09-14 18:55:00.013921,0:11:03.513688,25.0,16.2
2022-09-14 18:43:56.494284,2022-09-14 18:43:56.500458,2022-09-14 18:55:00.030150,0:11:03.535811,20.0,16.2
2022-09-14 18:43:56.488242,2022-09-14 18:43:56.512182,2022-09-14 18:55:00.040118,0:11:03.551823,33.3,16.2
2022-09-14 18:43:56.487863,2022-09-14 18:43:56.489315,2022-09-14 18:55:00.048007,0:11:03.560093,0.0,16.2
2022-09-14 18:43:56.512065,2022-09-14 18:43:56.513078,2022-09-14 18:55:00.080087,0:11:03.567961,20.0,16.3
2022-09-14 18:43:56.533747,2022-09-14 18:43:56.535074,2022-09-14 18:55:00.100249,0:11:03.566446,18.2,16.3
2022-09-14 18:43:56.527993,2022-09-14 18:43:56.540541,2022-09-14 18:55:00.114556,0:11:03.586509,22.2,16.3
2022-09-14 18:43:56.533605,2022-09-14 18:43:56.540399,2022-09-14 18:55:00.142545,0:11:03.608886,17.6,16.3
2022-09-14 18:43:56.540067,2022-09-14 18:43:56.557623,2022-09-14 18:55:00.176733,0:11:03.636614,15.8,16.3
2022-09-14 18:43:56.550994,2022-09-14 18:43:56.551939,2022-09-14 18:55:00.191086,0:11:03.640038,22.2,16.3
2022-09-14 18:43:56.573461,2022-09-14 18:43:56.574605,2022-09-14 18:55:00.209208,0:11:03.635695,18.2,16.2
2022-09-14 18:43:56.556626,2022-09-14 18:43:56.568964,2022-09-14 18:55:00.229333,0:11:03.672655,18.2,16.2
2022-09-14 18:43:56.550739,2022-09-14 18:43:56.558098,2022-09-14 18:55:00.247548,0:11:03.696758,18.2,16.3
2022-09-14 18:43:56.568040,2022-09-14 18:43:56.574559,2022-09-14 18:55:00.259579,0:11:03.691488,25.0,16.3
2022-09-14 18:43:56.584971,2022-09-14 18:43:56.596519,2022-09-14 18:55:00.285921,0:11:03.700896,13.3,16.3
2022-09-14 18:43:56.606847,2022-09-14 18:43:56.628356,2022-09-14 18:55:00.297143,0:11:03.690246,37.5,16.3
2022-09-14 18:43:56.595813,2022-09-14 18:43:56.602084,2022-09-14 18:55:00.310305,0:11:03.714439,14.3,16.3
2022-09-14 18:43:56.616132,2022-09-14 18:43:56.622855,2022-09-14 18:55:00.347492,0:11:03.731306,21.7,16.3
2022-09-14 18:43:56.638682,2022-09-14 18:43:56.644860,2022-09-14 18:55:00.377965,0:11:03.739220,16.7,16.2
2022-09-14 18:43:56.650010,2022-09-14 18:43:56.651579,2022-09-14 18:55:00.396692,0:11:03.746618,25.0,16.2
2022-09-14 18:43:56.616349,2022-09-14 18:43:56.644860,2022-09-14 18:55:00.415465,0:11:03.799060,25.0,16.2
2022-09-14 18:43:56.644178,2022-09-14 18:43:56.650717,2022-09-14 18:55:00.420927,0:11:03.776697,0.0,16.2
2022-09-14 18:43:56.656354,2022-09-14 18:43:56.663298,2022-09-14 18:55:00.438924,0:11:03.782517,18.2,16.2
2022-09-14 18:43:56.595496,2022-09-14 18:43:56.608214,2022-09-14 18:55:00.455159,0:11:03.859611,22.2,16.2
2022-09-14 18:43:56.607131,2022-09-14 18:43:56.650717,2022-09-14 18:55:00.468003,0:11:03.860821,12.5,16.2
2022-09-14 18:43:56.627318,2022-09-14 18:43:56.633868,2022-09-14 18:55:00.473347,0:11:03.845978,33.3,16.2
2022-09-14 18:43:56.684002,2022-09-14 18:43:56.684990,2022-09-14 18:55:00.515711,0:11:03.831641,19.2,16.3
2022-09-14 18:43:56.655974,2022-09-14 18:43:56.673602,2022-09-14 18:55:00.537308,0:11:03.881270,16.7,16.3
2022-09-14 18:43:56.678284,2022-09-14 18:43:56.690614,2022-09-14 18:55:00.542753,0:11:03.864402,50.0,16.3
2022-09-14 18:43:56.672849,2022-09-14 18:43:56.685438,2022-09-14 18:55:00.550791,0:11:03.877889,20.0,16.3
2022-09-14 18:43:56.683804,2022-09-14 18:43:56.690719,2022-09-14 18:55:00.591125,0:11:03.907262,16.7,16.3
2022-09-14 18:43:56.690540,2022-09-14 18:43:56.707381,2022-09-14 18:55:00.596526,0:11:03.905932,33.3,16.3
2022-09-14 18:43:56.712176,2022-09-14 18:43:56.713565,2022-09-14 18:55:00.607443,0:11:03.895214,16.7,16.3
2022-09-14 18:43:56.728141,2022-09-14 18:43:56.740375,2022-09-14 18:55:00.637454,0:11:03.909262,16.7,16.3
2022-09-14 18:43:56.728425,2022-09-14 18:43:56.745892,2022-09-14 18:55:00.680375,0:11:03.951897,16.0,16.3
2022-09-14 18:43:56.733876,2022-09-14 18:43:56.745916,2022-09-14 18:55:00.688534,0:11:03.954605,20.0,16.3
2022-09-14 18:43:56.756546,2022-09-14 18:43:56.757896,2022-09-14 18:55:00.710462,0:11:03.953866,16.7,16.3
2022-09-14 18:43:56.734073,2022-09-14 18:43:56.746098,2022-09-14 18:55:00.718371,0:11:03.984248,20.0,16.3
2022-09-14 18:43:56.745461,2022-09-14 18:43:56.757633,2022-09-14 18:55:00.731684,0:11:03.986166,14.3,16.3
2022-09-14 18:43:56.757344,2022-09-14 18:43:56.763894,2022-09-14 18:55:00.744449,0:11:03.987057,14.3,16.3
2022-09-14 18:43:56.706625,2022-09-14 18:43:56.718891,2022-09-14 18:55:00.752382,0:11:04.045707,20.0,16.3
2022-09-14 18:43:56.745695,2022-09-14 18:43:56.757026,2022-09-14 18:55:00.763074,0:11:04.017325,16.7,16.3
2022-09-14 18:43:56.774269,2022-09-14 18:43:56.775228,2022-09-14 18:55:00.778201,0:11:04.003884,20.0,16.3
2022-09-14 18:43:56.793773,2022-09-14 18:43:56.795210,2022-09-14 18:55:00.851031,0:11:04.057198,22.2,16.2
2022-09-14 18:43:56.794218,2022-09-14 18:43:56.795509,2022-09-14 18:55:00.856366,0:11:04.062096,0.0,16.2
2022-09-14 18:43:56.822218,2022-09-14 18:43:56.823973,2022-09-14 18:55:00.878337,0:11:04.056069,15.4,16.2
2022-09-14 18:43:56.794582,2022-09-14 18:43:56.806354,2022-09-14 18:55:00.894351,0:11:04.099720,27.3,16.2
2022-09-14 18:43:56.821876,2022-09-14 18:43:56.822946,2022-09-14 18:55:00.902212,0:11:04.080287,25.0,16.2
2022-09-14 18:43:56.774528,2022-09-14 18:43:56.794825,2022-09-14 18:55:00.912371,0:11:04.137793,16.7,16.2
2022-09-14 18:43:56.821666,2022-09-14 18:43:56.823230,2022-09-14 18:55:00.922373,0:11:04.100657,16.7,16.2
2022-09-14 18:43:56.805624,2022-09-14 18:43:56.806612,2022-09-14 18:55:00.940722,0:11:04.135028,25.0,16.2
2022-09-14 18:43:56.823050,2022-09-14 18:43:56.845893,2022-09-14 18:55:00.964781,0:11:04.141681,14.3,16.2
2022-09-14 18:43:56.839561,2022-09-14 18:43:56.852216,2022-09-14 18:55:00.998790,0:11:04.159180,20.0,16.3
2022-09-14 18:43:56.845599,2022-09-14 18:43:56.852216,2022-09-14 18:55:01.014798,0:11:04.169148,11.1,16.3
2022-09-14 18:43:56.857325,2022-09-14 18:43:56.858590,2022-09-14 18:55:01.039055,0:11:04.181680,21.4,16.3
2022-09-14 18:43:56.856800,2022-09-14 18:43:56.869634,2022-09-14 18:55:01.050346,0:11:04.193496,0.0,16.3
2022-09-14 18:43:56.857020,2022-09-14 18:43:56.858814,2022-09-14 18:55:01.061344,0:11:04.204275,28.6,16.3
2022-09-14 18:43:56.885062,2022-09-14 18:43:56.891555,2022-09-14 18:55:01.089686,0:11:04.204563,17.6,16.3
2022-09-14 18:43:56.884598,2022-09-14 18:43:56.891469,2022-09-14 18:55:01.118386,0:11:04.233734,22.2,16.3
2022-09-14 18:43:56.884732,2022-09-14 18:43:56.892130,2022-09-14 18:55:01.135867,0:11:04.251080,20.0,16.3
2022-09-14 18:43:56.884906,2022-09-14 18:43:56.903333,2022-09-14 18:55:01.141203,0:11:04.256246,0.0,16.3
2022-09-14 18:43:56.885192,2022-09-14 18:43:56.897671,2022-09-14 18:55:01.178671,0:11:04.293414,17.4,16.3
2022-09-14 18:43:56.907852,2022-09-14 18:43:56.914801,2022-09-14 18:55:01.196427,0:11:04.288523,27.3,16.3
2022-09-14 18:43:56.920071,2022-09-14 18:43:56.921028,2022-09-14 18:55:01.209496,0:11:04.289373,25.0,16.3
2022-09-14 18:43:56.919632,2022-09-14 18:43:56.926373,2022-09-14 18:55:01.219755,0:11:04.300072,16.7,16.3
2022-09-14 18:43:56.919925,2022-09-14 18:43:56.948118,2022-09-14 18:55:01.243983,0:11:04.324008,20.0,16.3
2022-09-14 18:43:56.908229,2022-09-14 18:43:56.915088,2022-09-14 18:55:01.271221,0:11:04.362943,18.8,16.3
2022-09-14 18:43:56.952836,2022-09-14 18:43:56.954578,2022-09-14 18:55:01.290675,0:11:04.337782,16.7,16.2
2022-09-14 18:43:56.952510,2022-09-14 18:43:56.954430,2022-09-14 18:55:01.295962,0:11:04.343404,0.0,16.2
2022-09-14 18:43:56.953709,2022-09-14 18:43:56.965490,2022-09-14 18:55:01.313833,0:11:04.360075,18.2,16.2
2022-09-14 18:43:56.952654,2022-09-14 18:43:56.965672,2022-09-14 18:55:01.327687,0:11:04.374976,25.0,16.2
2022-09-14 18:43:56.970657,2022-09-14 18:43:56.971941,2022-09-14 18:55:01.339975,0:11:04.369270,14.3,16.2
2022-09-14 18:43:56.947002,2022-09-14 18:43:56.965490,2022-09-14 18:55:01.362272,0:11:04.415221,15.4,16.2
2022-09-14 18:43:56.970985,2022-09-14 18:43:56.977345,2022-09-14 18:55:01.382876,0:11:04.411832,33.3,16.2
2022-09-14 18:43:56.982059,2022-09-14 18:43:56.983785,2022-09-14 18:55:01.394416,0:11:04.412300,0.0,16.2
2022-09-14 18:43:57.015196,2022-09-14 18:43:57.031982,2022-09-14 18:55:01.456589,0:11:04.441328,20.5,16.3
2022-09-14 18:43:57.036757,2022-09-14 18:43:57.043164,2022-09-14 18:55:01.478089,0:11:04.441270,16.7,16.3
2022-09-14 18:43:56.993277,2022-09-14 18:43:57.004755,2022-09-14 18:55:01.495431,0:11:04.502091,20.0,16.3
2022-09-14 18:43:56.982465,2022-09-14 18:43:57.010102,2022-09-14 18:55:01.504134,0:11:04.521610,20.0,16.3
2022-09-14 18:43:57.015028,2022-09-14 18:43:57.048796,2022-09-14 18:55:01.536944,0:11:04.521847,15.8,16.3
2022-09-14 18:43:57.031192,2022-09-14 18:43:57.043261,2022-09-14 18:55:01.561024,0:11:04.529764,20.0,16.3
2022-09-14 18:43:57.020656,2022-09-14 18:43:57.037544,2022-09-14 18:55:01.566886,0:11:04.546167,33.3,16.3
2022-09-14 18:43:57.048777,2022-09-14 18:43:57.049752,2022-09-14 18:55:01.572718,0:11:04.523872,25.0,16.3
2022-09-14 18:43:57.031337,2022-09-14 18:43:57.037544,2022-09-14 18:55:01.578401,0:11:04.547004,25.0,16.3
2022-09-14 18:43:57.048403,2022-09-14 18:43:57.055588,2022-09-14 18:55:01.606972,0:11:04.558499,18.7,16.3
2022-09-14 18:43:57.055259,2022-09-14 18:43:57.088483,2022-09-14 18:55:01.634743,0:11:04.579396,17.6,16.2
2022-09-14 18:43:57.048082,2022-09-14 18:43:57.055527,2022-09-14 18:55:01.643473,0:11:04.595328,20.0,16.2
2022-09-14 18:43:57.081921,2022-09-14 18:43:57.088975,2022-09-14 18:55:01.672783,0:11:04.590795,17.6,16.2
2022-09-14 18:43:57.093573,2022-09-14 18:43:57.100288,2022-09-14 18:55:01.699515,0:11:04.605877,23.5,16.2
2022-09-14 18:43:57.082075,2022-09-14 18:43:57.111613,2022-09-14 18:55:01.710548,0:11:04.628413,16.7,16.2
2022-09-14 18:43:57.099399,2022-09-14 18:43:57.106199,2022-09-14 18:55:01.719215,0:11:04.619756,20.0,16.2
2022-09-14 18:43:57.076412,2022-09-14 18:43:57.088466,2022-09-14 18:55:01.754448,0:11:04.677966,19.0,16.2
2022-09-14 18:43:57.098957,2022-09-14 18:43:57.100513,2022-09-14 18:55:01.760314,0:11:04.661292,0.0,16.2
2022-09-14 18:43:57.111651,2022-09-14 18:43:57.113126,2022-09-14 18:55:01.769131,0:11:04.657418,20.0,16.2
2022-09-14 18:43:57.110915,2022-09-14 18:43:57.118604,2022-09-14 18:55:01.808271,0:11:04.697288,20.8,16.2
2022-09-14 18:43:57.110622,2022-09-14 18:43:57.113126,2022-09-14 18:55:01.814086,0:11:04.703401,0.0,16.2
2022-09-14 18:43:57.145671,2022-09-14 18:43:57.157896,2022-09-14 18:55:01.856091,0:11:04.710354,22.2,16.2
2022-09-14 18:43:57.145869,2022-09-14 18:43:57.147138,2022-09-14 18:55:01.867589,0:11:04.721659,28.6,16.2
2022-09-14 18:43:57.124048,2022-09-14 18:43:57.130492,2022-09-14 18:55:01.873096,0:11:04.748994,33.3,16.2
2022-09-14 18:43:57.168176,2022-09-14 18:43:57.169332,2022-09-14 18:55:01.922444,0:11:04.754209,17.2,16.2
2022-09-14 18:43:57.174192,2022-09-14 18:43:57.175248,2022-09-14 18:55:01.928006,0:11:04.753760,25.0,16.2
2022-09-14 18:43:57.167667,2022-09-14 18:43:57.174791,2022-09-14 18:55:01.936276,0:11:04.768558,0.0,16.2
2022-09-14 18:43:57.146111,2022-09-14 18:43:57.147454,2022-09-14 18:55:01.946479,0:11:04.800317,16.7,16.2
2022-09-14 18:43:57.180810,2022-09-14 18:43:57.181740,2022-09-14 18:55:01.984348,0:11:04.803484,18.2,16.2
2022-09-14 18:43:57.174604,2022-09-14 18:43:57.175645,2022-09-14 18:55:02.002692,0:11:04.828027,18.2,16.2
2022-09-14 18:43:57.186122,2022-09-14 18:43:57.187169,2022-09-14 18:55:02.010831,0:11:04.824658,25.0,16.2
2022-09-14 18:43:57.174018,2022-09-14 18:43:57.192811,2022-09-14 18:55:02.028829,0:11:04.854760,18.2,16.2
2022-09-14 18:43:57.207971,2022-09-14 18:43:57.214785,2022-09-14 18:55:02.056845,0:11:04.848820,17.6,16.3
2022-09-14 18:43:57.213653,2022-09-14 18:43:57.214555,2022-09-14 18:55:02.074143,0:11:04.860437,20.0,16.3
2022-09-14 18:43:57.219340,2022-09-14 18:43:57.230788,2022-09-14 18:55:02.099116,0:11:04.879721,20.0,16.3
2022-09-14 18:43:57.235792,2022-09-14 18:43:57.237510,2022-09-14 18:55:02.109246,0:11:04.873401,16.7,16.3
2022-09-14 18:43:57.236040,2022-09-14 18:43:57.237510,2022-09-14 18:55:02.135866,0:11:04.899771,25.0,16.3
2022-09-14 18:43:57.235638,2022-09-14 18:43:57.237189,2022-09-14 18:55:02.154090,0:11:04.918399,10.0,16.3
2022-09-14 18:43:57.236644,2022-09-14 18:43:57.253934,2022-09-14 18:55:02.166003,0:11:04.929308,25.0,16.3
2022-09-14 18:43:57.252951,2022-09-14 18:43:57.259245,2022-09-14 18:55:02.183874,0:11:04.930870,27.3,16.3
2022-09-14 18:43:57.274846,2022-09-14 18:43:57.291676,2022-09-14 18:55:02.227383,0:11:04.952483,18.5,16.3
2022-09-14 18:43:57.252758,2022-09-14 18:43:57.270465,2022-09-14 18:55:02.244149,0:11:04.991340,11.1,16.3
2022-09-14 18:43:57.275024,2022-09-14 18:43:57.307989,2022-09-14 18:55:02.279377,0:11:05.004302,19.0,16.3
2022-09-14 18:43:57.296479,2022-09-14 18:43:57.308414,2022-09-14 18:55:02.300319,0:11:05.003790,16.7,16.3
2022-09-14 18:43:57.313641,2022-09-14 18:43:57.314621,2022-09-14 18:55:02.310298,0:11:04.996607,16.7,16.3
2022-09-14 18:43:57.296310,2022-09-14 18:43:57.297462,2022-09-14 18:55:02.318382,0:11:05.022023,40.0,16.3
2022-09-14 18:43:57.230277,2022-09-14 18:43:57.253212,2022-09-14 18:55:02.326560,0:11:05.096234,20.0,16.3
2022-09-14 18:43:57.295985,2022-09-14 18:43:57.320340,2022-09-14 18:55:02.342919,0:11:05.046886,20.0,16.3
2022-09-14 18:43:57.313406,2022-09-14 18:43:57.320393,2022-09-14 18:55:02.363241,0:11:05.049781,30.8,16.3
2022-09-14 18:43:57.335927,2022-09-14 18:43:57.336846,2022-09-14 18:55:02.395464,0:11:05.059478,16.7,16.3
2022-09-14 18:43:57.313893,2022-09-14 18:43:57.331437,2022-09-14 18:55:02.409772,0:11:05.095821,12.5,16.3
2022-09-14 18:43:57.285568,2022-09-14 18:43:57.308334,2022-09-14 18:55:02.418368,0:11:05.132744,20.0,16.2
2022-09-14 18:43:57.296728,2022-09-14 18:43:57.315041,2022-09-14 18:55:02.432025,0:11:05.135244,30.0,16.2
2022-09-14 18:43:57.375624,2022-09-14 18:43:57.377183,2022-09-14 18:55:02.494342,0:11:05.118654,16.7,16.3
2022-09-14 18:43:57.357468,2022-09-14 18:43:57.364005,2022-09-14 18:55:02.510239,0:11:05.152711,22.2,16.3
2022-09-14 18:43:57.363305,2022-09-14 18:43:57.369893,2022-09-14 18:55:02.515915,0:11:05.152552,25.0,16.3
2022-09-14 18:43:57.374581,2022-09-14 18:43:57.375554,2022-09-14 18:55:02.524270,0:11:05.149636,20.0,16.3
2022-09-14 18:43:57.375221,2022-09-14 18:43:57.376674,2022-09-14 18:55:02.537729,0:11:05.162453,14.3,16.3
2022-09-14 18:43:57.357628,2022-09-14 18:43:57.358715,2022-09-14 18:55:02.543172,0:11:05.185492,25.0,16.3
2022-09-14 18:43:57.375947,2022-09-14 18:43:57.376986,2022-09-14 18:55:02.561086,0:11:05.185078,11.1,16.3
2022-09-14 18:43:57.374990,2022-09-14 18:43:57.382670,2022-09-14 18:55:02.566674,0:11:05.191621,40.0,16.3
2022-09-14 18:43:57.368646,2022-09-14 18:43:57.377258,2022-09-14 18:55:02.577294,0:11:05.208592,0.0,16.3
2022-09-14 18:43:57.399374,2022-09-14 18:43:57.401083,2022-09-14 18:55:02.606479,0:11:05.207041,22.2,16.3
2022-09-14 18:43:57.426920,2022-09-14 18:43:57.427861,2022-09-14 18:55:02.651041,0:11:05.224057,19.2,16.3
2022-09-14 18:43:57.427149,2022-09-14 18:43:57.434881,2022-09-14 18:55:02.671494,0:11:05.244287,16.7,16.3
2022-09-14 18:43:57.439738,2022-09-14 18:43:57.445849,2022-09-14 18:55:02.707806,0:11:05.268011,18.2,16.3
2022-09-14 18:43:57.439413,2022-09-14 18:43:57.446221,2022-09-14 18:55:02.732473,0:11:05.292998,25.0,16.3
2022-09-14 18:43:57.445928,2022-09-14 18:43:57.457798,2022-09-14 18:55:02.747484,0:11:05.301485,22.2,16.3
2022-09-14 18:43:57.445077,2022-09-14 18:43:57.446427,2022-09-14 18:55:02.756525,0:11:05.311383,20.0,16.3
2022-09-14 18:43:57.451666,2022-09-14 18:43:57.457798,2022-09-14 18:55:02.769610,0:11:05.317876,14.3,16.3
2022-09-14 18:43:57.426649,2022-09-14 18:43:57.427579,2022-09-14 18:55:02.797173,0:11:05.370455,27.8,16.3
2022-09-14 18:43:57.445563,2022-09-14 18:43:57.446945,2022-09-14 18:55:02.812451,0:11:05.366817,22.2,16.3
2022-09-14 18:43:57.467884,2022-09-14 18:43:57.479330,2022-09-14 18:55:02.841556,0:11:05.373602,17.6,16.3
2022-09-14 18:43:57.507460,2022-09-14 18:43:57.509350,2022-09-14 18:55:02.875005,0:11:05.367475,27.3,16.3
2022-09-14 18:43:57.490185,2022-09-14 18:43:57.491665,2022-09-14 18:55:02.891618,0:11:05.401367,20.0,16.3
2022-09-14 18:43:57.490695,2022-09-14 18:43:57.491898,2022-09-14 18:55:02.899895,0:11:05.409136,20.0,16.3
2022-09-14 18:43:57.490962,2022-09-14 18:43:57.497336,2022-09-14 18:55:02.914191,0:11:05.423162,12.5,16.2
2022-09-14 18:43:57.502106,2022-09-14 18:43:57.508279,2022-09-14 18:55:02.926435,0:11:05.424263,14.3,16.2
2022-09-14 18:43:57.508023,2022-09-14 18:43:57.519876,2022-09-14 18:55:02.942150,0:11:05.434067,22.2,16.3
2022-09-14 18:43:57.519149,2022-09-14 18:43:57.525522,2022-09-14 18:55:02.967264,0:11:05.448055,25.0,16.3
2022-09-14 18:43:57.507619,2022-09-14 18:43:57.520154,2022-09-14 18:55:03.019837,0:11:05.512159,15.6,16.3
2022-09-14 18:43:57.546688,2022-09-14 18:43:57.574192,2022-09-14 18:55:03.027972,0:11:05.481233,25.0,16.3
2022-09-14 18:43:57.552338,2022-09-14 18:43:57.563372,2022-09-14 18:55:03.036104,0:11:05.483717,20.0,16.3
2022-09-14 18:43:57.530225,2022-09-14 18:43:57.547776,2022-09-14 18:55:03.052405,0:11:05.522131,20.0,16.3
2022-09-14 18:43:57.572972,2022-09-14 18:43:57.580653,2022-09-14 18:55:03.060328,0:11:05.487307,0.0,16.3
2022-09-14 18:43:57.572813,2022-09-14 18:43:57.580110,2022-09-14 18:55:03.074423,0:11:05.501562,25.0,16.3
2022-09-14 18:43:57.563036,2022-09-14 18:43:57.563970,2022-09-14 18:55:03.088404,0:11:05.525320,12.5,16.3
2022-09-14 18:43:57.562850,2022-09-14 18:43:57.573978,2022-09-14 18:55:03.098729,0:11:05.535811,16.7,16.3
2022-09-14 18:43:57.579057,2022-09-14 18:43:57.581536,2022-09-14 18:55:03.110828,0:11:05.531721,25.0,16.3
2022-09-14 18:43:57.602249,2022-09-14 18:43:57.609361,2022-09-14 18:55:03.151018,0:11:05.548715,17.4,16.3
2022-09-14 18:43:57.578905,2022-09-14 18:43:57.608842,2022-09-14 18:55:03.182947,0:11:05.603989,15.8,16.3
2022-09-14 18:43:57.613748,2022-09-14 18:43:57.625070,2022-09-14 18:55:03.190944,0:11:05.577145,25.0,16.3
2022-09-14 18:43:57.634950,2022-09-14 18:43:57.641891,2022-09-14 18:55:03.198824,0:11:05.563825,0.0,16.3
2022-09-14 18:43:57.613954,2022-09-14 18:43:57.625069,2022-09-14 18:55:03.232942,0:11:05.618936,19.0,16.3
2022-09-14 18:43:57.640596,2022-09-14 18:43:57.649210,2022-09-14 18:55:03.263621,0:11:05.622968,16.7,16.2
2022-09-14 18:43:57.641244,2022-09-14 18:43:57.642774,2022-09-14 18:55:03.274053,0:11:05.632755,20.0,16.2
2022-09-14 18:43:57.640885,2022-09-14 18:43:57.641891,2022-09-14 18:55:03.286973,0:11:05.646035,22.2,16.2
2022-09-14 18:43:57.629648,2022-09-14 18:43:57.643050,2022-09-14 18:55:03.292507,0:11:05.662808,33.3,16.2
2022-09-14 18:43:57.635172,2022-09-14 18:43:57.642647,2022-09-14 18:55:03.304326,0:11:05.669104,25.0,16.2
2022-09-14 18:43:57.608304,2022-09-14 18:43:57.642723,2022-09-14 18:55:03.314407,0:11:05.706053,20.0,16.2
2022-09-14 18:43:57.675175,2022-09-14 18:43:57.701789,2022-09-14 18:55:03.363850,0:11:05.688609,20.0,16.2
2022-09-14 18:43:57.680953,2022-09-14 18:43:57.695933,2022-09-14 18:55:03.396670,0:11:05.715644,15.8,16.2
2022-09-14 18:43:57.680773,2022-09-14 18:43:57.707690,2022-09-14 18:55:03.421946,0:11:05.741106,20.0,16.2
2022-09-14 18:43:57.701118,2022-09-14 18:43:57.702202,2022-09-14 18:55:03.434100,0:11:05.732923,14.3,16.2
2022-09-14 18:43:57.695456,2022-09-14 18:43:57.701711,2022-09-14 18:55:03.456362,0:11:05.760838,31.2,16.2
2022-09-14 18:43:57.695030,2022-09-14 18:43:57.723920,2022-09-14 18:55:03.477213,0:11:05.782117,18.2,16.2
2022-09-14 18:43:57.700844,2022-09-14 18:43:57.712980,2022-09-14 18:55:03.488156,0:11:05.787247,25.0,16.2
2022-09-14 18:43:57.695222,2022-09-14 18:43:57.707690,2022-09-14 18:55:03.496721,0:11:05.801431,25.0,16.2
2022-09-14 18:43:57.733750,2022-09-14 18:43:57.745425,2022-09-14 18:55:03.510798,0:11:05.776992,22.2,16.2
2022-09-14 18:43:57.681134,2022-09-14 18:43:57.746056,2022-09-14 18:55:03.523041,0:11:05.841854,14.3,16.3
2022-09-14 18:43:57.744170,2022-09-14 18:43:57.745545,2022-09-14 18:55:03.536999,0:11:05.792778,12.5,16.3
2022-09-14 18:43:57.757998,2022-09-14 18:43:57.767289,2022-09-14 18:55:03.571494,0:11:05.813441,20.0,16.3
2022-09-14 18:43:57.756889,2022-09-14 18:43:57.758543,2022-09-14 18:55:03.595901,0:11:05.838953,20.0,16.3
2022-09-14 18:43:57.772459,2022-09-14 18:43:57.778789,2022-09-14 18:55:03.624298,0:11:05.851771,17.6,16.3
2022-09-14 18:43:57.757088,2022-09-14 18:43:57.784300,2022-09-14 18:55:03.632413,0:11:05.875268,20.0,16.3
2022-09-14 18:43:57.766243,2022-09-14 18:43:57.773022,2022-09-14 18:55:03.642329,0:11:05.876034,20.0,16.3
2022-09-14 18:43:57.745055,2022-09-14 18:43:57.758955,2022-09-14 18:55:03.652485,0:11:05.907378,28.6,16.3
2022-09-14 18:43:57.771874,2022-09-14 18:43:57.773139,2022-09-14 18:55:03.668555,0:11:05.896626,11.1,16.3
2022-09-14 18:43:57.805746,2022-09-14 18:43:57.817280,2022-09-14 18:55:03.712979,0:11:05.907169,19.2,16.3
2022-09-14 18:43:57.783791,2022-09-14 18:43:57.811993,2022-09-14 18:55:03.724001,0:11:05.940151,14.3,16.3
2022-09-14 18:43:57.822103,2022-09-14 18:43:57.828998,2022-09-14 18:55:03.744371,0:11:05.922210,18.2,16.3
2022-09-14 18:43:57.816270,2022-09-14 18:43:57.823191,2022-09-14 18:55:03.783312,0:11:05.966976,24.0,16.3
2022-09-14 18:43:57.821732,2022-09-14 18:43:57.828944,2022-09-14 18:55:03.803787,0:11:05.981992,16.7,16.3
2022-09-14 18:43:57.827943,2022-09-14 18:43:57.839841,2022-09-14 18:55:03.812105,0:11:05.984106,20.0,16.3
2022-09-14 18:43:57.821924,2022-09-14 18:43:57.845271,2022-09-14 18:55:03.827029,0:11:06.005039,12.5,16.3
2022-09-14 18:43:57.845468,2022-09-14 18:43:57.846706,2022-09-14 18:55:03.845636,0:11:06.000108,18.2,16.3
2022-09-14 18:43:57.844975,2022-09-14 18:43:57.846743,2022-09-14 18:55:03.853751,0:11:06.008722,20.0,16.3
2022-09-14 18:43:57.822639,2022-09-14 18:43:57.846159,2022-09-14 18:55:03.864573,0:11:06.041883,28.6,16.3
2022-09-14 18:43:57.844587,2022-09-14 18:43:57.846421,2022-09-14 18:55:03.869895,0:11:06.025258,0.0,16.3
2022-09-14 18:43:57.879387,2022-09-14 18:43:57.885454,2022-09-14 18:55:03.913847,0:11:06.034403,22.2,16.3
2022-09-14 18:43:57.884996,2022-09-14 18:43:57.885971,2022-09-14 18:55:03.926810,0:11:06.041759,30.0,16.3
2022-09-14 18:43:57.879160,2022-09-14 18:43:57.891547,2022-09-14 18:55:03.951073,0:11:06.071858,15.4,16.3
2022-09-14 18:43:57.890583,2022-09-14 18:43:57.907973,2022-09-14 18:55:03.969337,0:11:06.078700,18.2,16.3
2022-09-14 18:43:57.901066,2022-09-14 18:43:57.902346,2022-09-14 18:55:03.994878,0:11:06.093757,18.7,16.3
2022-09-14 18:43:57.907887,2022-09-14 18:43:57.914640,2022-09-14 18:55:04.014150,0:11:06.106204,10.0,16.3
2022-09-14 18:43:57.906968,2022-09-14 18:43:57.908183,2022-09-14 18:55:04.024219,0:11:06.117196,33.3,16.3
2022-09-14 18:43:57.884785,2022-09-14 18:43:57.901750,2022-09-14 18:55:04.038601,0:11:06.153762,12.5,16.3
2022-09-14 18:43:57.907696,2022-09-14 18:43:57.914996,2022-09-14 18:55:04.056688,0:11:06.148928,25.0,16.3
2022-09-14 18:43:57.906756,2022-09-14 18:43:57.914778,2022-09-14 18:55:04.066556,0:11:06.159744,16.7,16.3
2022-09-14 18:43:57.952789,2022-09-14 18:43:57.964087,2022-09-14 18:55:04.113279,0:11:06.160422,18.5,16.3
2022-09-14 18:43:57.941712,2022-09-14 18:43:57.953684,2022-09-14 18:55:04.127777,0:11:06.186002,22.2,16.3
2022-09-14 18:43:57.963334,2022-09-14 18:43:57.964544,2022-09-14 18:55:04.150019,0:11:06.186627,15.4,16.3
2022-09-14 18:43:57.947347,2022-09-14 18:43:57.964746,2022-09-14 18:55:04.166194,0:11:06.218788,20.0,16.3
2022-09-14 18:43:57.947009,2022-09-14 18:43:57.948316,2022-09-14 18:55:04.174537,0:11:06.227473,25.0,16.3
2022-09-14 18:43:57.969682,2022-09-14 18:43:57.976466,2022-09-14 18:55:04.192802,0:11:06.223065,18.2,16.3
2022-09-14 18:43:57.975964,2022-09-14 18:43:57.976923,2022-09-14 18:55:04.221093,0:11:06.245071,22.2,16.3
2022-09-14 18:43:57.969836,2022-09-14 18:43:57.993623,2022-09-14 18:55:04.245348,0:11:06.275454,21.4,16.3
2022-09-14 18:43:57.975649,2022-09-14 18:43:57.993623,2022-09-14 18:55:04.253433,0:11:06.277731,33.3,16.3
2022-09-14 18:43:57.975232,2022-09-14 18:43:57.994199,2022-09-14 18:55:04.265132,0:11:06.289848,14.3,16.3
2022-09-14 18:43:58.009663,2022-09-14 18:43:58.021690,2022-09-14 18:55:04.316098,0:11:06.306369,19.4,16.3
2022-09-14 18:43:58.015469,2022-09-14 18:43:58.021554,2022-09-14 18:55:04.328555,0:11:06.313028,16.7,16.3
2022-09-14 18:43:58.009830,2022-09-14 18:43:58.021862,2022-09-14 18:55:04.358847,0:11:06.348958,21.1,16.3
2022-09-14 18:43:58.026371,2022-09-14 18:43:58.033306,2022-09-14 18:55:04.366940,0:11:06.340513,20.0,16.3
2022-09-14 18:43:58.039111,2022-09-14 18:43:58.040031,2022-09-14 18:55:04.379097,0:11:06.339931,14.3,16.3
2022-09-14 18:43:58.026812,2022-09-14 18:43:58.033107,2022-09-14 18:55:04.403119,0:11:06.376253,15.4,16.3
2022-09-14 18:43:58.039442,2022-09-14 18:43:58.052424,2022-09-14 18:55:04.423811,0:11:06.384307,16.7,16.3
2022-09-14 18:43:58.038429,2022-09-14 18:43:58.039479,2022-09-14 18:55:04.432073,0:11:06.393591,20.0,16.3
2022-09-14 18:43:58.039715,2022-09-14 18:43:58.051908,2022-09-14 18:55:04.442219,0:11:06.402450,16.7,16.3
2022-09-14 18:43:58.032270,2022-09-14 18:43:58.039811,2022-09-14 18:55:04.505899,0:11:06.473567,18.4,16.3
2022-09-14 18:43:58.072926,2022-09-14 18:43:58.085212,2022-09-14 18:55:04.522901,0:11:06.449916,20.0,16.3
2022-09-14 18:43:58.073101,2022-09-14 18:43:58.080035,2022-09-14 18:55:04.535406,0:11:06.462246,14.3,16.3
2022-09-14 18:43:58.078822,2022-09-14 18:43:58.096321,2022-09-14 18:55:04.555652,0:11:06.476775,25.0,16.3
2022-09-14 18:43:58.095074,2022-09-14 18:43:58.112893,2022-09-14 18:55:04.563880,0:11:06.468752,20.0,16.3
2022-09-14 18:43:58.100800,2022-09-14 18:43:58.101882,2022-09-14 18:55:04.596334,0:11:06.495477,15.8,16.3
2022-09-14 18:43:58.100643,2022-09-14 18:43:58.129109,2022-09-14 18:55:04.604560,0:11:06.503863,20.0,16.3
2022-09-14 18:43:58.095235,2022-09-14 18:43:58.113065,2022-09-14 18:55:04.616636,0:11:06.521348,16.7,16.3
2022-09-14 18:43:58.089643,2022-09-14 18:43:58.107178,2022-09-14 18:55:04.626700,0:11:06.536997,16.7,16.3
2022-09-14 18:43:58.156033,2022-09-14 18:43:58.158127,2022-09-14 18:55:04.668031,0:11:06.511931,16.7,16.3
2022-09-14 18:43:58.111527,2022-09-14 18:43:58.140426,2022-09-14 18:55:04.688048,0:11:06.576461,23.1,16.3
2022-09-14 18:43:58.122687,2022-09-14 18:43:58.135016,2022-09-14 18:55:04.712465,0:11:06.589715,14.3,16.3
2022-09-14 18:43:58.156666,2022-09-14 18:43:58.163654,2022-09-14 18:55:04.720601,0:11:06.563877,25.0,16.3
2022-09-14 18:43:58.155879,2022-09-14 18:43:58.157601,2022-09-14 18:55:04.728630,0:11:06.572695,20.0,16.3
2022-09-14 18:43:58.163508,2022-09-14 18:43:58.164980,2022-09-14 18:55:04.748515,0:11:06.584951,16.7,16.3
2022-09-14 18:43:58.139804,2022-09-14 18:43:58.157789,2022-09-14 18:55:04.756825,0:11:06.616965,20.0,16.3
2022-09-14 18:43:58.163098,2022-09-14 18:43:58.164778,2022-09-14 18:55:04.771097,0:11:06.607945,25.0,16.3
2022-09-14 18:43:58.156431,2022-09-14 18:43:58.163654,2022-09-14 18:55:04.785541,0:11:06.629056,12.5,16.3
2022-09-14 18:43:58.139478,2022-09-14 18:43:58.164034,2022-09-14 18:55:04.807602,0:11:06.668068,26.7,16.3
2022-09-14 18:43:58.175614,2022-09-14 18:43:58.182789,2022-09-14 18:55:04.823989,0:11:06.648319,11.1,16.2
2022-09-14 18:43:58.221434,2022-09-14 18:43:58.222865,2022-09-14 18:55:04.858280,0:11:06.636780,20.0,16.2
2022-09-14 18:43:58.221661,2022-09-14 18:43:58.223655,2022-09-14 18:55:04.898488,0:11:06.676760,16.7,16.3
2022-09-14 18:43:58.221213,2022-09-14 18:43:58.229052,2022-09-14 18:55:04.918237,0:11:06.696964,18.2,16.3
2022-09-14 18:43:58.222117,2022-09-14 18:43:58.223054,2022-09-14 18:55:04.931436,0:11:06.709257,33.3,16.3
2022-09-14 18:43:58.192755,2022-09-14 18:43:58.193979,2022-09-14 18:55:04.943867,0:11:06.751046,14.3,16.3
2022-09-14 18:43:58.222357,2022-09-14 18:43:58.223673,2022-09-14 18:55:04.958508,0:11:06.736091,12.5,16.3
2022-09-14 18:43:58.228302,2022-09-14 18:43:58.245603,2022-09-14 18:55:04.969579,0:11:06.741223,28.6,16.3
2022-09-14 18:43:58.233699,2022-09-14 18:43:58.239836,2022-09-14 18:55:04.975058,0:11:06.741306,40.0,16.3
2022-09-14 18:43:58.255943,2022-09-14 18:43:58.262401,2022-09-14 18:55:05.002634,0:11:06.746629,13.3,16.3
2022-09-14 18:43:58.221857,2022-09-14 18:43:58.245642,2022-09-14 18:55:05.017801,0:11:06.795885,22.2,16.3
2022-09-14 18:43:58.283670,2022-09-14 18:43:58.289906,2022-09-14 18:55:05.049224,0:11:06.765496,21.1,16.3
2022-09-14 18:43:58.294494,2022-09-14 18:43:58.295508,2022-09-14 18:55:05.077100,0:11:06.782544,17.6,16.3
2022-09-14 18:43:58.239041,2022-09-14 18:43:58.273548,2022-09-14 18:55:05.138383,0:11:06.899278,18.9,16.3
2022-09-14 18:43:58.294711,2022-09-14 18:43:58.317932,2022-09-14 18:55:05.154035,0:11:06.859263,30.0,16.3
2022-09-14 18:43:58.294307,2022-09-14 18:43:58.318128,2022-09-14 18:55:05.159430,0:11:06.865067,0.0,16.3
2022-09-14 18:43:58.300535,2022-09-14 18:43:58.312510,2022-09-14 18:55:05.165033,0:11:06.864446,33.3,16.3
2022-09-14 18:43:58.311094,2022-09-14 18:43:58.317932,2022-09-14 18:55:05.173083,0:11:06.861939,20.0,16.3
2022-09-14 18:43:58.311238,2022-09-14 18:43:58.317819,2022-09-14 18:55:05.184536,0:11:06.873247,25.0,16.3
2022-09-14 18:43:58.300255,2022-09-14 18:43:58.329273,2022-09-14 18:55:05.196674,0:11:06.896359,14.3,16.3
2022-09-14 18:43:58.317725,2022-09-14 18:43:58.318823,2022-09-14 18:55:05.218163,0:11:06.900373,16.7,16.3
2022-09-14 18:43:58.294150,2022-09-14 18:43:58.312423,2022-09-14 18:55:05.242312,0:11:06.948096,20.0,16.3
2022-09-14 18:43:58.360202,2022-09-14 18:43:58.377882,2022-09-14 18:55:05.292174,0:11:06.931907,20.0,16.3
2022-09-14 18:43:58.354736,2022-09-14 18:43:58.360753,2022-09-14 18:55:05.305081,0:11:06.950283,22.2,16.3
2022-09-14 18:43:58.349040,2022-09-14 18:43:58.366816,2022-09-14 18:55:05.317272,0:11:06.968177,16.7,16.3
2022-09-14 18:43:58.376868,2022-09-14 18:43:58.377789,2022-09-14 18:55:05.337430,0:11:06.960504,16.7,16.3
2022-09-14 18:43:58.365738,2022-09-14 18:43:58.389123,2022-09-14 18:55:05.376280,0:11:07.010480,20.8,16.3
2022-09-14 18:43:58.376501,2022-09-14 18:43:58.378416,2022-09-14 18:55:05.390576,0:11:07.014017,12.5,16.3
2022-09-14 18:43:58.365598,2022-09-14 18:43:58.389124,2022-09-14 18:55:05.400616,0:11:07.034964,28.6,16.3
2022-09-14 18:43:58.394012,2022-09-14 18:43:58.400692,2022-09-14 18:55:05.408555,0:11:07.014492,0.0,16.3
2022-09-14 18:43:58.354585,2022-09-14 18:43:58.366844,2022-09-14 18:55:05.440482,0:11:07.085834,15.8,16.3
2022-09-14 18:43:58.416053,2022-09-14 18:43:58.417286,2022-09-14 18:55:05.450568,0:11:07.034454,20.0,16.3
2022-09-14 18:43:58.377230,2022-09-14 18:43:58.389452,2022-09-14 18:55:05.475448,0:11:07.098153,20.0,16.3
2022-09-14 18:43:58.427878,2022-09-14 18:43:58.434826,2022-09-14 18:55:05.533900,0:11:07.105955,17.1,16.3
2022-09-14 18:43:58.428042,2022-09-14 18:43:58.429082,2022-09-14 18:55:05.539425,0:11:07.111328,40.0,16.3
2022-09-14 18:43:58.428493,2022-09-14 18:43:58.440377,2022-09-14 18:55:05.550823,0:11:07.122278,16.7,16.3
2022-09-14 18:43:58.439940,2022-09-14 18:43:58.451052,2022-09-14 18:55:05.558768,0:11:07.118763,20.0,16.3
2022-09-14 18:43:58.439245,2022-09-14 18:43:58.451401,2022-09-14 18:55:05.592877,0:11:07.153578,15.0,16.3
2022-09-14 18:43:58.439690,2022-09-14 18:43:58.451090,2022-09-14 18:55:05.626107,0:11:07.186360,15.8,16.3
2022-09-14 18:43:58.461615,2022-09-14 18:43:58.462705,2022-09-14 18:55:05.634170,0:11:07.172500,33.3,16.3
2022-09-14 18:43:58.450514,2022-09-14 18:43:58.463079,2022-09-14 18:55:05.642102,0:11:07.191538,20.0,16.3
2022-09-14 18:43:58.500064,2022-09-14 18:43:58.507245,2022-09-14 18:55:05.664123,0:11:07.164004,23.1,16.3
2022-09-14 18:43:58.439460,2022-09-14 18:43:58.451052,2022-09-14 18:55:05.680619,0:11:07.241104,11.1,16.3
2022-09-14 18:43:58.483240,2022-09-14 18:43:58.489735,2022-09-14 18:55:05.695278,0:11:07.211975,22.2,16.3
2022-09-14 18:43:58.488731,2022-09-14 18:43:58.490002,2022-09-14 18:55:05.716866,0:11:07.228080,15.4,16.3
2022-09-14 18:43:58.494636,2022-09-14 18:43:58.524471,2022-09-14 18:55:05.766810,0:11:07.272106,16.7,16.3
2022-09-14 18:43:58.494451,2022-09-14 18:43:58.518719,2022-09-14 18:55:05.783427,0:11:07.288901,20.0,16.3
2022-09-14 18:43:58.500405,2022-09-14 18:43:58.540168,2022-09-14 18:55:05.808739,0:11:07.308271,14.3,16.3
2022-09-14 18:43:58.523517,2022-09-14 18:43:58.545974,2022-09-14 18:55:05.825514,0:11:07.301940,27.3,16.3
2022-09-14 18:43:58.500712,2022-09-14 18:43:58.513196,2022-09-14 18:55:05.844852,0:11:07.344082,18.2,16.3
2022-09-14 18:43:58.506202,2022-09-14 18:43:58.545666,2022-09-14 18:55:05.864426,0:11:07.358165,16.7,16.3
2022-09-14 18:43:58.550384,2022-09-14 18:43:58.552044,2022-09-14 18:55:05.876542,0:11:07.326089,14.3,16.3
2022-09-14 18:43:58.528929,2022-09-14 18:43:58.529960,2022-09-14 18:55:05.891267,0:11:07.362278,22.2,16.3
2022-09-14 18:43:58.550763,2022-09-14 18:43:58.557380,2022-09-14 18:55:05.920683,0:11:07.369842,17.6,16.3
2022-09-14 18:43:58.562687,2022-09-14 18:43:58.564413,2022-09-14 18:55:05.953955,0:11:07.391196,15.0,16.3
2022-09-14 18:43:58.562390,2022-09-14 18:43:58.564699,2022-09-14 18:55:05.962616,0:11:07.400169,20.0,16.3
2022-09-14 18:43:58.562197,2022-09-14 18:43:58.570600,2022-09-14 18:55:05.976644,0:11:07.414395,22.2,16.3
2022-09-14 18:43:58.561663,2022-09-14 18:43:58.564084,2022-09-14 18:55:05.995886,0:11:07.434170,18.2,16.3
2022-09-14 18:43:58.563534,2022-09-14 18:43:58.570600,2022-09-14 18:55:06.015196,0:11:07.451604,25.0,16.3
2022-09-14 18:43:58.607781,2022-09-14 18:43:58.613931,2022-09-14 18:55:06.049962,0:11:07.442123,15.0,16.3
2022-09-14 18:43:58.586229,2022-09-14 18:43:58.597654,2022-09-14 18:55:06.063956,0:11:07.477673,25.0,16.3
2022-09-14 18:43:58.613132,2022-09-14 18:43:58.614523,2022-09-14 18:55:06.077634,0:11:07.464445,22.2,16.3
2022-09-14 18:43:58.613254,2022-09-14 18:43:58.614844,2022-09-14 18:55:06.137430,0:11:07.524106,17.1,16.3
2022-09-14 18:43:58.625562,2022-09-14 18:43:58.631969,2022-09-14 18:55:06.158533,0:11:07.532909,15.4,16.3
2022-09-14 18:43:58.625230,2022-09-14 18:43:58.632310,2022-09-14 18:55:06.164308,0:11:07.539019,33.3,16.3
2022-09-14 18:43:58.631039,2022-09-14 18:43:58.637570,2022-09-14 18:55:06.172613,0:11:07.541513,20.0,16.3
2022-09-14 18:43:58.625001,2022-09-14 18:43:58.631839,2022-09-14 18:55:06.199165,0:11:07.574098,18.7,16.3
2022-09-14 18:43:58.636866,2022-09-14 18:43:58.637836,2022-09-14 18:55:06.219819,0:11:07.582889,16.7,16.3
2022-09-14 18:43:58.680267,2022-09-14 18:43:58.686526,2022-09-14 18:55:06.240625,0:11:07.560294,23.1,16.3
2022-09-14 18:43:58.613467,2022-09-14 18:43:58.632310,2022-09-14 18:55:06.249025,0:11:07.635499,20.0,16.3
2022-09-14 18:43:58.669633,2022-09-14 18:43:58.693560,2022-09-14 18:55:06.276218,0:11:07.606521,17.6,16.3
2022-09-14 18:43:58.648294,2022-09-14 18:43:58.670452,2022-09-14 18:55:06.285046,0:11:07.636694,20.0,16.3
2022-09-14 18:43:58.692653,2022-09-14 18:43:58.693560,2022-09-14 18:55:06.320509,0:11:07.627792,22.7,16.3
2022-09-14 18:43:58.685698,2022-09-14 18:43:58.686951,2022-09-14 18:55:06.336388,0:11:07.650625,22.2,16.3
2022-09-14 18:43:58.686059,2022-09-14 18:43:58.699286,2022-09-14 18:55:06.371010,0:11:07.684886,19.0,16.3
2022-09-14 18:43:58.691847,2022-09-14 18:43:58.700684,2022-09-14 18:55:06.380085,0:11:07.688174,16.7,16.3
2022-09-14 18:43:58.692024,2022-09-14 18:43:58.699450,2022-09-14 18:55:06.388543,0:11:07.696461,20.0,16.3
2022-09-14 18:43:58.692371,2022-09-14 18:43:58.699759,2022-09-14 18:55:06.411993,0:11:07.719562,15.4,16.3
2022-09-14 18:43:58.699574,2022-09-14 18:43:58.700823,2022-09-14 18:55:06.423920,0:11:07.724285,25.0,16.3
2022-09-14 18:43:58.742384,2022-09-14 18:43:58.754994,2022-09-14 18:55:06.510484,0:11:07.768032,15.7,16.3
2022-09-14 18:43:58.753151,2022-09-14 18:43:58.755658,2022-09-14 18:55:06.528787,0:11:07.775573,20.0,16.3
2022-09-14 18:43:58.753387,2022-09-14 18:43:58.754530,2022-09-14 18:55:06.540720,0:11:07.787258,14.3,16.3
2022-09-14 18:43:58.742541,2022-09-14 18:43:58.754530,2022-09-14 18:55:06.564023,0:11:07.821422,20.0,16.3
2022-09-14 18:43:58.753772,2022-09-14 18:43:58.761109,2022-09-14 18:55:06.583857,0:11:07.830023,18.2,16.3
2022-09-14 18:43:58.765567,2022-09-14 18:43:58.772009,2022-09-14 18:55:06.597162,0:11:07.831530,12.5,16.3
2022-09-14 18:43:58.754573,2022-09-14 18:43:58.777591,2022-09-14 18:55:06.602948,0:11:07.848316,33.3,16.3
2022-09-14 18:43:58.753950,2022-09-14 18:43:58.766315,2022-09-14 18:55:06.619650,0:11:07.865640,20.0,16.3
2022-09-14 18:43:58.752947,2022-09-14 18:43:58.755535,2022-09-14 18:55:06.630663,0:11:07.877656,16.7,16.3
2022-09-14 18:43:58.754357,2022-09-14 18:43:58.766479,2022-09-14 18:55:06.643789,0:11:07.889369,22.2,16.3
2022-09-14 18:43:58.814624,2022-09-14 18:43:58.816574,2022-09-14 18:55:06.662229,0:11:07.847546,10.0,16.3
2022-09-14 18:43:58.815582,2022-09-14 18:43:58.827695,2022-09-14 18:55:06.746807,0:11:07.931159,19.6,16.3
2022-09-14 18:43:58.821157,2022-09-14 18:43:58.833776,2022-09-14 18:55:06.771133,0:11:07.949913,14.3,16.3
2022-09-14 18:43:58.815362,2022-09-14 18:43:58.833419,2022-09-14 18:55:06.786240,0:11:07.970812,20.0,16.3
2022-09-14 18:43:58.826461,2022-09-14 18:43:58.827460,2022-09-14 18:55:06.791950,0:11:07.965426,33.3,16.3
2022-09-14 18:43:58.814846,2022-09-14 18:43:58.833319,2022-09-14 18:55:06.797501,0:11:07.982599,25.0,16.3
2022-09-14 18:43:58.832197,2022-09-14 18:43:58.839324,2022-09-14 18:55:06.822757,0:11:07.990480,18.8,16.3
2022-09-14 18:43:58.826754,2022-09-14 18:43:58.839305,2022-09-14 18:55:06.829686,0:11:08.002871,25.0,16.3
2022-09-14 18:43:58.814443,2022-09-14 18:43:58.839348,2022-09-14 18:55:06.840365,0:11:08.025870,16.7,16.3
2022-09-14 18:43:58.815181,2022-09-14 18:43:58.839118,2022-09-14 18:55:06.899418,0:11:08.084179,16.7,16.3
2022-09-14 18:43:58.886529,2022-09-14 18:43:58.887542,2022-09-14 18:55:06.910925,0:11:08.024342,16.7,16.3
2022-09-14 18:43:58.877149,2022-09-14 18:43:58.878291,2022-09-14 18:55:06.935333,0:11:08.058130,20.0,16.3
2022-09-14 18:43:58.887193,2022-09-14 18:43:58.910125,2022-09-14 18:55:06.981855,0:11:08.094605,14.8,16.3
2022-09-14 18:43:58.876758,2022-09-14 18:43:58.904522,2022-09-14 18:55:06.987255,0:11:08.110444,33.3,16.3
2022-09-14 18:43:58.903859,2022-09-14 18:43:58.927305,2022-09-14 18:55:07.000813,0:11:08.096900,12.5,16.3
2022-09-14 18:43:58.909875,2022-09-14 18:43:58.910839,2022-09-14 18:55:07.018630,0:11:08.108702,20.0,16.3
2022-09-14 18:43:58.876952,2022-09-14 18:43:58.888148,2022-09-14 18:55:07.026992,0:11:08.149988,20.0,16.3
2022-09-14 18:43:58.892788,2022-09-14 18:43:58.910580,2022-09-14 18:55:07.037072,0:11:08.144234,16.7,16.3
2022-09-14 18:43:58.886894,2022-09-14 18:43:58.899245,2022-09-14 18:55:07.056195,0:11:08.169251,23.1,16.3
2022-09-14 18:43:58.948711,2022-09-14 18:43:58.955603,2022-09-14 18:55:07.105936,0:11:08.157170,14.3,16.3
2022-09-14 18:43:58.887063,2022-09-14 18:43:58.893644,2022-09-14 18:55:07.119262,0:11:08.232143,25.0,16.3
2022-09-14 18:43:58.954367,2022-09-14 18:43:58.966310,2022-09-14 18:55:07.124739,0:11:08.170317,25.0,16.3
2022-09-14 18:43:58.937445,2022-09-14 18:43:58.938372,2022-09-14 18:55:07.132868,0:11:08.195372,20.0,16.3
2022-09-14 18:43:58.943265,2022-09-14 18:43:58.966364,2022-09-14 18:55:07.170049,0:11:08.226731,18.2,16.3
2022-09-14 18:43:58.954918,2022-09-14 18:43:58.972773,2022-09-14 18:55:07.178202,0:11:08.223232,20.0,16.3
2022-09-14 18:43:58.954530,2022-09-14 18:43:58.966310,2022-09-14 18:55:07.194394,0:11:08.239807,20.0,16.3
2022-09-14 18:43:58.966206,2022-09-14 18:43:58.978497,2022-09-14 18:55:07.214924,0:11:08.248664,16.7,16.3
2022-09-14 18:43:58.948878,2022-09-14 18:43:58.979071,2022-09-14 18:55:07.223112,0:11:08.274182,20.0,16.3
2022-09-14 18:43:58.965980,2022-09-14 18:43:58.978678,2022-09-14 18:55:07.258377,0:11:08.292336,15.0,16.3
2022-09-14 18:43:59.000867,2022-09-14 18:43:59.001904,2022-09-14 18:55:07.268750,0:11:08.267825,16.7,16.3
2022-09-14 18:43:59.017494,2022-09-14 18:43:59.024272,2022-09-14 18:55:07.308591,0:11:08.291033,20.8,16.3
2022-09-14 18:43:58.989530,2022-09-14 18:43:58.996222,2022-09-14 18:55:07.330545,0:11:08.340954,21.4,16.3
2022-09-14 18:43:59.006528,2022-09-14 18:43:59.024396,2022-09-14 18:55:07.362730,0:11:08.356111,15.8,16.3
2022-09-14 18:43:59.017648,2022-09-14 18:43:59.024236,2022-09-14 18:55:07.371028,0:11:08.353323,20.0,16.3
2022-09-14 18:43:59.017349,2022-09-14 18:43:59.024602,2022-09-14 18:55:07.390552,0:11:08.373142,18.2,16.3
2022-09-14 18:43:59.023244,2022-09-14 18:43:59.030191,2022-09-14 18:55:07.405258,0:11:08.381952,12.5,16.3
2022-09-14 18:43:59.029406,2022-09-14 18:43:59.041044,2022-09-14 18:55:07.423498,0:11:08.394032,25.0,16.3
2022-09-14 18:43:59.017137,2022-09-14 18:43:59.030554,2022-09-14 18:55:07.431839,0:11:08.414646,20.0,16.3
2022-09-14 18:43:59.068367,2022-09-14 18:43:59.069501,2022-09-14 18:55:07.459900,0:11:08.391470,17.6,16.3
2022-09-14 18:43:59.045674,2022-09-14 18:43:59.047565,2022-09-14 18:55:07.471709,0:11:08.425969,16.7,16.3
2022-09-14 18:43:59.085545,2022-09-14 18:43:59.092138,2022-09-14 18:55:07.545763,0:11:08.460153,15.9,16.3
2022-09-14 18:43:59.091176,2022-09-14 18:43:59.092181,2022-09-14 18:55:07.553939,0:11:08.462704,33.3,16.3
2022-09-14 18:43:59.074091,2022-09-14 18:43:59.086570,2022-09-14 18:55:07.569802,0:11:08.495647,20.0,16.3
2022-09-14 18:43:59.085428,2022-09-14 18:43:59.113348,2022-09-14 18:55:07.590533,0:11:08.505042,16.7,16.3
2022-09-14 18:43:59.063056,2022-09-14 18:43:59.086448,2022-09-14 18:55:07.633775,0:11:08.570660,16.0,16.3
2022-09-14 18:43:59.079778,2022-09-14 18:43:59.092090,2022-09-14 18:55:07.648032,0:11:08.568194,30.0,16.3
2022-09-14 18:43:59.080151,2022-09-14 18:43:59.086665,2022-09-14 18:55:07.682434,0:11:08.602219,15.0,16.3
2022-09-14 18:43:59.129232,2022-09-14 18:43:59.136009,2022-09-14 18:55:07.705659,0:11:08.576365,15.4,16.3
2022-09-14 18:43:59.151324,2022-09-14 18:43:59.163490,2022-09-14 18:55:07.720838,0:11:08.569452,22.2,16.3
2022-09-14 18:43:59.112347,2022-09-14 18:43:59.130007,2022-09-14 18:55:07.728249,0:11:08.615842,33.3,16.3
2022-09-14 18:43:59.101771,2022-09-14 18:43:59.151520,2022-09-14 18:55:07.743011,0:11:08.641178,12.5,16.3
2022-09-14 18:43:59.150182,2022-09-14 18:43:59.151253,2022-09-14 18:55:07.765261,0:11:08.615016,15.4,16.3
2022-09-14 18:43:59.162262,2022-09-14 18:43:59.163490,2022-09-14 18:55:07.779498,0:11:08.617172,33.3,16.3
2022-09-14 18:43:59.184652,2022-09-14 18:43:59.185878,2022-09-14 18:55:07.793632,0:11:08.608921,12.5,16.3
2022-09-14 18:43:59.150591,2022-09-14 18:43:59.151547,2022-09-14 18:55:07.799232,0:11:08.648587,25.0,16.3
2022-09-14 18:43:59.151163,2022-09-14 18:43:59.163073,2022-09-14 18:55:07.814297,0:11:08.663080,12.5,16.3
2022-09-14 18:43:59.150464,2022-09-14 18:43:59.162981,2022-09-14 18:55:07.834745,0:11:08.684196,23.1,16.3
2022-09-14 18:43:59.150897,2022-09-14 18:43:59.168949,2022-09-14 18:55:07.840638,0:11:08.689688,25.0,16.3
2022-09-14 18:43:59.196309,2022-09-14 18:43:59.197521,2022-09-14 18:55:07.851741,0:11:08.655378,16.7,16.3
2022-09-14 18:43:59.184774,2022-09-14 18:43:59.203267,2022-09-14 18:55:07.939458,0:11:08.754620,17.0,16.3
2022-09-14 18:43:59.223716,2022-09-14 18:43:59.236273,2022-09-14 18:55:07.951213,0:11:08.727410,16.7,16.3
2022-09-14 18:43:59.213714,2022-09-14 18:43:59.225276,2022-09-14 18:55:07.969898,0:11:08.756120,10.0,16.3
2022-09-14 18:43:59.213573,2022-09-14 18:43:59.224882,2022-09-14 18:55:07.990879,0:11:08.777246,28.6,16.3
2022-09-14 18:43:59.224218,2022-09-14 18:43:59.225216,2022-09-14 18:55:07.996215,0:11:08.771942,0.0,16.3
2022-09-14 18:43:59.229625,2022-09-14 18:43:59.236209,2022-09-14 18:55:08.001449,0:11:08.771773,33.3,16.3
2022-09-14 18:43:59.223590,2022-09-14 18:43:59.230719,2022-09-14 18:55:08.024094,0:11:08.800453,15.4,16.3
2022-09-14 18:43:59.245826,2022-09-14 18:43:59.258032,2022-09-14 18:55:08.034150,0:11:08.788274,16.7,16.3
2022-09-14 18:43:59.213450,2022-09-14 18:43:59.225175,2022-09-14 18:55:08.048008,0:11:08.834507,22.2,16.3
2022-09-14 18:43:59.279202,2022-09-14 18:43:59.286261,2022-09-14 18:55:08.087336,0:11:08.808069,17.4,16.3
2022-09-14 18:43:59.262729,2022-09-14 18:43:59.268829,2022-09-14 18:55:08.095954,0:11:08.833163,20.0,16.3
2022-09-14 18:43:59.246541,2022-09-14 18:43:59.286170,2022-09-14 18:55:08.111804,0:11:08.865205,11.1,16.3
2022-09-14 18:43:59.284495,2022-09-14 18:43:59.285960,2022-09-14 18:55:08.156574,0:11:08.872014,18.5,16.3
2022-09-14 18:43:59.278896,2022-09-14 18:43:59.298123,2022-09-14 18:55:08.162073,0:11:08.883121,0.0,16.3
2022-09-14 18:43:59.285000,2022-09-14 18:43:59.303531,2022-09-14 18:55:08.199553,0:11:08.914493,20.8,16.3
2022-09-14 18:43:59.291431,2022-09-14 18:43:59.303698,2022-09-14 18:55:08.212678,0:11:08.921185,14.3,16.3
2022-09-14 18:43:59.296894,2022-09-14 18:43:59.304298,2022-09-14 18:55:08.217942,0:11:08.920995,0.0,16.3
2022-09-14 18:43:59.313991,2022-09-14 18:43:59.320834,2022-09-14 18:55:08.231279,0:11:08.917238,22.2,16.3
2022-09-14 18:43:59.319841,2022-09-14 18:43:59.321111,2022-09-14 18:55:08.246927,0:11:08.927034,22.2,16.3
2022-09-14 18:43:59.285866,2022-09-14 18:43:59.303570,2022-09-14 18:55:08.257193,0:11:08.971275,0.0,16.3
2022-09-14 18:43:59.336351,2022-09-14 18:43:59.343481,2022-09-14 18:55:08.293950,0:11:08.957542,21.7,16.3
2022-09-14 18:43:59.342215,2022-09-14 18:43:59.343890,2022-09-14 18:55:08.338929,0:11:08.996654,21.4,16.3
2022-09-14 18:43:59.354123,2022-09-14 18:43:59.355698,2022-09-14 18:55:08.344304,0:11:08.990123,0.0,16.3
2022-09-14 18:43:59.348439,2022-09-14 18:43:59.349420,2022-09-14 18:55:08.352498,0:11:09.004005,20.0,16.3
2022-09-14 18:43:59.342023,2022-09-14 18:43:59.355604,2022-09-14 18:55:08.372906,0:11:09.030827,16.7,16.3
2022-09-14 18:43:59.353894,2022-09-14 18:43:59.355330,2022-09-14 18:55:08.378978,0:11:09.025025,33.3,16.3
2022-09-14 18:43:59.354613,2022-09-14 18:43:59.404261,2022-09-14 18:55:08.445185,0:11:09.090506,15.4,16.3
2022-09-14 18:43:59.414945,2022-09-14 18:43:59.416502,2022-09-14 18:55:08.464926,0:11:09.049919,23.1,16.3
2022-09-14 18:43:59.403591,2022-09-14 18:43:59.409842,2022-09-14 18:55:08.496935,0:11:09.093283,15.8,16.3
2022-09-14 18:43:59.387295,2022-09-14 18:43:59.404492,2022-09-14 18:55:08.510101,0:11:09.122745,25.0,16.3
2022-09-14 18:43:59.376643,2022-09-14 18:43:59.388359,2022-09-14 18:55:08.515684,0:11:09.138967,33.3,16.3
2022-09-14 18:43:59.397869,2022-09-14 18:43:59.427392,2022-09-14 18:55:08.533590,0:11:09.135665,18.2,16.3
2022-09-14 18:43:59.409224,2022-09-14 18:43:59.421933,2022-09-14 18:55:08.539022,0:11:09.129747,25.0,16.3
2022-09-14 18:43:59.415134,2022-09-14 18:43:59.433707,2022-09-14 18:55:08.567905,0:11:09.152713,17.6,16.3
2022-09-14 18:43:59.360510,2022-09-14 18:43:59.398972,2022-09-14 18:55:08.589830,0:11:09.229262,16.7,16.3
2022-09-14 18:43:59.420750,2022-09-14 18:43:59.434685,2022-09-14 18:55:08.610439,0:11:09.189629,16.7,16.3
2022-09-14 18:43:59.426983,2022-09-14 18:43:59.428355,2022-09-14 18:55:08.618550,0:11:09.191513,33.3,16.3
2022-09-14 18:43:59.426321,2022-09-14 18:43:59.427602,2022-09-14 18:55:08.634120,0:11:09.207745,11.1,16.3
2022-09-14 18:43:59.444625,2022-09-14 18:43:59.450821,2022-09-14 18:55:08.681643,0:11:09.236952,17.9,16.3
2022-09-14 18:43:59.474800,2022-09-14 18:43:59.476068,2022-09-14 18:55:08.708311,0:11:09.233448,18.7,16.3
2022-09-14 18:43:59.486018,2022-09-14 18:43:59.498518,2022-09-14 18:55:08.751164,0:11:09.265083,19.2,16.3
2022-09-14 18:43:59.463223,2022-09-14 18:43:59.464692,2022-09-14 18:55:08.767445,0:11:09.304159,11.1,16.3
2022-09-14 18:43:59.480489,2022-09-14 18:43:59.487113,2022-09-14 18:55:08.777700,0:11:09.297145,16.7,16.3
2022-09-14 18:43:59.475005,2022-09-14 18:43:59.493043,2022-09-14 18:55:08.786058,0:11:09.310997,20.0,16.3
2022-09-14 18:43:59.497789,2022-09-14 18:43:59.504489,2022-09-14 18:55:08.799791,0:11:09.301946,22.2,16.3
2022-09-14 18:43:59.486409,2022-09-14 18:43:59.498956,2022-09-14 18:55:08.810748,0:11:09.324269,16.7,16.3
2022-09-14 18:43:59.450196,2022-09-14 18:43:59.476040,2022-09-14 18:55:08.816992,0:11:09.366743,25.0,16.3
2022-09-14 18:43:59.515856,2022-09-14 18:43:59.528101,2022-09-14 18:55:08.872034,0:11:09.356113,22.9,16.3
2022-09-14 18:43:59.509695,2022-09-14 18:43:59.522204,2022-09-14 18:55:08.882834,0:11:09.373075,20.0,16.3
2022-09-14 18:43:59.491786,2022-09-14 18:43:59.498518,2022-09-14 18:55:08.892932,0:11:09.401088,16.7,16.3
2022-09-14 18:43:59.538101,2022-09-14 18:43:59.539070,2022-09-14 18:55:08.901094,0:11:09.362936,20.0,16.3
2022-09-14 18:43:59.526920,2022-09-14 18:43:59.539070,2022-09-14 18:55:08.922289,0:11:09.395306,16.7,16.3
2022-09-14 18:43:59.555645,2022-09-14 18:43:59.557259,2022-09-14 18:55:08.966315,0:11:09.410606,19.2,16.3
2022-09-14 18:43:59.544255,2022-09-14 18:43:59.545285,2022-09-14 18:55:08.985840,0:11:09.441523,25.0,16.3
2022-09-14 18:43:59.561558,2022-09-14 18:43:59.562819,2022-09-14 18:55:09.001113,0:11:09.439492,20.0,16.3
2022-09-14 18:43:59.573096,2022-09-14 18:43:59.574093,2022-09-14 18:55:09.018181,0:11:09.445023,20.0,16.3
2022-09-14 18:43:59.555831,2022-09-14 18:43:59.562819,2022-09-14 18:55:09.030747,0:11:09.474831,25.0,16.3
2022-09-14 18:43:59.556082,2022-09-14 18:43:59.568347,2022-09-14 18:55:09.038975,0:11:09.482838,25.0,16.3
2022-09-14 18:43:59.562035,2022-09-14 18:43:59.568347,2022-09-14 18:55:09.051500,0:11:09.489409,14.3,16.3
2022-09-14 18:43:59.591217,2022-09-14 18:43:59.592611,2022-09-14 18:55:09.098603,0:11:09.507321,17.9,16.3
2022-09-14 18:43:59.618392,2022-09-14 18:43:59.625034,2022-09-14 18:55:09.149939,0:11:09.531484,19.4,16.3
2022-09-14 18:43:59.624466,2022-09-14 18:43:59.625432,2022-09-14 18:55:09.160864,0:11:09.536321,16.7,16.3
2022-09-14 18:43:59.624137,2022-09-14 18:43:59.631282,2022-09-14 18:55:09.169788,0:11:09.545587,33.3,16.3
2022-09-14 18:43:59.618202,2022-09-14 18:43:59.631282,2022-09-14 18:55:09.184925,0:11:09.566664,30.0,16.3
2022-09-14 18:43:59.623968,2022-09-14 18:43:59.631066,2022-09-14 18:55:09.193630,0:11:09.569604,20.0,16.3
2022-09-14 18:43:59.580130,2022-09-14 18:43:59.592601,2022-09-14 18:55:09.202486,0:11:09.622297,20.0,16.3
2022-09-14 18:43:59.602327,2022-09-14 18:43:59.608742,2022-09-14 18:55:09.218895,0:11:09.616509,20.0,16.3
2022-09-14 18:43:59.635985,2022-09-14 18:43:59.648203,2022-09-14 18:55:09.245353,0:11:09.609301,18.7,16.3
2022-09-14 18:43:59.618628,2022-09-14 18:43:59.624820,2022-09-14 18:55:09.251315,0:11:09.632629,33.3,16.3
2022-09-14 18:43:59.646510,2022-09-14 18:43:59.648835,2022-09-14 18:55:09.281208,0:11:09.634633,21.1,16.3
2022-09-14 18:43:59.665018,2022-09-14 18:43:59.665980,2022-09-14 18:55:09.296615,0:11:09.631513,22.2,16.3
2022-09-14 18:43:59.653576,2022-09-14 18:43:59.666016,2022-09-14 18:55:09.302503,0:11:09.648873,25.0,16.3
2022-09-14 18:43:59.681893,2022-09-14 18:43:59.699517,2022-09-14 18:55:09.379656,0:11:09.697698,17.8,16.3
2022-09-14 18:43:59.681742,2022-09-14 18:43:59.699274,2022-09-14 18:55:09.388238,0:11:09.706440,20.0,16.3
2022-09-14 18:43:59.692710,2022-09-14 18:43:59.699517,2022-09-14 18:55:09.406276,0:11:09.713511,20.0,16.2
2022-09-14 18:43:59.698172,2022-09-14 18:43:59.700034,2022-09-14 18:55:09.412067,0:11:09.713844,25.0,16.2
2022-09-14 18:43:59.698518,2022-09-14 18:43:59.699517,2022-09-14 18:55:09.430923,0:11:09.732351,25.0,16.2
2022-09-14 18:43:59.692411,2022-09-14 18:43:59.710448,2022-09-14 18:55:09.451660,0:11:09.759190,16.7,16.2
2022-09-14 18:43:59.709662,2022-09-14 18:43:59.716056,2022-09-14 18:55:09.473021,0:11:09.763294,16.7,16.2
2022-09-14 18:43:59.699089,2022-09-14 18:43:59.722288,2022-09-14 18:55:09.489526,0:11:09.790374,20.0,16.2
2022-09-14 18:43:59.715730,2022-09-14 18:43:59.728064,2022-09-14 18:55:09.510616,0:11:09.794824,23.1,16.2
2022-09-14 18:43:59.743171,2022-09-14 18:43:59.749705,2022-09-14 18:55:09.524428,0:11:09.781193,25.0,16.2
2022-09-14 18:43:59.742805,2022-09-14 18:43:59.749705,2022-09-14 18:55:09.553636,0:11:09.810769,17.6,16.2
2022-09-14 18:43:59.754545,2022-09-14 18:43:59.772141,2022-09-14 18:55:09.594843,0:11:09.840234,20.0,16.2
2022-09-14 18:43:59.771292,2022-09-14 18:43:59.773403,2022-09-14 18:55:09.603649,0:11:09.832298,20.0,16.2
2022-09-14 18:43:59.754701,2022-09-14 18:43:59.756020,2022-09-14 18:55:09.618942,0:11:09.864181,12.5,16.2
2022-09-14 18:43:59.771845,2022-09-14 18:43:59.773444,2022-09-14 18:55:09.639222,0:11:09.867317,23.1,16.2
2022-09-14 18:43:59.755337,2022-09-14 18:43:59.772140,2022-09-14 18:55:09.645061,0:11:09.889669,0.0,16.2
2022-09-14 18:43:59.771450,2022-09-14 18:43:59.778808,2022-09-14 18:55:09.657619,0:11:09.886116,25.0,16.2
2022-09-14 18:43:59.772316,2022-09-14 18:43:59.773480,2022-09-14 18:55:09.672754,0:11:09.900380,22.2,16.2
2022-09-14 18:43:59.783576,2022-09-14 18:43:59.801145,2022-09-14 18:55:09.707319,0:11:09.923673,19.0,16.2
2022-09-14 18:43:59.817079,2022-09-14 18:43:59.818349,2022-09-14 18:55:09.729366,0:11:09.912221,16.7,16.2
2022-09-14 18:43:59.834508,2022-09-14 18:43:59.835500,2022-09-14 18:55:09.775158,0:11:09.940589,24.1,16.2
2022-09-14 18:43:59.805750,2022-09-14 18:43:59.818194,2022-09-14 18:55:09.786656,0:11:09.980852,14.3,16.2
2022-09-14 18:43:59.816915,2022-09-14 18:43:59.824610,2022-09-14 18:55:09.795351,0:11:09.978385,33.3,16.2
2022-09-14 18:43:59.817616,2022-09-14 18:43:59.824610,2022-09-14 18:55:09.806842,0:11:09.989173,16.7,16.2
2022-09-14 18:43:59.806245,2022-09-14 18:43:59.818016,2022-09-14 18:55:09.812611,0:11:10.006317,25.0,16.2
2022-09-14 18:43:59.840452,2022-09-14 18:43:59.841381,2022-09-14 18:55:09.837619,0:11:09.997116,14.3,16.2
2022-09-14 18:43:59.840958,2022-09-14 18:43:59.853220,2022-09-14 18:55:09.855914,0:11:10.014907,25.0,16.2
2022-09-14 18:43:59.834717,2022-09-14 18:43:59.835720,2022-09-14 18:55:09.880741,0:11:10.045972,20.0,16.2
2022-09-14 18:43:59.868218,2022-09-14 18:43:59.869423,2022-09-14 18:55:09.911541,0:11:10.043271,16.7,16.2
2022-09-14 18:43:59.880525,2022-09-14 18:43:59.891539,2022-09-14 18:55:09.930684,0:11:10.050101,25.0,16.2
2022-09-14 18:43:59.868559,2022-09-14 18:43:59.870163,2022-09-14 18:55:09.936431,0:11:10.067821,0.0,16.2
2022-09-14 18:43:59.880207,2022-09-14 18:43:59.891359,2022-09-14 18:55:09.947815,0:11:10.067557,14.3,16.2
2022-09-14 18:43:59.868732,2022-09-14 18:43:59.875456,2022-09-14 18:55:09.968954,0:11:10.100168,16.7,16.2
2022-09-14 18:43:59.896071,2022-09-14 18:43:59.902661,2022-09-14 18:55:10.013778,0:11:10.117652,19.2,16.2
2022-09-14 18:43:59.879982,2022-09-14 18:43:59.914074,2022-09-14 18:55:10.024692,0:11:10.144646,28.6,16.2
2022-09-14 18:43:59.907796,2022-09-14 18:43:59.914734,2022-09-14 18:55:10.033579,0:11:10.125728,33.3,16.2
2022-09-14 18:43:59.907526,2022-09-14 18:43:59.920292,2022-09-14 18:55:10.050386,0:11:10.142810,18.2,16.2
2022-09-14 18:43:59.935525,2022-09-14 18:43:59.937165,2022-09-14 18:55:10.097820,0:11:10.162243,20.7,16.2
2022-09-14 18:43:59.947177,2022-09-14 18:43:59.959847,2022-09-14 18:55:10.132170,0:11:10.184931,19.0,16.2
2022-09-14 18:43:59.936253,2022-09-14 18:43:59.937597,2022-09-14 18:55:10.137660,0:11:10.201351,0.0,16.2
2022-09-14 18:43:59.947501,2022-09-14 18:43:59.959724,2022-09-14 18:55:10.145847,0:11:10.198295,50.0,16.2
2022-09-14 18:43:59.935748,2022-09-14 18:43:59.948565,2022-09-14 18:55:10.172733,0:11:10.236933,18.7,16.2
2022-09-14 18:43:59.958169,2022-09-14 18:43:59.959342,2022-09-14 18:55:10.180770,0:11:10.222551,20.0,16.2
2022-09-14 18:43:59.901971,2022-09-14 18:43:59.914735,2022-09-14 18:55:10.188806,0:11:10.286786,0.0,16.2
2022-09-14 18:43:59.969991,2022-09-14 18:43:59.976441,2022-09-14 18:55:10.200936,0:11:10.230895,28.6,16.2
2022-09-14 18:43:59.958633,2022-09-14 18:43:59.971002,2022-09-14 18:55:10.212926,0:11:10.254244,14.3,16.2
2022-09-14 18:43:59.975976,2022-09-14 18:43:59.977061,2022-09-14 18:55:10.229847,0:11:10.253819,20.0,16.2
2022-09-14 18:43:59.998511,2022-09-14 18:44:00.004917,2022-09-14 18:55:10.256074,0:11:10.257512,18.8,16.2
2022-09-14 18:43:59.998378,2022-09-14 18:44:00.005329,2022-09-14 18:55:10.268294,0:11:10.269864,25.0,16.2
2022-09-14 18:44:00.015735,2022-09-14 18:44:00.016762,2022-09-14 18:55:10.310482,0:11:10.294696,16.7,16.2
2022-09-14 18:44:00.010068,2022-09-14 18:44:00.022186,2022-09-14 18:55:10.327378,0:11:10.317254,20.0,16.2
2022-09-14 18:43:59.976425,2022-09-14 18:44:00.005099,2022-09-14 18:55:10.337763,0:11:10.361287,0.0,16.2
2022-09-14 18:44:00.010231,2022-09-14 18:44:00.038990,2022-09-14 18:55:10.362516,0:11:10.352229,20.0,16.2
2022-09-14 18:44:00.021631,2022-09-14 18:44:00.022536,2022-09-14 18:55:10.391714,0:11:10.370022,17.6,16.2
2022-09-14 18:44:00.038279,2022-09-14 18:44:00.045051,2022-09-14 18:55:10.399746,0:11:10.361414,20.0,16.2
2022-09-14 18:44:00.026989,2022-09-14 18:44:00.045142,2022-09-14 18:55:10.411705,0:11:10.384658,16.7,16.2
2022-09-14 18:44:00.055430,2022-09-14 18:44:00.056419,2022-09-14 18:55:10.444928,0:11:10.389445,23.8,16.2
2022-09-14 18:44:00.060970,2022-09-14 18:44:00.067658,2022-09-14 18:55:10.465270,0:11:10.404242,16.7,16.2
2022-09-14 18:44:00.044053,2022-09-14 18:44:00.067658,2022-09-14 18:55:10.487465,0:11:10.443361,21.4,16.2
2022-09-14 18:44:00.072618,2022-09-14 18:44:00.087524,2022-09-14 18:55:10.512323,0:11:10.439654,21.4,16.2
2022-09-14 18:44:00.081042,2022-09-14 18:44:00.082137,2022-09-14 18:55:10.517680,0:11:10.436583,0.0,16.2
2022-09-14 18:44:00.072801,2022-09-14 18:44:00.088236,2022-09-14 18:55:10.531752,0:11:10.458898,22.2,16.2
2022-09-14 18:44:00.092752,2022-09-14 18:44:00.093825,2022-09-14 18:55:10.541899,0:11:10.449096,20.0,16.2
2022-09-14 18:44:00.066643,2022-09-14 18:44:00.067621,2022-09-14 18:55:10.561497,0:11:10.494799,23.1,16.2
2022-09-14 18:44:00.087354,2022-09-14 18:44:00.110945,2022-09-14 18:55:10.614513,0:11:10.527102,18.8,16.2
2022-09-14 18:44:00.115879,2022-09-14 18:44:00.127096,2022-09-14 18:55:10.637643,0:11:10.521708,26.7,16.2
2022-09-14 18:44:00.099023,2022-09-14 18:44:00.116627,2022-09-14 18:55:10.652093,0:11:10.553013,25.0,16.2
2022-09-14 18:44:00.147861,2022-09-14 18:44:00.148832,2022-09-14 18:55:10.690903,0:11:10.542990,20.8,16.2
2022-09-14 18:44:00.126349,2022-09-14 18:44:00.143431,2022-09-14 18:55:10.707143,0:11:10.580742,11.1,16.2
2022-09-14 18:44:00.142522,2022-09-14 18:44:00.149113,2022-09-14 18:55:10.719461,0:11:10.576887,25.0,16.2
2022-09-14 18:44:00.104799,2022-09-14 18:44:00.127129,2022-09-14 18:55:10.727393,0:11:10.622544,0.0,16.2
2022-09-14 18:44:00.163750,2022-09-14 18:44:00.164832,2022-09-14 18:55:10.762599,0:11:10.598798,19.0,16.2
2022-09-14 18:44:00.169474,2022-09-14 18:44:00.170654,2022-09-14 18:55:10.768291,0:11:10.598768,0.0,16.2
2022-09-14 18:44:00.164035,2022-09-14 18:44:00.170218,2022-09-14 18:55:10.776483,0:11:10.612381,20.0,16.2
2022-09-14 18:44:00.148731,2022-09-14 18:44:00.159086,2022-09-14 18:55:10.784595,0:11:10.635811,20.0,16.2
2022-09-14 18:44:00.170207,2022-09-14 18:44:00.171248,2022-09-14 18:55:10.802697,0:11:10.632434,20.0,16.2
2022-09-14 18:44:00.181714,2022-09-14 18:44:00.183218,2022-09-14 18:55:10.820889,0:11:10.639125,18.2,16.2
2022-09-14 18:44:00.136980,2022-09-14 18:44:00.171496,2022-09-14 18:55:10.863050,0:11:10.726000,16.7,16.2
2022-09-14 18:44:00.204608,2022-09-14 18:44:00.205729,2022-09-14 18:55:10.877233,0:11:10.672575,12.5,16.2
2022-09-14 18:44:00.188342,2022-09-14 18:44:00.205761,2022-09-14 18:55:10.892388,0:11:10.703996,22.2,16.2
2022-09-14 18:44:00.198973,2022-09-14 18:44:00.205729,2022-09-14 18:55:10.931509,0:11:10.732484,17.4,16.2
2022-09-14 18:44:00.226245,2022-09-14 18:44:00.233344,2022-09-14 18:55:10.943646,0:11:10.717349,14.3,16.2
2022-09-14 18:44:00.231840,2022-09-14 18:44:00.238833,2022-09-14 18:55:10.953709,0:11:10.721812,16.7,16.2
2022-09-14 18:44:00.220750,2022-09-14 18:44:00.227038,2022-09-14 18:55:10.978435,0:11:10.757633,20.0,16.2
2022-09-14 18:44:00.232423,2022-09-14 18:44:00.233549,2022-09-14 18:55:10.984182,0:11:10.751708,0.0,16.2
2022-09-14 18:44:00.243696,2022-09-14 18:44:00.250960,2022-09-14 18:55:11.012237,0:11:10.768487,23.5,16.2
2022-09-14 18:44:00.232194,2022-09-14 18:44:00.238964,2022-09-14 18:55:11.022584,0:11:10.790338,0.0,16.2
2022-09-14 18:44:00.244190,2022-09-14 18:44:00.245424,2022-09-14 18:55:11.045629,0:11:10.801386,26.7,16.2
2022-09-14 18:44:00.255505,2022-09-14 18:44:00.256862,2022-09-14 18:55:11.053979,0:11:10.798423,33.3,16.2
2022-09-14 18:44:00.266955,2022-09-14 18:44:00.283674,2022-09-14 18:55:11.086155,0:11:10.819149,23.8,16.2
2022-09-14 18:44:00.261499,2022-09-14 18:44:00.283446,2022-09-14 18:55:11.102196,0:11:10.840648,20.0,16.2
2022-09-14 18:44:00.300441,2022-09-14 18:44:00.301377,2022-09-14 18:55:11.134673,0:11:10.834173,16.7,16.2
2022-09-14 18:44:00.288164,2022-09-14 18:44:00.289566,2022-09-14 18:55:11.150993,0:11:10.862778,20.0,16.2
2022-09-14 18:44:00.294208,2022-09-14 18:44:00.312090,2022-09-14 18:55:11.165920,0:11:10.871662,12.5,16.2
2022-09-14 18:44:00.288583,2022-09-14 18:44:00.295628,2022-09-14 18:55:11.171150,0:11:10.882518,33.3,16.2
2022-09-14 18:44:00.300098,2022-09-14 18:44:00.312491,2022-09-14 18:55:11.194034,0:11:10.893884,21.4,16.2
2022-09-14 18:44:00.311356,2022-09-14 18:44:00.312761,2022-09-14 18:55:11.212818,0:11:10.901411,25.0,16.2
2022-09-14 18:44:00.317633,2022-09-14 18:44:00.318637,2022-09-14 18:55:11.233646,0:11:10.915962,16.7,16.2
2022-09-14 18:44:00.328964,2022-09-14 18:44:00.341112,2022-09-14 18:55:11.260329,0:11:10.931314,23.5,16.2
2022-09-14 18:44:00.311554,2022-09-14 18:44:00.340937,2022-09-14 18:55:11.268735,0:11:10.957131,20.0,16.2
2022-09-14 18:44:00.340086,2022-09-14 18:44:00.341301,2022-09-14 18:55:11.285403,0:11:10.945267,20.0,16.2
2022-09-14 18:44:00.378533,2022-09-14 18:44:00.379652,2022-09-14 18:55:11.348170,0:11:10.969584,18.9,16.2
2022-09-14 18:44:00.356521,2022-09-14 18:44:00.379652,2022-09-14 18:55:11.359420,0:11:11.002844,14.3,16.2
2022-09-14 18:44:00.356850,2022-09-14 18:44:00.373852,2022-09-14 18:55:11.372074,0:11:11.015174,14.3,16.2
2022-09-14 18:44:00.356315,2022-09-14 18:44:00.373852,2022-09-14 18:55:11.380509,0:11:11.024145,20.0,16.2
2022-09-14 18:44:00.379031,2022-09-14 18:44:00.391501,2022-09-14 18:55:11.394857,0:11:11.015774,25.0,16.2
2022-09-14 18:44:00.373044,2022-09-14 18:44:00.374007,2022-09-14 18:55:11.410529,0:11:11.037434,11.1,16.2
2022-09-14 18:44:00.379200,2022-09-14 18:44:00.380200,2022-09-14 18:55:11.421335,0:11:11.042084,16.7,16.2
2022-09-14 18:44:00.390397,2022-09-14 18:44:00.397479,2022-09-14 18:55:11.435947,0:11:11.045499,22.2,16.2
2022-09-14 18:44:00.419168,2022-09-14 18:44:00.420731,2022-09-14 18:55:11.475624,0:11:11.056406,20.8,16.2
2022-09-14 18:44:00.362268,2022-09-14 18:44:00.363238,2022-09-14 18:55:11.488980,0:11:11.126661,14.3,16.2
2022-09-14 18:44:00.419649,2022-09-14 18:44:00.421553,2022-09-14 18:55:11.497492,0:11:11.077793,20.0,16.2
2022-09-14 18:44:00.402070,2022-09-14 18:44:00.409364,2022-09-14 18:55:11.520207,0:11:11.118087,26.7,16.2
2022-09-14 18:44:00.419332,2022-09-14 18:44:00.420605,2022-09-14 18:55:11.544546,0:11:11.125163,14.3,16.2
2022-09-14 18:44:00.431499,2022-09-14 18:44:00.432729,2022-09-14 18:55:11.555351,0:11:11.123803,16.7,16.2
2022-09-14 18:44:00.447911,2022-09-14 18:44:00.449240,2022-09-14 18:55:11.577963,0:11:11.130002,15.4,16.3
2022-09-14 18:44:00.442490,2022-09-14 18:44:00.449155,2022-09-14 18:55:11.600693,0:11:11.158146,26.7,16.3
2022-09-14 18:44:00.448055,2022-09-14 18:44:00.454763,2022-09-14 18:55:11.609383,0:11:11.161275,20.0,16.3
2022-09-14 18:44:00.459191,2022-09-14 18:44:00.477210,2022-09-14 18:55:11.676372,0:11:11.217128,20.0,16.2
2022-09-14 18:44:00.459556,2022-09-14 18:44:00.460530,2022-09-14 18:55:11.685040,0:11:11.225432,20.0,16.2
2022-09-14 18:44:00.498528,2022-09-14 18:44:00.499485,2022-09-14 18:55:11.693638,0:11:11.195059,20.0,16.2
2022-09-14 18:44:00.481926,2022-09-14 18:44:00.488625,2022-09-14 18:55:11.708343,0:11:11.226367,22.2,16.3
2022-09-14 18:44:00.475944,2022-09-14 18:44:00.483084,2022-09-14 18:55:11.718850,0:11:11.242856,16.7,16.3
2022-09-14 18:44:00.498920,2022-09-14 18:44:00.500028,2022-09-14 18:55:11.737353,0:11:11.238383,18.2,16.3
2022-09-14 18:44:00.482079,2022-09-14 18:44:00.488625,2022-09-14 18:55:11.747925,0:11:11.265795,28.6,16.3
2022-09-14 18:44:00.516498,2022-09-14 18:44:00.517474,2022-09-14 18:55:11.792545,0:11:11.275993,16.0,16.3
2022-09-14 18:44:00.510419,2022-09-14 18:44:00.511417,2022-09-14 18:55:11.801276,0:11:11.290801,20.0,16.3
2022-09-14 18:44:00.522128,2022-09-14 18:44:00.538720,2022-09-14 18:55:11.819083,0:11:11.296904,25.0,16.3
2022-09-14 18:44:00.504581,2022-09-14 18:44:00.505765,2022-09-14 18:55:11.824816,0:11:11.320185,33.3,16.3
2022-09-14 18:44:00.537915,2022-09-14 18:44:00.539171,2022-09-14 18:55:11.847480,0:11:11.309514,15.4,16.3
2022-09-14 18:44:00.544487,2022-09-14 18:44:00.550643,2022-09-14 18:55:11.877992,0:11:11.333455,16.7,16.3
2022-09-14 18:44:00.538510,2022-09-14 18:44:00.550643,2022-09-14 18:55:11.886678,0:11:11.348111,33.3,16.2
2022-09-14 18:44:00.560767,2022-09-14 18:44:00.566941,2022-09-14 18:55:11.913524,0:11:11.352706,13.3,16.3
2022-09-14 18:44:00.582515,2022-09-14 18:44:00.583530,2022-09-14 18:55:11.925282,0:11:11.342718,28.6,16.3
2022-09-14 18:44:00.583505,2022-09-14 18:44:00.584479,2022-09-14 18:55:11.946614,0:11:11.363059,15.4,16.3
2022-09-14 18:44:00.600166,2022-09-14 18:44:00.601259,2022-09-14 18:55:11.972275,0:11:11.372059,29.4,16.3
2022-09-14 18:44:00.566208,2022-09-14 18:44:00.577994,2022-09-14 18:55:11.977694,0:11:11.411430,0.0,16.3
2022-09-14 18:44:00.576925,2022-09-14 18:44:00.584640,2022-09-14 18:55:11.990027,0:11:11.413052,25.0,16.3
2022-09-14 18:44:00.566348,2022-09-14 18:44:00.590115,2022-09-14 18:55:12.028376,0:11:11.461977,21.7,16.3
2022-09-14 18:44:00.622476,2022-09-14 18:44:00.623491,2022-09-14 18:55:12.044620,0:11:11.422094,11.1,16.2
2022-09-14 18:44:00.594624,2022-09-14 18:44:00.617770,2022-09-14 18:55:12.052815,0:11:11.458128,20.0,16.2
2022-09-14 18:44:00.622713,2022-09-14 18:44:00.623768,2022-09-14 18:55:12.079552,0:11:11.456786,18.7,16.2
2022-09-14 18:44:00.629461,2022-09-14 18:44:00.630413,2022-09-14 18:55:12.093530,0:11:11.464018,22.2,16.2
2022-09-14 18:44:00.628264,2022-09-14 18:44:00.629635,2022-09-14 18:55:12.111874,0:11:11.483559,20.0,16.2
2022-09-14 18:44:00.600027,2022-09-14 18:44:00.630367,2022-09-14 18:55:12.126040,0:11:11.525958,12.5,16.2
2022-09-14 18:44:00.640591,2022-09-14 18:44:00.647141,2022-09-14 18:55:12.158140,0:11:11.517497,27.3,16.2
2022-09-14 18:44:00.668065,2022-09-14 18:44:00.674456,2022-09-14 18:55:12.181290,0:11:11.513151,21.4,16.2
2022-09-14 18:44:00.662282,2022-09-14 18:44:00.674456,2022-09-14 18:55:12.199761,0:11:11.537428,27.3,16.3
2022-09-14 18:44:00.662429,2022-09-14 18:44:00.668888,2022-09-14 18:55:12.213700,0:11:11.551214,12.5,16.3
2022-09-14 18:44:00.673871,2022-09-14 18:44:00.675378,2022-09-14 18:55:12.223983,0:11:11.550062,28.6,16.3
2022-09-14 18:44:00.668204,2022-09-14 18:44:00.675726,2022-09-14 18:55:12.236119,0:11:11.567865,28.6,16.3
2022-09-14 18:44:00.692135,2022-09-14 18:44:00.693456,2022-09-14 18:55:12.282207,0:11:11.590022,17.9,16.3
2022-09-14 18:44:00.698368,2022-09-14 18:44:00.699362,2022-09-14 18:55:12.298364,0:11:11.599946,20.0,16.3
2022-09-14 18:44:00.685724,2022-09-14 18:44:00.693068,2022-09-14 18:55:12.306333,0:11:11.620559,25.0,16.3
2022-09-14 18:44:00.691858,2022-09-14 18:44:00.693252,2022-09-14 18:55:12.314788,0:11:11.622880,20.0,16.3
2022-09-14 18:44:00.725415,2022-09-14 18:44:00.726418,2022-09-14 18:55:12.344812,0:11:11.619348,35.3,16.3
2022-09-14 18:44:00.703894,2022-09-14 18:44:00.710043,2022-09-14 18:55:12.391444,0:11:11.687489,20.7,16.2
2022-09-14 18:44:00.742143,2022-09-14 18:44:00.754444,2022-09-14 18:55:12.419281,0:11:11.677072,18.7,16.2
2022-09-14 18:44:00.741676,2022-09-14 18:44:00.754196,2022-09-14 18:55:12.425065,0:11:11.683328,0.0,16.2
2022-09-14 18:44:00.753340,2022-09-14 18:44:00.754303,2022-09-14 18:55:12.444853,0:11:11.691455,18.2,16.2
2022-09-14 18:44:00.747807,2022-09-14 18:44:00.760166,2022-09-14 18:55:12.457164,0:11:11.709300,25.0,16.2
2022-09-14 18:44:00.741901,2022-09-14 18:44:00.754195,2022-09-14 18:55:12.468021,0:11:11.726063,28.6,16.2
2022-09-14 18:44:00.730829,2022-09-14 18:44:00.760275,2022-09-14 18:55:12.487268,0:11:11.756379,18.2,16.2
2022-09-14 18:44:00.764918,2022-09-14 18:44:00.772857,2022-09-14 18:55:12.517507,0:11:11.752528,17.6,16.2
2022-09-14 18:44:00.759049,2022-09-14 18:44:00.766247,2022-09-14 18:55:12.538060,0:11:11.778955,23.1,16.2
2022-09-14 18:44:00.765107,2022-09-14 18:44:00.772943,2022-09-14 18:55:12.549218,0:11:11.784060,16.7,16.2
2022-09-14 18:44:00.793508,2022-09-14 18:44:00.794583,2022-09-14 18:55:12.561900,0:11:11.768343,22.2,16.2
2022-09-14 18:44:00.788195,2022-09-14 18:44:00.799982,2022-09-14 18:55:12.574184,0:11:11.785940,28.6,16.2
2022-09-14 18:44:00.805377,2022-09-14 18:44:00.806850,2022-09-14 18:55:12.615685,0:11:11.810248,23.1,16.2
2022-09-14 18:44:00.804820,2022-09-14 18:44:00.806936,2022-09-14 18:55:12.621301,0:11:11.816431,0.0,16.2
2022-09-14 18:44:00.812012,2022-09-14 18:44:00.813112,2022-09-14 18:55:12.651801,0:11:11.839737,21.1,16.2
2022-09-14 18:44:00.822905,2022-09-14 18:44:00.829095,2022-09-14 18:55:12.665792,0:11:11.842836,14.3,16.2
2022-09-14 18:44:00.805573,2022-09-14 18:44:00.807232,2022-09-14 18:55:12.692093,0:11:11.886470,18.7,16.2
2022-09-14 18:44:00.828292,2022-09-14 18:44:00.850807,2022-09-14 18:55:12.716486,0:11:11.888143,20.0,16.3
2022-09-14 18:44:00.849198,2022-09-14 18:44:00.850697,2022-09-14 18:55:12.732555,0:11:11.883306,22.2,16.3
2022-09-14 18:44:00.849519,2022-09-14 18:44:00.850858,2022-09-14 18:55:12.740811,0:11:11.891241,0.0,16.3
2022-09-14 18:44:00.855933,2022-09-14 18:44:00.856964,2022-09-14 18:55:12.781572,0:11:11.925583,20.0,16.3
2022-09-14 18:44:00.849745,2022-09-14 18:44:00.851297,2022-09-14 18:55:12.789625,0:11:11.939828,25.0,16.3
2022-09-14 18:44:00.866919,2022-09-14 18:44:00.868750,2022-09-14 18:55:12.802820,0:11:11.935845,22.2,16.3
2022-09-14 18:44:00.867156,2022-09-14 18:44:00.868142,2022-09-14 18:55:12.841853,0:11:11.974638,13.6,16.3
2022-09-14 18:44:00.867697,2022-09-14 18:44:00.874419,2022-09-14 18:55:12.868580,0:11:12.000828,33.3,16.3
2022-09-14 18:44:00.911877,2022-09-14 18:44:00.912861,2022-09-14 18:55:12.876528,0:11:11.964599,20.0,16.3
2022-09-14 18:44:00.889790,2022-09-14 18:44:00.906964,2022-09-14 18:55:12.896661,0:11:12.006820,16.7,16.3
2022-09-14 18:44:00.911276,2022-09-14 18:44:00.919187,2022-09-14 18:55:12.924855,0:11:12.013528,18.7,16.3
2022-09-14 18:44:00.917765,2022-09-14 18:44:00.930288,2022-09-14 18:55:12.933026,0:11:12.015211,20.0,16.3
2022-09-14 18:44:00.890029,2022-09-14 18:44:00.896445,2022-09-14 18:55:12.940976,0:11:12.050897,20.0,16.3
2022-09-14 18:44:00.911682,2022-09-14 18:44:00.913137,2022-09-14 18:55:12.952228,0:11:12.040490,16.7,16.3
2022-09-14 18:44:00.890158,2022-09-14 18:44:00.901716,2022-09-14 18:55:12.969568,0:11:12.079359,20.0,16.3
2022-09-14 18:44:00.935175,2022-09-14 18:44:00.941792,2022-09-14 18:55:13.028010,0:11:12.092781,19.4,16.3
2022-09-14 18:44:00.934706,2022-09-14 18:44:00.942075,2022-09-14 18:55:13.052755,0:11:12.117995,15.4,16.3
2022-09-14 18:44:00.962971,2022-09-14 18:44:00.964410,2022-09-14 18:55:13.060769,0:11:12.097747,20.0,16.3
2022-09-14 18:44:00.929113,2022-09-14 18:44:00.941703,2022-09-14 18:55:13.096889,0:11:12.167706,18.2,16.3
2022-09-14 18:44:00.974232,2022-09-14 18:44:00.986652,2022-09-14 18:55:13.102209,0:11:12.127925,33.3,16.3
2022-09-14 18:44:00.952464,2022-09-14 18:44:00.964263,2022-09-14 18:55:13.110477,0:11:12.157963,20.0,16.3
2022-09-14 18:44:00.974028,2022-09-14 18:44:00.980723,2022-09-14 18:55:13.121476,0:11:12.147394,16.7,16.3
2022-09-14 18:44:00.952232,2022-09-14 18:44:00.964164,2022-09-14 18:55:13.126923,0:11:12.174640,25.0,16.3
2022-09-14 18:44:00.979879,2022-09-14 18:44:00.986156,2022-09-14 18:55:13.137336,0:11:12.157401,20.0,16.3
2022-09-14 18:44:01.007741,2022-09-14 18:44:01.014562,2022-09-14 18:55:13.190991,0:11:12.183192,20.6,16.3
2022-09-14 18:44:00.991580,2022-09-14 18:44:01.015025,2022-09-14 18:55:13.196599,0:11:12.204967,0.0,16.3
2022-09-14 18:44:00.985671,2022-09-14 18:44:01.025819,2022-09-14 18:55:13.208935,0:11:12.223213,25.0,16.3
2022-09-14 18:44:01.013995,2022-09-14 18:44:01.015025,2022-09-14 18:55:13.217802,0:11:12.203756,20.0,16.3
2022-09-14 18:44:01.025151,2022-09-14 18:44:01.048577,2022-09-14 18:55:13.287868,0:11:12.262662,20.9,16.3
2022-09-14 18:44:01.041522,2022-09-14 18:44:01.054501,2022-09-14 18:55:13.298601,0:11:12.257026,16.7,16.3
2022-09-14 18:44:01.041851,2022-09-14 18:44:01.048827,2022-09-14 18:55:13.303876,0:11:12.261975,33.3,16.3
2022-09-14 18:44:01.036009,2022-09-14 18:44:01.049074,2022-09-14 18:55:13.311939,0:11:12.275881,20.0,16.3
2022-09-14 18:44:01.086371,2022-09-14 18:44:01.087305,2022-09-14 18:55:13.342268,0:11:12.255845,16.7,16.3
2022-09-14 18:44:01.041678,2022-09-14 18:44:01.048785,2022-09-14 18:55:13.353299,0:11:12.311570,37.5,16.3
2022-09-14 18:44:01.036179,2022-09-14 18:44:01.048080,2022-09-14 18:55:13.358951,0:11:12.322722,33.3,16.3
2022-09-14 18:44:01.047293,2022-09-14 18:44:01.048237,2022-09-14 18:55:13.380964,0:11:12.333620,15.4,16.3
2022-09-14 18:44:01.102853,2022-09-14 18:44:01.104073,2022-09-14 18:55:13.420388,0:11:12.317484,16.7,16.3
2022-09-14 18:44:01.075571,2022-09-14 18:44:01.103808,2022-09-14 18:55:13.431550,0:11:12.355924,37.5,16.3
2022-09-14 18:44:01.059071,2022-09-14 18:44:01.076335,2022-09-14 18:55:13.439682,0:11:12.380554,0.0,16.3
2022-09-14 18:44:01.115219,2022-09-14 18:44:01.116288,2022-09-14 18:55:13.470029,0:11:12.354759,16.7,16.3
2022-09-14 18:44:01.102704,2022-09-14 18:44:01.104708,2022-09-14 18:55:13.492234,0:11:12.389472,23.1,16.3
2022-09-14 18:44:01.103423,2022-09-14 18:44:01.110481,2022-09-14 18:55:13.500281,0:11:12.396809,20.0,16.3
2022-09-14 18:44:01.109151,2022-09-14 18:44:01.116687,2022-09-14 18:55:13.514450,0:11:12.405250,12.5,16.3
2022-09-14 18:44:01.109309,2022-09-14 18:44:01.127935,2022-09-14 18:55:13.528262,0:11:12.418904,25.0,16.3
2022-09-14 18:44:01.086192,2022-09-14 18:44:01.115806,2022-09-14 18:55:13.554404,0:11:12.468163,13.3,16.3
2022-09-14 18:44:01.154132,2022-09-14 18:44:01.160776,2022-09-14 18:55:13.614752,0:11:12.460548,19.4,16.3
2022-09-14 18:44:01.153655,2022-09-14 18:44:01.160720,2022-09-14 18:55:13.620160,0:11:12.466456,0.0,16.3
2022-09-14 18:44:01.159594,2022-09-14 18:44:01.161081,2022-09-14 18:55:13.635148,0:11:12.475504,22.2,16.3
2022-09-14 18:44:01.165934,2022-09-14 18:44:01.172164,2022-09-14 18:55:13.661330,0:11:12.495346,20.0,16.3
2022-09-14 18:44:01.165543,2022-09-14 18:44:01.172531,2022-09-14 18:55:13.671220,0:11:12.505627,28.6,16.3
2022-09-14 18:44:01.121314,2022-09-14 18:44:01.166554,2022-09-14 18:55:13.684570,0:11:12.563207,14.3,16.3
2022-09-14 18:44:01.171771,2022-09-14 18:44:01.173062,2022-09-14 18:55:13.695389,0:11:12.523568,16.7,16.3
2022-09-14 18:44:01.172188,2022-09-14 18:44:01.173353,2022-09-14 18:55:13.712072,0:11:12.539833,20.0,16.3
2022-09-14 18:44:01.183419,2022-09-14 18:44:01.184671,2022-09-14 18:55:13.717313,0:11:12.533845,0.0,16.3
2022-09-14 18:44:01.171336,2022-09-14 18:44:01.185546,2022-09-14 18:55:13.735562,0:11:12.564176,18.2,16.3
2022-09-14 18:44:01.183264,2022-09-14 18:44:01.185158,2022-09-14 18:55:13.745590,0:11:12.562278,20.0,16.3
2022-09-14 18:44:01.222805,2022-09-14 18:44:01.229970,2022-09-14 18:55:13.785844,0:11:12.562979,20.0,16.3
2022-09-14 18:44:01.228367,2022-09-14 18:44:01.229322,2022-09-14 18:55:13.813814,0:11:12.585395,18.7,16.3
2022-09-14 18:44:01.222622,2022-09-14 18:44:01.236024,2022-09-14 18:55:13.822095,0:11:12.599423,33.3,16.3
2022-09-14 18:44:01.252044,2022-09-14 18:44:01.253484,2022-09-14 18:55:13.862754,0:11:12.610646,24.0,16.3
2022-09-14 18:44:01.251877,2022-09-14 18:44:01.253718,2022-09-14 18:55:13.876112,0:11:12.624186,12.5,16.3
2022-09-14 18:44:01.228700,2022-09-14 18:44:01.230377,2022-09-14 18:55:13.881503,0:11:12.652753,0.0,16.3
2022-09-14 18:44:01.251383,2022-09-14 18:44:01.253107,2022-09-14 18:55:13.889787,0:11:12.638353,33.3,16.3
2022-09-14 18:44:01.235062,2022-09-14 18:44:01.246811,2022-09-14 18:55:13.895066,0:11:12.659956,25.0,16.3
2022-09-14 18:44:01.228900,2022-09-14 18:44:01.229878,2022-09-14 18:55:13.913250,0:11:12.684300,27.3,16.3
2022-09-14 18:44:01.285051,2022-09-14 18:44:01.286240,2022-09-14 18:55:13.953970,0:11:12.668868,20.0,16.2
2022-09-14 18:44:01.284912,2022-09-14 18:44:01.286335,2022-09-14 18:55:13.961940,0:11:12.676978,20.0,16.2
2022-09-14 18:44:01.269389,2022-09-14 18:44:01.280471,2022-09-14 18:55:13.992357,0:11:12.722917,22.2,16.2
2022-09-14 18:44:01.296201,2022-09-14 18:44:01.302916,2022-09-14 18:55:14.018899,0:11:12.722647,18.7,16.2
2022-09-14 18:44:01.296565,2022-09-14 18:44:01.308346,2022-09-14 18:55:14.030104,0:11:12.733489,16.7,16.2
2022-09-14 18:44:01.314007,2022-09-14 18:44:01.314982,2022-09-14 18:55:14.050843,0:11:12.736785,23.1,16.2
2022-09-14 18:44:01.302183,2022-09-14 18:44:01.308221,2022-09-14 18:55:14.061502,0:11:12.759268,28.6,16.3
2022-09-14 18:44:01.296086,2022-09-14 18:44:01.308579,2022-09-14 18:55:14.096166,0:11:12.800028,19.0,16.3
2022-09-14 18:44:01.313595,2022-09-14 18:44:01.332003,2022-09-14 18:55:14.112539,0:11:12.798893,20.0,16.3
2022-09-14 18:44:01.330519,2022-09-14 18:44:01.331840,2022-09-14 18:55:14.123374,0:11:12.792804,16.7,16.3
2022-09-14 18:44:01.313437,2022-09-14 18:44:01.315423,2022-09-14 18:55:14.129034,0:11:12.815546,33.3,16.3
2022-09-14 18:44:01.363534,2022-09-14 18:44:01.365008,2022-09-14 18:55:14.170118,0:11:12.806531,16.7,16.3
2022-09-14 18:44:01.363697,2022-09-14 18:44:01.376073,2022-09-14 18:55:14.204391,0:11:12.840639,19.0,16.3
2022-09-14 18:44:01.352448,2022-09-14 18:44:01.353608,2022-09-14 18:55:14.215855,0:11:12.863354,16.7,16.3
2022-09-14 18:44:01.380982,2022-09-14 18:44:01.387084,2022-09-14 18:55:14.240060,0:11:12.859026,20.0,16.3
2022-09-14 18:44:01.358204,2022-09-14 18:44:01.365201,2022-09-14 18:55:14.245292,0:11:12.887038,0.0,16.3
2022-09-14 18:44:01.369696,2022-09-14 18:44:01.387267,2022-09-14 18:55:14.269465,0:11:12.899719,25.0,16.3
2022-09-14 18:44:01.380534,2022-09-14 18:44:01.393379,2022-09-14 18:55:14.283542,0:11:12.902959,22.2,16.3
2022-09-14 18:44:01.386581,2022-09-14 18:44:01.398875,2022-09-14 18:55:14.301634,0:11:12.915004,11.1,16.3
2022-09-14 18:44:01.380714,2022-09-14 18:44:01.387886,2022-09-14 18:55:14.325981,0:11:12.945213,20.0,16.3
2022-09-14 18:44:01.392583,2022-09-14 18:44:01.421016,2022-09-14 18:55:14.334200,0:11:12.941567,33.3,16.3
2022-09-14 18:44:01.435050,2022-09-14 18:44:01.436616,2022-09-14 18:55:14.382436,0:11:12.947335,17.9,16.3
2022-09-14 18:44:01.420036,2022-09-14 18:44:01.436113,2022-09-14 18:55:14.393411,0:11:12.973326,28.6,16.3
2022-09-14 18:44:01.425805,2022-09-14 18:44:01.427509,2022-09-14 18:55:14.398651,0:11:12.972796,0.0,16.3
2022-09-14 18:44:01.425973,2022-09-14 18:44:01.427137,2022-09-14 18:55:14.406625,0:11:12.980604,25.0,16.3
2022-09-14 18:44:01.419870,2022-09-14 18:44:01.426693,2022-09-14 18:55:14.414824,0:11:12.994906,20.0,16.3
2022-09-14 18:44:01.452850,2022-09-14 18:44:01.454657,2022-09-14 18:55:14.473155,0:11:13.020249,17.6,16.3
2022-09-14 18:44:01.447165,2022-09-14 18:44:01.454239,2022-09-14 18:55:14.483234,0:11:13.036017,28.6,16.3
2022-09-14 18:44:01.453632,2022-09-14 18:44:01.454941,2022-09-14 18:55:14.508080,0:11:13.054396,14.3,16.3
2022-09-14 18:44:01.459560,2022-09-14 18:44:01.470992,2022-09-14 18:55:14.513308,0:11:13.053692,0.0,16.3
2022-09-14 18:44:01.441197,2022-09-14 18:44:01.454926,2022-09-14 18:55:14.523483,0:11:13.082237,33.3,16.3
2022-09-14 18:44:01.481091,2022-09-14 18:44:01.482278,2022-09-14 18:55:14.561529,0:11:13.080387,20.8,16.3
2022-09-14 18:44:01.498431,2022-09-14 18:44:01.510365,2022-09-14 18:55:14.583884,0:11:13.085403,23.1,16.3
2022-09-14 18:44:01.492361,2022-09-14 18:44:01.499731,2022-09-14 18:55:14.591865,0:11:13.099455,20.0,16.3
2022-09-14 18:44:01.486793,2022-09-14 18:44:01.510330,2022-09-14 18:55:14.608477,0:11:13.121635,20.0,16.3
2022-09-14 18:44:01.492730,2022-09-14 18:44:01.516166,2022-09-14 18:55:14.636117,0:11:13.143338,18.7,16.3
2022-09-14 18:44:01.515016,2022-09-14 18:44:01.522228,2022-09-14 18:55:14.659164,0:11:13.144098,15.4,16.3
2022-09-14 18:44:01.521150,2022-09-14 18:44:01.522228,2022-09-14 18:55:14.664451,0:11:13.143252,25.0,16.3
2022-09-14 18:44:01.515836,2022-09-14 18:44:01.528220,2022-09-14 18:55:14.688392,0:11:13.172506,15.4,16.3
2022-09-14 18:44:01.533179,2022-09-14 18:44:01.550684,2022-09-14 18:55:14.716824,0:11:13.183591,22.2,16.3
2022-09-14 18:44:01.526691,2022-09-14 18:44:01.533630,2022-09-14 18:55:14.728715,0:11:13.201965,14.3,16.3
2022-09-14 18:44:01.544203,2022-09-14 18:44:01.550325,2022-09-14 18:55:14.757219,0:11:13.212948,23.5,16.3
2022-09-14 18:44:01.577100,2022-09-14 18:44:01.578637,2022-09-14 18:55:14.788774,0:11:13.211608,20.0,16.3
2022-09-14 18:44:01.549958,2022-09-14 18:44:01.567115,2022-09-14 18:55:14.804968,0:11:13.254960,30.0,16.3
2022-09-14 18:44:01.555256,2022-09-14 18:44:01.578420,2022-09-14 18:55:14.835169,0:11:13.279863,16.7,16.3
2022-09-14 18:44:01.578233,2022-09-14 18:44:01.585298,2022-09-14 18:55:14.867340,0:11:13.289058,20.0,16.3
2022-09-14 18:44:01.583866,2022-09-14 18:44:01.596936,2022-09-14 18:55:14.879511,0:11:13.295595,16.7,16.3
2022-09-14 18:44:01.577679,2022-09-14 18:44:01.585298,2022-09-14 18:55:14.887821,0:11:13.310093,20.0,16.3
2022-09-14 18:44:01.577384,2022-09-14 18:44:01.584897,2022-09-14 18:55:14.896218,0:11:13.318785,20.0,16.3
2022-09-14 18:44:01.589738,2022-09-14 18:44:01.590652,2022-09-14 18:55:14.908309,0:11:13.318522,14.3,16.3
2022-09-14 18:44:01.595760,2022-09-14 18:44:01.602568,2022-09-14 18:55:14.920215,0:11:13.324389,28.6,16.3
2022-09-14 18:44:01.607267,2022-09-14 18:44:01.630739,2022-09-14 18:55:14.997205,0:11:13.389884,17.4,16.3
2022-09-14 18:44:01.618751,2022-09-14 18:44:01.647170,2022-09-14 18:55:15.007299,0:11:13.388495,33.3,16.3
2022-09-14 18:44:01.624218,2022-09-14 18:44:01.636224,2022-09-14 18:55:15.019333,0:11:13.395063,14.3,16.3
2022-09-14 18:44:01.640766,2022-09-14 18:44:01.653503,2022-09-14 18:55:15.027521,0:11:13.386705,20.0,16.3
2022-09-14 18:44:01.646169,2022-09-14 18:44:01.653323,2022-09-14 18:55:15.035649,0:11:13.389431,0.0,16.3
2022-09-14 18:44:01.646391,2022-09-14 18:44:01.653000,2022-09-14 18:55:15.053492,0:11:13.407052,20.0,16.3
2022-09-14 18:44:01.640906,2022-09-14 18:44:01.652627,2022-09-14 18:55:15.082927,0:11:13.441965,21.1,16.3
2022-09-14 18:44:01.669442,2022-09-14 18:44:01.676388,2022-09-14 18:55:15.099999,0:11:13.430504,11.1,16.3
2022-09-14 18:44:01.669272,2022-09-14 18:44:01.676307,2022-09-14 18:55:15.120490,0:11:13.451162,25.0,16.3
2022-09-14 18:44:01.640601,2022-09-14 18:44:01.653148,2022-09-14 18:55:15.133039,0:11:13.492387,14.3,16.3
2022-09-14 18:44:01.674981,2022-09-14 18:44:01.676517,2022-09-14 18:55:15.143466,0:11:13.468434,16.7,16.3
2022-09-14 18:44:01.686300,2022-09-14 18:44:01.687338,2022-09-14 18:55:15.165611,0:11:13.479259,15.4,16.3
2022-09-14 18:44:01.713724,2022-09-14 18:44:01.714823,2022-09-14 18:55:15.228850,0:11:13.515072,20.5,16.3
2022-09-14 18:44:01.724647,2022-09-14 18:44:01.731911,2022-09-14 18:55:15.239876,0:11:13.515177,16.7,16.3
2022-09-14 18:44:01.703153,2022-09-14 18:44:01.725733,2022-09-14 18:55:15.247355,0:11:13.544151,25.0,16.3
2022-09-14 18:44:01.703018,2022-09-14 18:44:01.731997,2022-09-14 18:55:15.255317,0:11:13.552249,20.0,16.3
2022-09-14 18:44:01.736777,2022-09-14 18:44:01.738328,2022-09-14 18:55:15.283351,0:11:13.546522,17.6,16.3
2022-09-14 18:44:01.713580,2022-09-14 18:44:01.726146,2022-09-14 18:55:15.294329,0:11:13.580699,16.7,16.3
2022-09-14 18:44:01.724319,2022-09-14 18:44:01.725811,2022-09-14 18:55:15.299638,0:11:13.575271,50.0,16.3
2022-09-14 18:44:01.737343,2022-09-14 18:44:01.749004,2022-09-14 18:55:15.315676,0:11:13.578277,20.0,16.3
2022-09-14 18:44:01.730679,2022-09-14 18:44:01.731616,2022-09-14 18:55:15.323659,0:11:13.592931,0.0,16.3
2022-09-14 18:44:01.748419,2022-09-14 18:44:01.755901,2022-09-14 18:55:15.369755,0:11:13.621283,21.4,16.3
2022-09-14 18:44:01.797490,2022-09-14 18:44:01.798493,2022-09-14 18:55:15.405966,0:11:13.608425,18.2,16.3
2022-09-14 18:44:01.776282,2022-09-14 18:44:01.777308,2022-09-14 18:55:15.423172,0:11:13.646840,20.0,16.3
2022-09-14 18:44:01.798430,2022-09-14 18:44:01.799612,2022-09-14 18:55:15.453126,0:11:13.654645,17.6,16.3
2022-09-14 18:44:01.797763,2022-09-14 18:44:01.805026,2022-09-14 18:55:15.470045,0:11:13.672232,27.3,16.3
2022-09-14 18:44:01.798085,2022-09-14 18:44:01.799501,2022-09-14 18:55:15.480027,0:11:13.681891,28.6,16.3
2022-09-14 18:44:01.765687,2022-09-14 18:44:01.777348,2022-09-14 18:55:15.490131,0:11:13.724395,28.6,16.3
2022-09-14 18:44:01.770987,2022-09-14 18:44:01.782608,2022-09-14 18:55:15.500099,0:11:13.729063,16.7,16.3
2022-09-14 18:44:01.798260,2022-09-14 18:44:01.805192,2022-09-14 18:55:15.512312,0:11:13.714002,16.7,16.3
2022-09-14 18:44:01.809901,2022-09-14 18:44:01.821631,2022-09-14 18:55:15.530461,0:11:13.720511,18.2,16.3
2022-09-14 18:44:01.820900,2022-09-14 18:44:01.821885,2022-09-14 18:55:15.550750,0:11:13.729784,16.7,16.3
2022-09-14 18:44:01.841619,2022-09-14 18:44:01.854037,2022-09-14 18:55:15.568692,0:11:13.727017,20.0,16.3
2022-09-14 18:44:01.842240,2022-09-14 18:44:01.848626,2022-09-14 18:55:15.592518,0:11:13.750229,14.3,16.3
2022-09-14 18:44:01.858894,2022-09-14 18:44:01.870774,2022-09-14 18:55:15.618822,0:11:13.759877,20.0,16.3
2022-09-14 18:44:01.864462,2022-09-14 18:44:01.871084,2022-09-14 18:55:15.626736,0:11:13.762210,20.0,16.3
2022-09-14 18:44:01.859087,2022-09-14 18:44:01.871697,2022-09-14 18:55:15.636795,0:11:13.777660,16.7,16.3
2022-09-14 18:44:01.870145,2022-09-14 18:44:01.877066,2022-09-14 18:55:15.675114,0:11:13.804915,21.7,16.3
2022-09-14 18:44:01.864622,2022-09-14 18:44:01.877662,2022-09-14 18:55:15.685284,0:11:13.820612,16.7,16.3
2022-09-14 18:44:01.882491,2022-09-14 18:44:01.883575,2022-09-14 18:55:15.702508,0:11:13.819969,20.0,16.3
2022-09-14 18:44:01.870374,2022-09-14 18:44:01.883541,2022-09-14 18:55:15.713355,0:11:13.842931,16.7,16.3
2022-09-14 18:44:01.882363,2022-09-14 18:44:01.890190,2022-09-14 18:55:15.733634,0:11:13.851221,16.7,16.3
2022-09-14 18:44:01.921047,2022-09-14 18:44:01.922416,2022-09-14 18:55:15.782122,0:11:13.861023,22.6,16.3
2022-09-14 18:44:01.927106,2022-09-14 18:44:01.928263,2022-09-14 18:55:15.800419,0:11:13.873261,20.0,16.3
2022-09-14 18:44:01.927611,2022-09-14 18:44:01.928986,2022-09-14 18:55:15.808425,0:11:13.880764,20.0,16.3
2022-09-14 18:44:01.905379,2022-09-14 18:44:01.921997,2022-09-14 18:55:15.824593,0:11:13.919164,20.0,16.3
2022-09-14 18:44:01.905496,2022-09-14 18:44:01.922585,2022-09-14 18:55:15.834506,0:11:13.928960,16.7,16.3
2022-09-14 18:44:01.921324,2022-09-14 18:44:01.928545,2022-09-14 18:55:15.852651,0:11:13.931277,20.0,16.3
2022-09-14 18:44:01.933845,2022-09-14 18:44:01.935246,2022-09-14 18:55:15.872343,0:11:13.938444,16.7,16.3
2022-09-14 18:44:01.971741,2022-09-14 18:44:01.978396,2022-09-14 18:55:15.925443,0:11:13.953652,16.7,16.3
2022-09-14 18:44:01.945694,2022-09-14 18:44:01.972530,2022-09-14 18:55:15.933408,0:11:13.987663,20.0,16.3
2022-09-14 18:44:01.977275,2022-09-14 18:44:01.978990,2022-09-14 18:55:15.947580,0:11:13.970257,22.2,16.3
2022-09-14 18:44:01.934071,2022-09-14 18:44:01.961797,2022-09-14 18:55:15.958354,0:11:14.024232,16.7,16.3
2022-09-14 18:44:01.945515,2022-09-14 18:44:01.961990,2022-09-14 18:55:15.963776,0:11:14.018212,50.0,16.3
2022-09-14 18:44:01.983463,2022-09-14 18:44:01.984978,2022-09-14 18:55:15.988227,0:11:14.004714,20.0,16.3
2022-09-14 18:44:01.995140,2022-09-14 18:44:01.996386,2022-09-14 18:55:16.000348,0:11:14.005158,25.0,16.3
2022-09-14 18:44:02.000906,2022-09-14 18:44:02.018854,2022-09-14 18:55:16.044652,0:11:14.043695,20.0,16.3
2022-09-14 18:44:01.995012,2022-09-14 18:44:02.013344,2022-09-14 18:55:16.063109,0:11:14.068047,25.0,16.3
2022-09-14 18:44:02.017788,2022-09-14 18:44:02.019506,2022-09-14 18:55:16.083085,0:11:14.065247,16.7,16.3
2022-09-14 18:44:02.012179,2022-09-14 18:44:02.019087,2022-09-14 18:55:16.096338,0:11:14.084109,14.3,16.3
2022-09-14 18:44:02.045581,2022-09-14 18:44:02.052068,2022-09-14 18:55:16.129355,0:11:14.083719,20.0,16.3
2022-09-14 18:44:02.051330,2022-09-14 18:44:02.052480,2022-09-14 18:55:16.146836,0:11:14.095453,20.0,16.3
2022-09-14 18:44:02.006847,2022-09-14 18:44:02.018776,2022-09-14 18:55:16.169844,0:11:14.162946,21.4,16.3
2022-09-14 18:44:02.039990,2022-09-14 18:44:02.051947,2022-09-14 18:55:16.214505,0:11:14.174460,18.5,16.3
2022-09-14 18:44:02.062476,2022-09-14 18:44:02.074929,2022-09-14 18:55:16.224789,0:11:14.162261,16.7,16.3
2022-09-14 18:44:02.067965,2022-09-14 18:44:02.075298,2022-09-14 18:55:16.234736,0:11:14.166706,20.0,16.3
2022-09-14 18:44:02.057086,2022-09-14 18:44:02.075747,2022-09-14 18:55:16.250826,0:11:14.193689,11.1,16.3
2022-09-14 18:44:02.056924,2022-09-14 18:44:02.074846,2022-09-14 18:55:16.264903,0:11:14.207929,22.2,16.3
2022-09-14 18:44:02.006607,2022-09-14 18:44:02.075032,2022-09-14 18:55:16.276798,0:11:14.270141,28.6,16.3
2022-09-14 18:44:02.073800,2022-09-14 18:44:02.075876,2022-09-14 18:55:16.287972,0:11:14.214123,14.3,16.3
2022-09-14 18:44:02.073637,2022-09-14 18:44:02.075297,2022-09-14 18:55:16.298873,0:11:14.225186,16.7,16.3
2022-09-14 18:44:02.125021,2022-09-14 18:44:02.126474,2022-09-14 18:55:16.355464,0:11:14.230391,20.6,16.3
2022-09-14 18:44:02.113555,2022-09-14 18:44:02.125767,2022-09-14 18:55:16.369410,0:11:14.255804,12.5,16.3
2022-09-14 18:44:02.119404,2022-09-14 18:44:02.125767,2022-09-14 18:55:16.377560,0:11:14.258107,20.0,16.3
2022-09-14 18:44:02.081419,2022-09-14 18:44:02.114356,2022-09-14 18:55:16.394096,0:11:14.312626,20.0,16.3
2022-09-14 18:44:02.125288,2022-09-14 18:44:02.126358,2022-09-14 18:55:16.404484,0:11:14.279145,33.3,16.3
2022-09-14 18:44:02.119120,2022-09-14 18:44:02.132105,2022-09-14 18:55:16.429752,0:11:14.310558,18.7,16.3
2022-09-14 18:44:02.136805,2022-09-14 18:44:02.144054,2022-09-14 18:55:16.457586,0:11:14.320729,18.7,16.3
2022-09-14 18:44:02.119264,2022-09-14 18:44:02.126429,2022-09-14 18:55:16.465555,0:11:14.346239,20.0,16.3
2022-09-14 18:44:02.143644,2022-09-14 18:44:02.150136,2022-09-14 18:55:16.473653,0:11:14.329960,25.0,16.3
2022-09-14 18:44:02.137170,2022-09-14 18:44:02.138427,2022-09-14 18:55:16.483799,0:11:14.346580,44.4,16.3
2022-09-14 18:44:02.137489,2022-09-14 18:44:02.172228,2022-09-14 18:55:16.508034,0:11:14.370495,14.3,16.3
2022-09-14 18:44:02.176929,2022-09-14 18:44:02.184329,2022-09-14 18:55:16.538242,0:11:14.361263,22.2,16.3
2022-09-14 18:44:02.189029,2022-09-14 18:44:02.195381,2022-09-14 18:55:16.586445,0:11:14.397365,17.2,16.3
2022-09-14 18:44:02.182443,2022-09-14 18:44:02.201195,2022-09-14 18:55:16.594513,0:11:14.412021,25.0,16.3
2022-09-14 18:44:02.182890,2022-09-14 18:44:02.183957,2022-09-14 18:55:16.618886,0:11:14.435944,20.0,16.3
2022-09-14 18:44:02.199773,2022-09-14 18:44:02.201629,2022-09-14 18:55:16.627151,0:11:14.427328,20.0,16.3
2022-09-14 18:44:02.182281,2022-09-14 18:44:02.195263,2022-09-14 18:55:16.645137,0:11:14.462806,20.0,16.3
2022-09-14 18:44:02.194277,2022-09-14 18:44:02.200967,2022-09-14 18:55:16.659250,0:11:14.464917,22.2,16.3
2022-09-14 18:44:02.199963,2022-09-14 18:44:02.212822,2022-09-14 18:55:16.677170,0:11:14.477158,18.2,16.3
2022-09-14 18:44:02.200667,2022-09-14 18:44:02.212794,2022-09-14 18:55:16.685295,0:11:14.484561,25.0,16.3
2022-09-14 18:44:02.211594,2022-09-14 18:44:02.213392,2022-09-14 18:55:16.697803,0:11:14.486157,14.3,16.3
2022-09-14 18:44:02.239744,2022-09-14 18:44:02.251748,2022-09-14 18:55:16.758019,0:11:14.518223,18.9,16.3
2022-09-14 18:44:02.262423,2022-09-14 18:44:02.263484,2022-09-14 18:55:16.780615,0:11:14.518121,21.4,16.3
2022-09-14 18:44:02.245575,2022-09-14 18:44:02.262990,2022-09-14 18:55:16.797449,0:11:14.551823,20.0,16.3
2022-09-14 18:44:02.251212,2022-09-14 18:44:02.263131,2022-09-14 18:55:16.802878,0:11:14.551616,25.0,16.3
2022-09-14 18:44:02.261761,2022-09-14 18:44:02.269092,2022-09-14 18:55:16.823172,0:11:14.561360,18.2,16.3
2022-09-14 18:44:02.261608,2022-09-14 18:44:02.263131,2022-09-14 18:55:16.831155,0:11:14.569496,20.0,16.3
2022-09-14 18:44:02.261929,2022-09-14 18:44:02.269212,2022-09-14 18:55:16.839119,0:11:14.577141,20.0,16.3
2022-09-14 18:44:02.269106,2022-09-14 18:44:02.270283,2022-09-14 18:55:16.847007,0:11:14.577852,20.0,16.3
2022-09-14 18:44:02.250959,2022-09-14 18:44:02.263041,2022-09-14 18:55:16.855331,0:11:14.604323,0.0,16.3
2022-09-14 18:44:02.302553,2022-09-14 18:44:02.314551,2022-09-14 18:55:16.923246,0:11:14.620628,19.5,16.3
2022-09-14 18:44:02.291465,2022-09-14 18:44:02.297965,2022-09-14 18:55:16.928803,0:11:14.637277,0.0,16.3
2022-09-14 18:44:02.314497,2022-09-14 18:44:02.315504,2022-09-14 18:55:16.945240,0:11:14.630685,20.0,16.3
2022-09-14 18:44:02.313738,2022-09-14 18:44:02.315271,2022-09-14 18:55:16.981716,0:11:14.667915,19.0,16.3
2022-09-14 18:44:02.325945,2022-09-14 18:44:02.343104,2022-09-14 18:55:16.998216,0:11:14.672217,20.0,16.3
2022-09-14 18:44:02.336571,2022-09-14 18:44:02.353639,2022-09-14 18:55:17.016697,0:11:14.680065,18.2,16.3
2022-09-14 18:44:02.336734,2022-09-14 18:44:02.353598,2022-09-14 18:55:17.028762,0:11:14.691977,28.6,16.3
2022-09-14 18:44:02.314021,2022-09-14 18:44:02.315458,2022-09-14 18:55:17.048989,0:11:14.734917,23.1,16.3
2022-09-14 18:44:02.342160,2022-09-14 18:44:02.380565,2022-09-14 18:55:17.077363,0:11:14.735153,17.6,16.3
2022-09-14 18:44:02.380470,2022-09-14 18:44:02.381657,2022-09-14 18:55:17.098052,0:11:14.717531,23.1,16.3
2022-09-14 18:44:02.342502,2022-09-14 18:44:02.353639,2022-09-14 18:55:17.103281,0:11:14.760730,33.3,16.3
2022-09-14 18:44:02.379836,2022-09-14 18:44:02.382141,2022-09-14 18:55:17.121499,0:11:14.741611,18.2,16.3
2022-09-14 18:44:02.363850,2022-09-14 18:44:02.380796,2022-09-14 18:55:17.151159,0:11:14.787259,17.6,16.3
2022-09-14 18:44:02.407726,2022-09-14 18:44:02.419366,2022-09-14 18:55:17.188230,0:11:14.780453,18.2,16.3
2022-09-14 18:44:02.387121,2022-09-14 18:44:02.388057,2022-09-14 18:55:17.196589,0:11:14.809418,20.0,16.3
2022-09-14 18:44:02.407515,2022-09-14 18:44:02.419942,2022-09-14 18:55:17.210687,0:11:14.803112,22.2,16.3
2022-09-14 18:44:02.380966,2022-09-14 18:44:02.419663,2022-09-14 18:55:17.220932,0:11:14.839916,33.3,16.3
2022-09-14 18:44:02.380288,2022-09-14 18:44:02.382416,2022-09-14 18:55:17.232992,0:11:14.852655,14.3,16.3
2022-09-14 18:44:02.407887,2022-09-14 18:44:02.414186,2022-09-14 18:55:17.243190,0:11:14.835254,28.6,16.3
2022-09-14 18:44:02.397908,2022-09-14 18:44:02.420340,2022-09-14 18:55:17.261297,0:11:14.863340,11.1,16.3
2022-09-14 18:44:02.448301,2022-09-14 18:44:02.449278,2022-09-14 18:55:17.313919,0:11:14.865566,21.2,16.3
2022-09-14 18:44:02.459954,2022-09-14 18:44:02.460877,2022-09-14 18:55:17.321953,0:11:14.861949,33.3,16.3
2022-09-14 18:44:02.425618,2022-09-14 18:44:02.437879,2022-09-14 18:55:17.337973,0:11:14.912305,30.0,16.3
2022-09-14 18:44:02.442710,2022-09-14 18:44:02.454915,2022-09-14 18:55:17.348345,0:11:14.905585,28.6,16.3
2022-09-14 18:44:02.453881,2022-09-14 18:44:02.461106,2022-09-14 18:55:17.360610,0:11:14.906680,25.0,16.3
2022-09-14 18:44:02.442549,2022-09-14 18:44:02.461562,2022-09-14 18:55:17.368643,0:11:14.926046,0.0,16.3
2022-09-14 18:44:02.453693,2022-09-14 18:44:02.461833,2022-09-14 18:55:17.394615,0:11:14.940874,20.0,16.3
2022-09-14 18:44:02.489117,2022-09-14 18:44:02.490260,2022-09-14 18:55:17.427203,0:11:14.938032,15.8,16.3
2022-09-14 18:44:02.488896,2022-09-14 18:44:02.490260,2022-09-14 18:55:17.435294,0:11:14.946348,20.0,16.3
2022-09-14 18:44:02.472273,2022-09-14 18:44:02.473540,2022-09-14 18:55:17.463830,0:11:14.991506,17.6,16.3
2022-09-14 18:44:02.511278,2022-09-14 18:44:02.512314,2022-09-14 18:55:17.494154,0:11:14.982825,17.6,16.3
2022-09-14 18:44:02.522010,2022-09-14 18:44:02.523525,2022-09-14 18:55:17.512941,0:11:14.990880,18.2,16.3
2022-09-14 18:44:02.505698,2022-09-14 18:44:02.523957,2022-09-14 18:55:17.521482,0:11:15.015733,20.0,16.3
2022-09-14 18:44:02.505512,2022-09-14 18:44:02.523575,2022-09-14 18:55:17.540050,0:11:15.034488,25.0,16.3
2022-09-14 18:44:02.522578,2022-09-14 18:44:02.523525,2022-09-14 18:55:17.548455,0:11:15.025828,20.0,16.3
2022-09-14 18:44:02.489429,2022-09-14 18:44:02.512188,2022-09-14 18:55:17.557070,0:11:15.067590,20.0,16.3
2022-09-14 18:44:02.523232,2022-09-14 18:44:02.546617,2022-09-14 18:55:17.593803,0:11:15.070520,21.7,16.3
2022-09-14 18:44:02.551459,2022-09-14 18:44:02.552555,2022-09-14 18:55:17.628929,0:11:15.077418,19.0,16.3
2022-09-14 18:44:02.551315,2022-09-14 18:44:02.568301,2022-09-14 18:55:17.647400,0:11:15.096034,20.0,16.3
2022-09-14 18:44:02.562280,2022-09-14 18:44:02.568778,2022-09-14 18:55:17.692090,0:11:15.129756,21.4,16.3
2022-09-14 18:44:02.551720,2022-09-14 18:44:02.574727,2022-09-14 18:55:17.710795,0:11:15.159024,18.2,16.3
2022-09-14 18:44:02.573807,2022-09-14 18:44:02.586012,2022-09-14 18:55:17.719470,0:11:15.145613,20.0,16.3
2022-09-14 18:44:02.584801,2022-09-14 18:44:02.586012,2022-09-14 18:55:17.733887,0:11:15.149037,12.5,16.3
2022-09-14 18:44:02.567651,2022-09-14 18:44:02.568647,2022-09-14 18:55:17.746522,0:11:15.178821,25.0,16.3
2022-09-14 18:44:02.573181,2022-09-14 18:44:02.586013,2022-09-14 18:55:17.759301,0:11:15.186070,25.0,16.3
2022-09-14 18:44:02.591163,2022-09-14 18:44:02.592305,2022-09-14 18:55:17.777377,0:11:15.186165,20.0,16.3
2022-09-14 18:44:02.590694,2022-09-14 18:44:02.592512,2022-09-14 18:55:17.799091,0:11:15.208348,15.4,16.3
2022-09-14 18:44:02.617046,2022-09-14 18:44:02.618187,2022-09-14 18:55:17.826758,0:11:15.209641,18.7,16.3
2022-09-14 18:44:02.623168,2022-09-14 18:44:02.629241,2022-09-14 18:55:17.843203,0:11:15.219986,20.0,16.3
2022-09-14 18:44:02.616837,2022-09-14 18:44:02.618498,2022-09-14 18:55:17.855795,0:11:15.238907,14.3,16.3
2022-09-14 18:44:02.617717,2022-09-14 18:44:02.634433,2022-09-14 18:55:17.864229,0:11:15.246463,20.0,16.3
2022-09-14 18:44:02.633645,2022-09-14 18:44:02.634917,2022-09-14 18:55:17.894989,0:11:15.261293,21.1,16.3
2022-09-14 18:44:02.634691,2022-09-14 18:44:02.656555,2022-09-14 18:55:17.929927,0:11:15.295186,15.0,16.3
2022-09-14 18:44:02.655887,2022-09-14 18:44:02.662613,2022-09-14 18:55:17.942418,0:11:15.286482,28.6,16.3
2022-09-14 18:44:02.655563,2022-09-14 18:44:02.656595,2022-09-14 18:55:17.959002,0:11:15.303387,20.0,16.3
2022-09-14 18:44:02.656418,2022-09-14 18:44:02.662581,2022-09-14 18:55:17.967361,0:11:15.310893,0.0,16.3
2022-09-14 18:44:02.645244,2022-09-14 18:44:02.662581,2022-09-14 18:55:18.017307,0:11:15.372009,17.2,16.3
2022-09-14 18:44:02.684138,2022-09-14 18:44:02.696365,2022-09-14 18:55:18.042044,0:11:15.357854,20.0,16.3
2022-09-14 18:44:02.683745,2022-09-14 18:44:02.696586,2022-09-14 18:55:18.064747,0:11:15.380951,21.4,16.3
2022-09-14 18:44:02.684500,2022-09-14 18:44:02.690868,2022-09-14 18:55:18.076146,0:11:15.391595,37.5,16.3
2022-09-14 18:44:02.695180,2022-09-14 18:44:02.701755,2022-09-14 18:55:18.084689,0:11:15.389452,20.0,16.3
2022-09-14 18:44:02.701022,2022-09-14 18:44:02.707103,2022-09-14 18:55:18.096053,0:11:15.394982,14.3,16.3
2022-09-14 18:44:02.706326,2022-09-14 18:44:02.707294,2022-09-14 18:55:18.101685,0:11:15.395303,0.0,16.3
2022-09-14 18:44:02.684310,2022-09-14 18:44:02.696523,2022-09-14 18:55:18.107657,0:11:15.423298,25.0,16.3
2022-09-14 18:44:02.719366,2022-09-14 18:44:02.720358,2022-09-14 18:55:18.160441,0:11:15.441025,18.7,16.3
2022-09-14 18:44:02.724753,2022-09-14 18:44:02.731168,2022-09-14 18:55:18.182315,0:11:15.457511,16.7,16.3
2022-09-14 18:44:02.735579,2022-09-14 18:44:02.736622,2022-09-14 18:55:18.209937,0:11:15.474305,18.7,16.3
2022-09-14 18:44:02.768056,2022-09-14 18:44:02.774849,2022-09-14 18:55:18.254138,0:11:15.486030,21.4,16.3
2022-09-14 18:44:02.746363,2022-09-14 18:44:02.774292,2022-09-14 18:55:18.259546,0:11:15.513134,33.3,16.3
2022-09-14 18:44:02.773470,2022-09-14 18:44:02.774863,2022-09-14 18:55:18.264918,0:11:15.491399,0.0,16.3
2022-09-14 18:44:02.746209,2022-09-14 18:44:02.768601,2022-09-14 18:55:18.279078,0:11:15.532801,25.0,16.3
2022-09-14 18:44:02.757138,2022-09-14 18:44:02.758157,2022-09-14 18:55:18.313405,0:11:15.556214,19.0,16.3
2022-09-14 18:44:02.746028,2022-09-14 18:44:02.774469,2022-09-14 18:55:18.330691,0:11:15.584604,33.3,16.3
2022-09-14 18:44:02.785080,2022-09-14 18:44:02.797454,2022-09-14 18:55:18.359747,0:11:15.574613,17.6,16.3
2022-09-14 18:44:02.796191,2022-09-14 18:44:02.809568,2022-09-14 18:55:18.372704,0:11:15.576453,14.3,16.3
2022-09-14 18:44:02.796449,2022-09-14 18:44:02.803035,2022-09-14 18:55:18.378152,0:11:15.581652,33.3,16.3
2022-09-14 18:44:02.795926,2022-09-14 18:44:02.808502,2022-09-14 18:55:18.386263,0:11:15.590287,20.0,16.3
2022-09-14 18:44:02.809047,2022-09-14 18:44:02.809953,2022-09-14 18:55:18.394884,0:11:15.585781,33.3,16.3
2022-09-14 18:44:02.807491,2022-09-14 18:44:02.808557,2022-09-14 18:55:18.414062,0:11:15.606513,18.2,16.3
2022-09-14 18:44:02.807979,2022-09-14 18:44:02.809515,2022-09-14 18:55:18.435958,0:11:15.627912,21.4,16.3
2022-09-14 18:44:02.836712,2022-09-14 18:44:02.838075,2022-09-14 18:55:18.480865,0:11:15.644083,19.2,16.3
2022-09-14 18:44:02.853427,2022-09-14 18:44:02.854584,2022-09-14 18:55:18.502476,0:11:15.648983,23.1,16.3
2022-09-14 18:44:02.864575,2022-09-14 18:44:02.871652,2022-09-14 18:55:18.527379,0:11:15.662730,14.3,16.3
2022-09-14 18:44:02.870279,2022-09-14 18:44:02.871854,2022-09-14 18:55:18.539860,0:11:15.669515,14.3,16.3
2022-09-14 18:44:02.820217,2022-09-14 18:44:02.837988,2022-09-14 18:55:18.567456,0:11:15.747170,18.7,16.3
2022-09-14 18:44:02.871333,2022-09-14 18:44:02.882933,2022-09-14 18:55:18.594140,0:11:15.722739,18.7,16.3
2022-09-14 18:44:02.870699,2022-09-14 18:44:02.882865,2022-09-14 18:55:18.600117,0:11:15.729355,50.0,16.3
2022-09-14 18:44:02.864371,2022-09-14 18:44:02.871854,2022-09-14 18:55:18.605931,0:11:15.741494,0.0,16.3
2022-09-14 18:44:02.859028,2022-09-14 18:44:02.865770,2022-09-14 18:55:18.620309,0:11:15.761221,30.0,16.3
2022-09-14 18:44:02.904264,2022-09-14 18:44:02.910803,2022-09-14 18:55:18.645328,0:11:15.740999,20.0,16.3
2022-09-14 18:44:02.853158,2022-09-14 18:44:02.859885,2022-09-14 18:55:18.670200,0:11:15.816978,20.0,16.3
2022-09-14 18:44:02.881906,2022-09-14 18:44:02.888646,2022-09-14 18:55:18.684720,0:11:15.802741,33.3,16.3
2022-09-14 18:44:02.936315,2022-09-14 18:44:02.937859,2022-09-14 18:55:18.733012,0:11:15.796629,20.0,16.3
2022-09-14 18:44:02.916141,2022-09-14 18:44:02.937875,2022-09-14 18:55:18.741466,0:11:15.825253,20.0,16.3
2022-09-14 18:44:02.935977,2022-09-14 18:44:02.937497,2022-09-14 18:55:18.768791,0:11:15.832745,18.7,16.3
2022-09-14 18:44:02.935758,2022-09-14 18:44:02.937435,2022-09-14 18:55:18.783521,0:11:15.847696,25.0,16.3
2022-09-14 18:44:02.936851,2022-09-14 18:44:02.943477,2022-09-14 18:55:18.794158,0:11:15.857241,16.7,16.3
2022-09-14 18:44:02.915673,2022-09-14 18:44:02.922472,2022-09-14 18:55:18.803884,0:11:15.888142,28.6,16.3
2022-09-14 18:44:02.942486,2022-09-14 18:44:02.944692,2022-09-14 18:55:18.820532,0:11:15.877981,20.0,16.3
2022-09-14 18:44:02.921588,2022-09-14 18:44:02.927764,2022-09-14 18:55:18.831068,0:11:15.909415,33.3,16.3
2022-09-14 18:44:02.936153,2022-09-14 18:44:02.944298,2022-09-14 18:55:18.841389,0:11:15.905169,0.0,16.3
2022-09-14 18:44:02.981957,2022-09-14 18:44:02.988316,2022-09-14 18:55:18.890636,0:11:15.908614,20.0,16.3
2022-09-14 18:44:02.970721,2022-09-14 18:44:02.982872,2022-09-14 18:55:18.900987,0:11:15.930208,28.6,16.3
2022-09-14 18:44:02.987288,2022-09-14 18:44:03.002401,2022-09-14 18:55:18.929301,0:11:15.941955,23.5,16.3
2022-09-14 18:44:03.002022,2022-09-14 18:44:03.019434,2022-09-14 18:55:18.971992,0:11:15.969911,19.2,16.3
2022-09-14 18:44:02.981516,2022-09-14 18:44:03.014006,2022-09-14 18:55:18.980413,0:11:15.998844,0.0,16.3
2022-09-14 18:44:03.001147,2022-09-14 18:44:03.024822,2022-09-14 18:55:18.995260,0:11:15.994061,22.2,16.3
2022-09-14 18:44:03.001871,2022-09-14 18:44:03.014053,2022-09-14 18:55:19.006609,0:11:16.004687,16.7,16.3
2022-09-14 18:44:03.007469,2022-09-14 18:44:03.030411,2022-09-14 18:55:19.027142,0:11:16.019621,28.6,16.3
2022-09-14 18:44:03.001280,2022-09-14 18:44:03.002236,2022-09-14 18:55:19.032986,0:11:16.031657,0.0,16.3
2022-09-14 18:44:03.013108,2022-09-14 18:44:03.024822,2022-09-14 18:55:19.062544,0:11:16.049385,16.7,16.3
2022-09-14 18:44:03.036334,2022-09-14 18:44:03.054072,2022-09-14 18:55:19.104286,0:11:16.067898,20.0,16.3
2022-09-14 18:44:03.047528,2022-09-14 18:44:03.054413,2022-09-14 18:55:19.113392,0:11:16.065811,33.3,16.3
2022-09-14 18:44:03.047738,2022-09-14 18:44:03.054190,2022-09-14 18:55:19.131981,0:11:16.084189,18.2,16.3
2022-09-14 18:44:03.064709,2022-09-14 18:44:03.076874,2022-09-14 18:55:19.152995,0:11:16.088233,16.7,16.4
2022-09-14 18:44:03.070695,2022-09-14 18:44:03.076874,2022-09-14 18:55:19.174881,0:11:16.104133,15.4,16.3
2022-09-14 18:44:03.070327,2022-09-14 18:44:03.077250,2022-09-14 18:55:19.188628,0:11:16.118250,25.0,16.3
2022-09-14 18:44:03.064591,2022-09-14 18:44:03.094154,2022-09-14 18:55:19.213595,0:11:16.148953,14.3,16.3
2022-09-14 18:44:03.086809,2022-09-14 18:44:03.093258,2022-09-14 18:55:19.228285,0:11:16.141426,22.2,16.3
2022-09-14 18:44:03.042098,2022-09-14 18:44:03.054449,2022-09-14 18:55:19.237219,0:11:16.195070,20.0,16.3
2022-09-14 18:44:03.098616,2022-09-14 18:44:03.100534,2022-09-14 18:55:19.255996,0:11:16.157326,30.8,16.3
2022-09-14 18:44:03.111015,2022-09-14 18:44:03.117110,2022-09-14 18:55:19.294417,0:11:16.183352,17.4,16.3
2022-09-14 18:44:03.086993,2022-09-14 18:44:03.100919,2022-09-14 18:55:19.303458,0:11:16.216416,20.0,16.3
2022-09-14 18:44:03.129650,2022-09-14 18:44:03.131437,2022-09-14 18:55:19.322889,0:11:16.193189,25.0,16.3
2022-09-14 18:44:03.130165,2022-09-14 18:44:03.136599,2022-09-14 18:55:19.349643,0:11:16.219426,18.7,16.3
2022-09-14 18:44:03.116355,2022-09-14 18:44:03.122614,2022-09-14 18:55:19.374501,0:11:16.258095,14.3,16.3
2022-09-14 18:44:03.110738,2022-09-14 18:44:03.131116,2022-09-14 18:55:19.399816,0:11:16.289027,20.0,16.3
2022-09-14 18:44:03.152701,2022-09-14 18:44:03.158848,2022-09-14 18:55:19.408895,0:11:16.256143,20.0,16.3
2022-09-14 18:44:03.163222,2022-09-14 18:44:03.164251,2022-09-14 18:55:19.421368,0:11:16.258096,25.0,16.3
2022-09-14 18:44:03.152526,2022-09-14 18:44:03.170103,2022-09-14 18:55:19.442035,0:11:16.289459,16.7,16.3
2022-09-14 18:44:03.175145,2022-09-14 18:44:03.176412,2022-09-14 18:55:19.457957,0:11:16.282761,20.0,16.3
2022-09-14 18:44:03.163589,2022-09-14 18:44:03.170487,2022-09-14 18:55:19.477573,0:11:16.313933,18.2,16.3
2022-09-14 18:44:03.146844,2022-09-14 18:44:03.153052,2022-09-14 18:55:19.489910,0:11:16.343014,25.0,16.3
2022-09-14 18:44:03.181430,2022-09-14 18:44:03.188095,2022-09-14 18:55:19.513552,0:11:16.332070,21.4,16.3
2022-09-14 18:44:03.186988,2022-09-14 18:44:03.210217,2022-09-14 18:55:19.532782,0:11:16.345742,23.1,16.3
2022-09-14 18:44:03.192651,2022-09-14 18:44:03.209491,2022-09-14 18:55:19.549033,0:11:16.356332,22.2,16.3
2022-09-14 18:44:03.192974,2022-09-14 18:44:03.210170,2022-09-14 18:55:19.593269,0:11:16.400244,18.5,16.3
2022-09-14 18:44:03.225394,2022-09-14 18:44:03.232516,2022-09-14 18:55:19.601181,0:11:16.375738,25.0,16.3
2022-09-14 18:44:03.230974,2022-09-14 18:44:03.238550,2022-09-14 18:55:19.625555,0:11:16.394530,20.0,16.3
2022-09-14 18:44:03.231241,2022-09-14 18:44:03.232574,2022-09-14 18:55:19.635600,0:11:16.404309,28.6,16.3
2022-09-14 18:44:03.208793,2022-09-14 18:44:03.237808,2022-09-14 18:55:19.643578,0:11:16.434734,25.0,16.3
2022-09-14 18:44:03.237134,2022-09-14 18:44:03.238786,2022-09-14 18:55:19.681844,0:11:16.444661,17.4,16.4
2022-09-14 18:44:03.244392,2022-09-14 18:44:03.261726,2022-09-14 18:55:19.702133,0:11:16.457691,23.1,16.4
2022-09-14 18:44:03.249715,2022-09-14 18:44:03.250817,2022-09-14 18:55:19.720221,0:11:16.470457,27.3,16.4
2022-09-14 18:44:03.276715,2022-09-14 18:44:03.277784,2022-09-14 18:55:19.736258,0:11:16.459493,11.1,16.4
2022-09-14 18:44:03.225520,2022-09-14 18:44:03.237808,2022-09-14 18:55:19.741549,0:11:16.515963,33.3,16.4
2022-09-14 18:44:03.260673,2022-09-14 18:44:03.278223,2022-09-14 18:55:19.755678,0:11:16.494949,22.2,16.4
2022-09-14 18:44:03.293627,2022-09-14 18:44:03.315279,2022-09-14 18:55:19.805735,0:11:16.512052,20.0,16.4
2022-09-14 18:44:03.302755,2022-09-14 18:44:03.303859,2022-09-14 18:55:19.817160,0:11:16.514352,28.6,16.4
2022-09-14 18:44:03.276591,2022-09-14 18:44:03.289132,2022-09-14 18:55:19.828069,0:11:16.551428,37.5,16.4
2022-09-14 18:44:03.288177,2022-09-14 18:44:03.309472,2022-09-14 18:55:19.836194,0:11:16.547967,0.0,16.4
2022-09-14 18:44:03.313859,2022-09-14 18:44:03.326692,2022-09-14 18:55:19.878289,0:11:16.564381,16.0,16.4
2022-09-14 18:44:03.358130,2022-09-14 18:44:03.359128,2022-09-14 18:55:19.910980,0:11:16.552798,25.0,16.3
2022-09-14 18:44:03.303059,2022-09-14 18:44:03.320917,2022-09-14 18:55:19.922854,0:11:16.619745,14.3,16.3
2022-09-14 18:44:03.325421,2022-09-14 18:44:03.332510,2022-09-14 18:55:19.931123,0:11:16.605653,20.0,16.3
2022-09-14 18:44:03.314023,2022-09-14 18:44:03.348090,2022-09-14 18:55:19.960543,0:11:16.646470,17.6,16.3
2022-09-14 18:44:03.358414,2022-09-14 18:44:03.376148,2022-09-14 18:55:19.971392,0:11:16.612929,16.7,16.3
2022-09-14 18:44:03.314332,2022-09-14 18:44:03.348021,2022-09-14 18:55:19.988174,0:11:16.673792,20.0,16.3
2022-09-14 18:44:03.352541,2022-09-14 18:44:03.358947,2022-09-14 18:55:20.007017,0:11:16.654424,16.7,16.3
2022-09-14 18:44:03.386825,2022-09-14 18:44:03.387918,2022-09-14 18:55:20.043551,0:11:16.656676,18.2,16.3
2022-09-14 18:44:03.386060,2022-09-14 18:44:03.403184,2022-09-14 18:55:20.048909,0:11:16.662801,33.3,16.3
2022-09-14 18:44:03.363860,2022-09-14 18:44:03.375978,2022-09-14 18:55:20.075341,0:11:16.711431,18.7,16.4
2022-09-14 18:44:03.374803,2022-09-14 18:44:03.408800,2022-09-14 18:55:20.083456,0:11:16.708604,20.0,16.4
2022-09-14 18:44:03.364083,2022-09-14 18:44:03.424768,2022-09-14 18:55:20.125358,0:11:16.761223,16.7,16.4
2022-09-14 18:44:03.375464,2022-09-14 18:44:03.387118,2022-09-14 18:55:20.131094,0:11:16.755580,33.3,16.4
2022-09-14 18:44:03.386675,2022-09-14 18:44:03.403225,2022-09-14 18:55:20.139298,0:11:16.752571,20.0,16.4
2022-09-14 18:44:03.430477,2022-09-14 18:44:03.436603,2022-09-14 18:55:20.155635,0:11:16.725108,20.0,16.4
2022-09-14 18:44:03.418415,2022-09-14 18:44:03.442492,2022-09-14 18:55:20.173562,0:11:16.755098,18.2,16.4
2022-09-14 18:44:03.424180,2022-09-14 18:44:03.430690,2022-09-14 18:55:20.212144,0:11:16.787910,25.0,16.4
2022-09-14 18:44:03.447263,2022-09-14 18:44:03.459269,2022-09-14 18:55:20.223233,0:11:16.775919,16.7,16.4
2022-09-14 18:44:03.446893,2022-09-14 18:44:03.459537,2022-09-14 18:55:20.233317,0:11:16.786374,16.7,16.4
2022-09-14 18:44:03.429804,2022-09-14 18:44:03.447671,2022-09-14 18:55:20.241486,0:11:16.811629,20.0,16.4
2022-09-14 18:44:03.458943,2022-09-14 18:44:03.466312,2022-09-14 18:55:20.268623,0:11:16.809630,18.8,16.4
2022-09-14 18:44:03.441330,2022-09-14 18:44:03.465565,2022-09-14 18:55:20.297119,0:11:16.855738,17.6,16.4
2022-09-14 18:44:03.441008,2022-09-14 18:44:03.472290,2022-09-14 18:55:20.323357,0:11:16.882298,20.0,16.4
2022-09-14 18:44:03.495123,2022-09-14 18:44:03.506821,2022-09-14 18:55:20.365985,0:11:16.870811,19.2,16.4
2022-09-14 18:44:03.458347,2022-09-14 18:44:03.465565,2022-09-14 18:55:20.378263,0:11:16.919867,25.0,16.4
2022-09-14 18:44:03.500481,2022-09-14 18:44:03.506822,2022-09-14 18:55:20.389492,0:11:16.888961,28.6,16.4
2022-09-14 18:44:03.513070,2022-09-14 18:44:03.519847,2022-09-14 18:55:20.408677,0:11:16.895552,18.2,16.3
2022-09-14 18:44:03.512877,2022-09-14 18:44:03.525376,2022-09-14 18:55:20.416665,0:11:16.903739,20.0,16.3
2022-09-14 18:44:03.506042,2022-09-14 18:44:03.507310,2022-09-14 18:55:20.428898,0:11:16.922807,14.3,16.3
2022-09-14 18:44:03.518758,2022-09-14 18:44:03.531172,2022-09-14 18:55:20.438869,0:11:16.920062,33.3,16.3
2022-09-14 18:44:03.524257,2022-09-14 18:44:03.531133,2022-09-14 18:55:20.453090,0:11:16.928784,12.5,16.3
2022-09-14 18:44:03.506350,2022-09-14 18:44:03.513235,2022-09-14 18:55:20.461182,0:11:16.954784,20.0,16.3
2022-09-14 18:44:03.511781,2022-09-14 18:44:03.525376,2022-09-14 18:55:20.479688,0:11:16.967851,25.0,16.4
2022-09-14 18:44:03.512130,2022-09-14 18:44:03.525376,2022-09-14 18:55:20.487876,0:11:16.975697,25.0,16.4
2022-09-14 18:44:03.571226,2022-09-14 18:44:03.572530,2022-09-14 18:55:20.533506,0:11:16.962230,14.8,16.4
2022-09-14 18:44:03.571415,2022-09-14 18:44:03.578764,2022-09-14 18:55:20.549440,0:11:16.977976,22.2,16.4
2022-09-14 18:44:03.560555,2022-09-14 18:44:03.572530,2022-09-14 18:55:20.570369,0:11:17.009764,23.1,16.4
2022-09-14 18:44:03.577317,2022-09-14 18:44:03.584606,2022-09-14 18:55:20.583824,0:11:17.006458,25.0,16.4
2022-09-14 18:44:03.577486,2022-09-14 18:44:03.584841,2022-09-14 18:55:20.608776,0:11:17.031237,20.0,16.4
2022-09-14 18:44:03.584430,2022-09-14 18:44:03.590584,2022-09-14 18:55:20.616754,0:11:17.032275,20.0,16.4
2022-09-14 18:44:03.577176,2022-09-14 18:44:03.591110,2022-09-14 18:55:20.650053,0:11:17.072826,15.8,16.4
2022-09-14 18:44:03.571078,2022-09-14 18:44:03.584976,2022-09-14 18:55:20.655322,0:11:17.084195,25.0,16.4
2022-09-14 18:44:03.589841,2022-09-14 18:44:03.596975,2022-09-14 18:55:20.673234,0:11:17.083344,20.0,16.4
2022-09-14 18:44:03.631079,2022-09-14 18:44:03.637115,2022-09-14 18:55:20.713613,0:11:17.082482,16.7,16.4
2022-09-14 18:44:03.601402,2022-09-14 18:44:03.607702,2022-09-14 18:55:20.740208,0:11:17.138756,27.8,16.4
2022-09-14 18:44:03.647776,2022-09-14 18:44:03.648736,2022-09-14 18:55:20.795934,0:11:17.148103,18.2,16.4
2022-09-14 18:44:03.636576,2022-09-14 18:44:03.654537,2022-09-14 18:55:20.810535,0:11:17.173906,14.3,16.4
2022-09-14 18:44:03.636779,2022-09-14 18:44:03.654560,2022-09-14 18:55:20.821445,0:11:17.184615,14.3,16.4
2022-09-14 18:44:03.670136,2022-09-14 18:44:03.676617,2022-09-14 18:55:20.826757,0:11:17.156558,33.3,16.4
2022-09-14 18:44:03.691884,2022-09-14 18:44:03.692800,2022-09-14 18:55:20.836764,0:11:17.144831,16.7,16.4
2022-09-14 18:44:03.648345,2022-09-14 18:44:03.676617,2022-09-14 18:55:20.849054,0:11:17.200660,16.7,16.3
2022-09-14 18:44:03.642047,2022-09-14 18:44:03.643069,2022-09-14 18:55:20.869391,0:11:17.227295,23.1,16.4
2022-09-14 18:44:03.675464,2022-09-14 18:44:03.681904,2022-09-14 18:55:20.883718,0:11:17.208196,22.2,16.4
2022-09-14 18:44:03.648114,2022-09-14 18:44:03.654648,2022-09-14 18:55:20.895178,0:11:17.247015,16.7,16.4
2022-09-14 18:44:03.708775,2022-09-14 18:44:03.719873,2022-09-14 18:55:20.921430,0:11:17.212605,23.5,16.4
2022-09-14 18:44:03.708628,2022-09-14 18:44:03.720425,2022-09-14 18:55:20.954731,0:11:17.246034,20.0,16.4
2022-09-14 18:44:03.718906,2022-09-14 18:44:03.731522,2022-09-14 18:55:20.962821,0:11:17.243866,20.0,16.4
2022-09-14 18:44:03.654063,2022-09-14 18:44:03.665447,2022-09-14 18:55:20.972824,0:11:17.318712,16.7,16.4
2022-09-14 18:44:03.702957,2022-09-14 18:44:03.731831,2022-09-14 18:55:20.983246,0:11:17.280236,20.0,16.4
2022-09-14 18:44:03.719514,2022-09-14 18:44:03.731743,2022-09-14 18:55:21.030655,0:11:17.311088,17.9,16.4
2022-09-14 18:44:03.759061,2022-09-14 18:44:03.760028,2022-09-14 18:55:21.036037,0:11:17.276927,25.0,16.4
2022-09-14 18:44:03.720262,2022-09-14 18:44:03.731335,2022-09-14 18:55:21.052341,0:11:17.332030,22.2,16.4
2022-09-14 18:44:03.719247,2022-09-14 18:44:03.737195,2022-09-14 18:55:21.060257,0:11:17.340960,0.0,16.4
2022-09-14 18:44:03.742426,2022-09-14 18:44:03.765763,2022-09-14 18:55:21.083174,0:11:17.340698,21.4,16.4
2022-09-14 18:44:03.742024,2022-09-14 18:44:03.743558,2022-09-14 18:55:21.101842,0:11:17.359768,18.2,16.4
2022-09-14 18:44:03.782036,2022-09-14 18:44:03.783528,2022-09-14 18:55:21.136314,0:11:17.354228,20.0,16.4
2022-09-14 18:44:03.770506,2022-09-14 18:44:03.771680,2022-09-14 18:55:21.150474,0:11:17.379918,12.5,16.4
2022-09-14 18:44:03.782536,2022-09-14 18:44:03.789110,2022-09-14 18:55:21.160607,0:11:17.378001,16.7,16.4
2022-09-14 18:44:03.764419,2022-09-14 18:44:03.765522,2022-09-14 18:55:21.169139,0:11:17.404670,20.0,16.4
2022-09-14 18:44:03.770702,2022-09-14 18:44:03.771680,2022-09-14 18:55:21.180021,0:11:17.409269,28.6,16.3
2022-09-14 18:44:03.781875,2022-09-14 18:44:03.783559,2022-09-14 18:55:21.194565,0:11:17.412639,12.5,16.3
2022-09-14 18:44:03.794190,2022-09-14 18:44:03.811038,2022-09-14 18:55:21.218602,0:11:17.424360,20.0,16.3
2022-09-14 18:44:03.821306,2022-09-14 18:44:03.822263,2022-09-14 18:55:21.239124,0:11:17.417767,25.0,16.3
2022-09-14 18:44:03.810333,2022-09-14 18:44:03.822124,2022-09-14 18:55:21.259425,0:11:17.449041,16.7,16.3
2022-09-14 18:44:03.810552,2022-09-14 18:44:03.833311,2022-09-14 18:55:21.296183,0:11:17.485579,18.2,16.3
2022-09-14 18:44:03.832311,2022-09-14 18:44:03.838693,2022-09-14 18:55:21.304173,0:11:17.471812,0.0,16.3
2022-09-14 18:44:03.838355,2022-09-14 18:44:03.850948,2022-09-14 18:55:21.336287,0:11:17.497880,22.2,16.3
2022-09-14 18:44:03.849657,2022-09-14 18:44:03.851824,2022-09-14 18:55:21.344349,0:11:17.494642,20.0,16.3
2022-09-14 18:44:03.826840,2022-09-14 18:44:03.845379,2022-09-14 18:55:21.352332,0:11:17.525442,33.3,16.3
2022-09-14 18:44:03.844242,2022-09-14 18:44:03.852326,2022-09-14 18:55:21.376496,0:11:17.532201,15.4,16.3
2022-09-14 18:44:03.857400,2022-09-14 18:44:03.873989,2022-09-14 18:55:21.401235,0:11:17.543777,20.0,16.3
2022-09-14 18:44:03.844060,2022-09-14 18:44:03.850657,2022-09-14 18:55:21.424615,0:11:17.580502,20.0,16.4
2022-09-14 18:44:03.873158,2022-09-14 18:44:03.885303,2022-09-14 18:55:21.459443,0:11:17.586232,20.0,16.4
2022-09-14 18:44:03.884247,2022-09-14 18:44:03.903505,2022-09-14 18:55:21.470182,0:11:17.585883,16.7,16.4
2022-09-14 18:44:03.914196,2022-09-14 18:44:03.915780,2022-09-14 18:55:21.480688,0:11:17.566436,16.7,16.4
2022-09-14 18:44:03.908220,2022-09-14 18:44:03.914934,2022-09-14 18:55:21.507619,0:11:17.599348,18.7,16.4
2022-09-14 18:44:03.908364,2022-09-14 18:44:03.909737,2022-09-14 18:55:21.524185,0:11:17.615771,20.0,16.4
2022-09-14 18:44:03.914511,2022-09-14 18:44:03.922213,2022-09-14 18:55:21.546637,0:11:17.632077,21.4,16.4
2022-09-14 18:44:03.897369,2022-09-14 18:44:03.927797,2022-09-14 18:55:21.563895,0:11:17.666476,20.0,16.4
2022-09-14 18:44:03.908508,2022-09-14 18:44:03.915149,2022-09-14 18:55:21.569812,0:11:17.661254,0.0,16.4
2022-09-14 18:44:03.914724,2022-09-14 18:44:03.921928,2022-09-14 18:55:21.586313,0:11:17.671539,20.0,16.4
2022-09-14 18:44:03.921188,2022-09-14 18:44:03.933398,2022-09-14 18:55:21.603043,0:11:17.681805,33.3,16.4
2022-09-14 18:44:03.938531,2022-09-14 18:44:03.944766,2022-09-14 18:55:21.612478,0:11:17.673897,20.0,16.4
2022-09-14 18:44:03.977447,2022-09-14 18:44:03.978909,2022-09-14 18:55:21.671996,0:11:17.694493,17.1,16.4
2022-09-14 18:44:03.955055,2022-09-14 18:44:03.956370,2022-09-14 18:55:21.683069,0:11:17.727962,16.7,16.4
2022-09-14 18:44:03.971758,2022-09-14 18:44:03.978593,2022-09-14 18:55:21.706051,0:11:17.734241,15.4,16.4
2022-09-14 18:44:03.961031,2022-09-14 18:44:03.978593,2022-09-14 18:55:21.714501,0:11:17.753420,33.3,16.4
2022-09-14 18:44:03.977104,2022-09-14 18:44:03.984442,2022-09-14 18:55:21.731047,0:11:17.753894,20.0,16.4
2022-09-14 18:44:03.977219,2022-09-14 18:44:03.984191,2022-09-14 18:55:21.745959,0:11:17.768691,12.5,16.4
2022-09-14 18:44:03.977786,2022-09-14 18:44:03.984479,2022-09-14 18:55:21.758543,0:11:17.780708,25.0,16.4
2022-09-14 18:44:03.994567,2022-09-14 18:44:03.996220,2022-09-14 18:55:21.772292,0:11:17.777675,14.3,16.4
2022-09-14 18:44:03.984191,2022-09-14 18:44:03.995384,2022-09-14 18:55:21.778003,0:11:17.793762,25.0,16.4
2022-09-14 18:44:04.011957,2022-09-14 18:44:04.032699,2022-09-14 18:55:21.825369,0:11:17.813355,17.9,16.4
2022-09-14 18:44:04.031679,2022-09-14 18:44:04.033043,2022-09-14 18:55:21.869231,0:11:17.837497,22.2,16.4
2022-09-14 18:44:04.031825,2022-09-14 18:44:04.033100,2022-09-14 18:55:21.875093,0:11:17.843216,25.0,16.4
2022-09-14 18:44:04.048718,2022-09-14 18:44:04.049821,2022-09-14 18:55:21.888022,0:11:17.839239,33.3,16.4
2022-09-14 18:44:04.048502,2022-09-14 18:44:04.060420,2022-09-14 18:55:21.915054,0:11:17.866501,23.5,16.4
2022-09-14 18:44:04.071019,2022-09-14 18:44:04.072135,2022-09-14 18:55:21.925749,0:11:17.854679,0.0,16.4
2022-09-14 18:44:04.059400,2022-09-14 18:44:04.060330,2022-09-14 18:55:21.936314,0:11:17.876864,28.6,16.4
2022-09-14 18:44:04.048305,2022-09-14 18:44:04.060099,2022-09-14 18:55:21.968812,0:11:17.920458,16.7,16.4
2022-09-14 18:44:04.042920,2022-09-14 18:44:04.078330,2022-09-14 18:55:21.987695,0:11:17.944717,25.0,16.4
2022-09-14 18:44:04.072182,2022-09-14 18:44:04.078330,2022-09-14 18:55:21.996410,0:11:17.924178,20.0,16.4
2022-09-14 18:44:04.064968,2022-09-14 18:44:04.066585,2022-09-14 18:55:22.015364,0:11:17.950344,18.2,16.4
2022-09-14 18:44:04.093850,2022-09-14 18:44:04.110921,2022-09-14 18:55:22.064995,0:11:17.971091,17.2,16.4
2022-09-14 18:44:04.115786,2022-09-14 18:44:04.122142,2022-09-14 18:55:22.085752,0:11:17.969904,23.1,16.4
2022-09-14 18:44:04.093989,2022-09-14 18:44:04.116719,2022-09-14 18:55:22.097364,0:11:18.003319,25.0,16.4
2022-09-14 18:44:04.110276,2022-09-14 18:44:04.122771,2022-09-14 18:55:22.121276,0:11:18.010947,21.4,16.4
2022-09-14 18:44:04.116018,2022-09-14 18:44:04.128603,2022-09-14 18:55:22.134054,0:11:18.017985,25.0,16.4
2022-09-14 18:44:04.134019,2022-09-14 18:44:04.145474,2022-09-14 18:55:22.144708,0:11:18.010631,28.6,16.4
2022-09-14 18:44:04.121806,2022-09-14 18:44:04.129058,2022-09-14 18:55:22.153596,0:11:18.031739,33.3,16.4
2022-09-14 18:44:04.122446,2022-09-14 18:44:04.134481,2022-09-14 18:55:22.172295,0:11:18.049798,18.2,16.4
2022-09-14 18:44:04.155589,2022-09-14 18:44:04.162354,2022-09-14 18:55:22.215780,0:11:18.060135,22.2,16.4
2022-09-14 18:44:04.155361,2022-09-14 18:44:04.168446,2022-09-14 18:55:22.240460,0:11:18.085046,14.3,16.4
2022-09-14 18:44:04.189659,2022-09-14 18:44:04.190705,2022-09-14 18:55:22.248870,0:11:18.059160,20.0,16.4
2022-09-14 18:44:04.128071,2022-09-14 18:44:04.168110,2022-09-14 18:55:22.285604,0:11:18.157483,18.2,16.4
2022-09-14 18:44:04.167041,2022-09-14 18:44:04.173869,2022-09-14 18:55:22.294048,0:11:18.126957,20.0,16.4
2022-09-14 18:44:04.183788,2022-09-14 18:44:04.207279,2022-09-14 18:55:22.319195,0:11:18.135356,25.0,16.4
2022-09-14 18:44:04.178449,2022-09-14 18:44:04.190456,2022-09-14 18:55:22.365995,0:11:18.187494,15.4,16.4
2022-09-14 18:44:04.222743,2022-09-14 18:44:04.239370,2022-09-14 18:55:22.377471,0:11:18.154674,28.6,16.4
2022-09-14 18:44:04.205729,2022-09-14 18:44:04.207419,2022-09-14 18:55:22.383356,0:11:18.177574,40.0,16.4
2022-09-14 18:44:04.205926,2022-09-14 18:44:04.229284,2022-09-14 18:55:22.404397,0:11:18.198417,16.7,16.4
2022-09-14 18:44:04.183992,2022-09-14 18:44:04.223663,2022-09-14 18:55:22.418756,0:11:18.234692,22.2,16.4
2022-09-14 18:44:04.244237,2022-09-14 18:44:04.261926,2022-09-14 18:55:22.448001,0:11:18.203710,12.5,16.4
2022-09-14 18:44:04.189430,2022-09-14 18:44:04.212902,2022-09-14 18:55:22.463505,0:11:18.274025,20.0,16.4
2022-09-14 18:44:04.238748,2022-09-14 18:44:04.261635,2022-09-14 18:55:22.469499,0:11:18.230698,50.0,16.4
2022-09-14 18:44:04.228356,2022-09-14 18:44:04.239484,2022-09-14 18:55:22.478273,0:11:18.249868,20.0,16.4
2022-09-14 18:44:04.249870,2022-09-14 18:44:04.278761,2022-09-14 18:55:22.502641,0:11:18.252716,20.0,16.4
2022-09-14 18:44:04.244458,2022-09-14 18:44:04.250608,2022-09-14 18:55:22.516511,0:11:18.272002,12.5,16.4
2022-09-14 18:44:04.255448,2022-09-14 18:44:04.262616,2022-09-14 18:55:22.556047,0:11:18.300548,20.8,16.4
2022-09-14 18:44:04.228577,2022-09-14 18:44:04.261655,2022-09-14 18:55:22.561887,0:11:18.333259,0.0,16.4
2022-09-14 18:44:04.277623,2022-09-14 18:44:04.295569,2022-09-14 18:55:22.588560,0:11:18.310886,18.7,16.4
2022-09-14 18:44:04.288923,2022-09-14 18:44:04.300965,2022-09-14 18:55:22.605157,0:11:18.316166,20.0,16.4
2022-09-14 18:44:04.283339,2022-09-14 18:44:04.295135,2022-09-14 18:55:22.619180,0:11:18.335791,22.2,16.4
2022-09-14 18:44:04.277803,2022-09-14 18:44:04.312157,2022-09-14 18:55:22.630569,0:11:18.352717,16.7,16.4
2022-09-14 18:44:04.339029,2022-09-14 18:44:04.340501,2022-09-14 18:55:22.685600,0:11:18.346520,18.2,16.4
2022-09-14 18:44:04.305849,2022-09-14 18:44:04.333865,2022-09-14 18:55:22.694247,0:11:18.388347,20.0,16.4
2022-09-14 18:44:04.316610,2022-09-14 18:44:04.346166,2022-09-14 18:55:22.704648,0:11:18.387989,16.7,16.4
2022-09-14 18:44:04.339191,2022-09-14 18:44:04.340240,2022-09-14 18:55:22.713078,0:11:18.373838,20.0,16.4
2022-09-14 18:44:04.327049,2022-09-14 18:44:04.339480,2022-09-14 18:55:22.743976,0:11:18.416877,22.2,16.4
2022-09-14 18:44:04.350523,2022-09-14 18:44:04.351939,2022-09-14 18:55:22.752756,0:11:18.402183,20.0,16.4
2022-09-14 18:44:04.339551,2022-09-14 18:44:04.351939,2022-09-14 18:55:22.763117,0:11:18.423517,16.7,16.4
2022-09-14 18:44:04.350677,2022-09-14 18:44:04.363471,2022-09-14 18:55:22.773773,0:11:18.423047,16.7,16.4
2022-09-14 18:44:04.300537,2022-09-14 18:44:04.328182,2022-09-14 18:55:22.784174,0:11:18.483588,28.6,16.4
2022-09-14 18:44:04.380287,2022-09-14 18:44:04.381428,2022-09-14 18:55:22.819106,0:11:18.438768,15.0,16.3
2022-09-14 18:44:04.369108,2022-09-14 18:44:04.375636,2022-09-14 18:55:22.829568,0:11:18.460411,16.7,16.3
2022-09-14 18:44:04.362471,2022-09-14 18:44:04.370316,2022-09-14 18:55:22.838011,0:11:18.475488,33.3,16.3
2022-09-14 18:44:04.327209,2022-09-14 18:44:04.357968,2022-09-14 18:55:22.862165,0:11:18.534905,25.0,16.3
2022-09-14 18:44:04.390949,2022-09-14 18:44:04.392693,2022-09-14 18:55:22.883370,0:11:18.492372,30.8,16.3
2022-09-14 18:44:04.413897,2022-09-14 18:44:04.414928,2022-09-14 18:55:22.912289,0:11:18.498343,17.6,16.3
2022-09-14 18:44:04.391697,2022-09-14 18:44:04.398326,2022-09-14 18:55:22.931067,0:11:18.539320,18.2,16.4
2022-09-14 18:44:04.408222,2022-09-14 18:44:04.414973,2022-09-14 18:55:22.939557,0:11:18.531286,20.0,16.4
2022-09-14 18:44:04.408066,2022-09-14 18:44:04.426764,2022-09-14 18:55:22.966488,0:11:18.558372,13.3,16.4
2022-09-14 18:44:04.413522,2022-09-14 18:44:04.415141,2022-09-14 18:55:22.980804,0:11:18.567232,22.2,16.4
2022-09-14 18:44:04.402709,2022-09-14 18:44:04.414609,2022-09-14 18:55:23.005389,0:11:18.602608,14.3,16.4
2022-09-14 18:44:04.425459,2022-09-14 18:44:04.432474,2022-09-14 18:55:23.011178,0:11:18.585669,50.0,16.4
2022-09-14 18:44:04.465212,2022-09-14 18:44:04.466236,2022-09-14 18:55:23.062334,0:11:18.597069,16.7,16.4
2022-09-14 18:44:04.453765,2022-09-14 18:44:04.460567,2022-09-14 18:55:23.098005,0:11:18.644188,22.7,16.4
2022-09-14 18:44:04.431290,2022-09-14 18:44:04.443981,2022-09-14 18:55:23.103689,0:11:18.672340,25.0,16.4
2022-09-14 18:44:04.443006,2022-09-14 18:44:04.454940,2022-09-14 18:55:23.112691,0:11:18.669628,20.0,16.4
2022-09-14 18:44:04.476881,2022-09-14 18:44:04.483537,2022-09-14 18:55:23.147930,0:11:18.670995,19.0,16.4
2022-09-14 18:44:04.476325,2022-09-14 18:44:04.483537,2022-09-14 18:55:23.165152,0:11:18.688777,20.0,16.4
2022-09-14 18:44:04.459829,2022-09-14 18:44:04.466382,2022-09-14 18:55:23.186250,0:11:18.726367,23.1,16.4
2022-09-14 18:44:04.476139,2022-09-14 18:44:04.483537,2022-09-14 18:55:23.194891,0:11:18.718703,20.0,16.4
2022-09-14 18:44:04.499859,2022-09-14 18:44:04.500842,2022-09-14 18:55:23.213853,0:11:18.713945,10.0,16.4
2022-09-14 18:44:04.520865,2022-09-14 18:44:04.521829,2022-09-14 18:55:23.232772,0:11:18.711854,25.0,16.4
2022-09-14 18:44:04.493951,2022-09-14 18:44:04.500236,2022-09-14 18:55:23.241737,0:11:18.747732,16.7,16.4
2022-09-14 18:44:04.505351,2022-09-14 18:44:04.521887,2022-09-14 18:55:23.279009,0:11:18.773607,21.7,16.4
2022-09-14 18:44:04.537404,2022-09-14 18:44:04.548358,2022-09-14 18:55:23.287378,0:11:18.749924,20.0,16.4
2022-09-14 18:44:04.537293,2022-09-14 18:44:04.548765,2022-09-14 18:55:23.295995,0:11:18.758651,0.0,16.4
2022-09-14 18:44:04.488327,2022-09-14 18:44:04.500236,2022-09-14 18:55:23.317809,0:11:18.829419,16.7,16.4
2022-09-14 18:44:04.537724,2022-09-14 18:44:04.554983,2022-09-14 18:55:23.328264,0:11:18.790490,28.6,16.4
2022-09-14 18:44:04.532014,2022-09-14 18:44:04.554493,2022-09-14 18:55:23.340889,0:11:18.808825,14.3,16.4
2022-09-14 18:44:04.553963,2022-09-14 18:44:04.555780,2022-09-14 18:55:23.364097,0:11:18.810084,21.4,16.4
2022-09-14 18:44:04.571448,2022-09-14 18:44:04.572913,2022-09-14 18:55:23.408091,0:11:18.836589,16.0,16.4
2022-09-14 18:44:04.571690,2022-09-14 18:44:04.572667,2022-09-14 18:55:23.418573,0:11:18.846832,16.7,16.4
2022-09-14 18:44:04.571212,2022-09-14 18:44:04.572335,2022-09-14 18:55:23.441664,0:11:18.870399,21.4,16.4
2022-09-14 18:44:04.588381,2022-09-14 18:44:04.589295,2022-09-14 18:55:23.466614,0:11:18.878182,14.3,16.4
2022-09-14 18:44:04.599504,2022-09-14 18:44:04.617323,2022-09-14 18:55:23.498011,0:11:18.898452,21.1,16.4
2022-09-14 18:44:04.600003,2022-09-14 18:44:04.606269,2022-09-14 18:55:23.509231,0:11:18.909173,30.0,16.4
2022-09-14 18:44:04.599645,2022-09-14 18:44:04.617564,2022-09-14 18:55:23.517827,0:11:18.918132,20.0,16.4
2022-09-14 18:44:04.616197,2022-09-14 18:44:04.617564,2022-09-14 18:55:23.529394,0:11:18.913147,28.6,16.4
2022-09-14 18:44:04.615977,2022-09-14 18:44:04.617362,2022-09-14 18:55:23.535309,0:11:18.919280,25.0,16.4
2022-09-14 18:44:04.554241,2022-09-14 18:44:04.589040,2022-09-14 18:55:23.546015,0:11:18.991721,16.7,16.4
2022-09-14 18:44:04.616477,2022-09-14 18:44:04.634923,2022-09-14 18:55:23.575216,0:11:18.958689,22.2,16.4
2022-09-14 18:44:04.634585,2022-09-14 18:44:04.651435,2022-09-14 18:55:23.610657,0:11:18.976019,15.0,16.4
2022-09-14 18:44:04.634069,2022-09-14 18:44:04.640980,2022-09-14 18:55:23.642660,0:11:19.008540,16.7,16.4
2022-09-14 18:44:04.650835,2022-09-14 18:44:04.651887,2022-09-14 18:55:23.654223,0:11:19.003338,25.0,16.4
2022-09-14 18:44:04.656308,2022-09-14 18:44:04.657694,2022-09-14 18:55:23.687916,0:11:19.031557,20.0,16.4
2022-09-14 18:44:04.678834,2022-09-14 18:44:04.679984,2022-09-14 18:55:23.711304,0:11:19.032417,21.4,16.4
2022-09-14 18:44:04.690145,2022-09-14 18:44:04.697190,2022-09-14 18:55:23.731998,0:11:19.041801,16.7,16.4
2022-09-14 18:44:04.678098,2022-09-14 18:44:04.680007,2022-09-14 18:55:23.743894,0:11:19.065746,14.3,16.4
2022-09-14 18:44:04.678489,2022-09-14 18:44:04.679487,2022-09-14 18:55:23.759453,0:11:19.080914,22.2,16.4
2022-09-14 18:44:04.667577,2022-09-14 18:44:04.673858,2022-09-14 18:55:23.771828,0:11:19.104200,14.3,16.4
2022-09-14 18:44:04.689987,2022-09-14 18:44:04.696575,2022-09-14 18:55:23.788293,0:11:19.098257,20.0,16.4
2022-09-14 18:44:04.696011,2022-09-14 18:44:04.708276,2022-09-14 18:55:23.821541,0:11:19.125478,15.8,16.4
2022-09-14 18:44:04.702037,2022-09-14 18:44:04.714140,2022-09-14 18:55:23.831986,0:11:19.129899,16.7,16.4
2022-09-14 18:44:04.724246,2022-09-14 18:44:04.730718,2022-09-14 18:55:23.842775,0:11:19.118452,28.6,16.4
2022-09-14 18:44:04.718471,2022-09-14 18:44:04.724840,2022-09-14 18:55:23.851325,0:11:19.132804,0.0,16.4
2022-09-14 18:44:04.742440,2022-09-14 18:44:04.749036,2022-09-14 18:55:23.896525,0:11:19.154034,18.5,16.4
2022-09-14 18:44:04.736311,2022-09-14 18:44:04.743099,2022-09-14 18:55:23.907588,0:11:19.171225,16.7,16.4
2022-09-14 18:44:04.741939,2022-09-14 18:44:04.743603,2022-09-14 18:55:23.930667,0:11:19.188677,15.4,16.4
2022-09-14 18:44:04.742593,2022-09-14 18:44:04.743562,2022-09-14 18:55:23.957353,0:11:19.214710,23.5,16.4
2022-09-14 18:44:04.753489,2022-09-14 18:44:04.760422,2022-09-14 18:55:23.974363,0:11:19.220824,20.0,16.4
2022-09-14 18:44:04.764942,2022-09-14 18:44:04.782233,2022-09-14 18:55:24.011312,0:11:19.246302,26.1,16.4
2022-09-14 18:44:04.786520,2022-09-14 18:44:04.787597,2022-09-14 18:55:24.019295,0:11:19.232722,20.0,16.4
2022-09-14 18:44:04.753624,2022-09-14 18:44:04.771470,2022-09-14 18:55:24.027805,0:11:19.274131,20.0,16.4
2022-09-14 18:44:04.787197,2022-09-14 18:44:04.788592,2022-09-14 18:55:24.038257,0:11:19.251011,0.0,16.4
2022-09-14 18:44:04.770319,2022-09-14 18:44:04.771587,2022-09-14 18:55:24.088136,0:11:19.317759,20.0,16.4
2022-09-14 18:44:04.798825,2022-09-14 18:44:04.805365,2022-09-14 18:55:24.098589,0:11:19.299711,0.0,16.4
2022-09-14 18:44:04.815410,2022-09-14 18:44:04.816767,2022-09-14 18:55:24.113582,0:11:19.298122,22.2,16.4
2022-09-14 18:44:04.804313,2022-09-14 18:44:04.817157,2022-09-14 18:55:24.126793,0:11:19.322429,22.2,16.4
2022-09-14 18:44:04.810159,2022-09-14 18:44:04.816767,2022-09-14 18:55:24.132449,0:11:19.322240,0.0,16.4
2022-09-14 18:44:04.815747,2022-09-14 18:44:04.816744,2022-09-14 18:55:24.143062,0:11:19.327265,37.5,16.4
2022-09-14 18:44:04.821987,2022-09-14 18:44:04.822998,2022-09-14 18:55:24.155836,0:11:19.333799,0.0,16.4
2022-09-14 18:44:04.828508,2022-09-14 18:44:04.850572,2022-09-14 18:55:24.205417,0:11:19.376830,20.0,16.4
2022-09-14 18:44:04.850054,2022-09-14 18:44:04.851289,2022-09-14 18:55:24.222557,0:11:19.372449,27.3,16.4
2022-09-14 18:44:04.833883,2022-09-14 18:44:04.850540,2022-09-14 18:55:24.243623,0:11:19.409688,16.7,16.4
2022-09-14 18:44:04.866469,2022-09-14 18:44:04.879141,2022-09-14 18:55:24.277610,0:11:19.411089,19.0,16.4
2022-09-14 18:44:04.877930,2022-09-14 18:44:04.879328,2022-09-14 18:55:24.303338,0:11:19.425356,20.0,16.4
2022-09-14 18:44:04.871833,2022-09-14 18:44:04.873314,2022-09-14 18:55:24.316350,0:11:19.444466,14.3,16.4
2022-09-14 18:44:04.850175,2022-09-14 18:44:04.851210,2022-09-14 18:55:24.326825,0:11:19.476599,28.6,16.4
2022-09-14 18:44:04.883886,2022-09-14 18:44:04.890595,2022-09-14 18:55:24.348377,0:11:19.464441,16.7,16.4
2022-09-14 18:44:04.884091,2022-09-14 18:44:04.885152,2022-09-14 18:55:24.373896,0:11:19.489755,14.3,16.4
2022-09-14 18:44:04.878101,2022-09-14 18:44:04.896042,2022-09-14 18:55:24.379665,0:11:19.501514,40.0,16.4
2022-09-14 18:44:04.900805,2022-09-14 18:44:04.912609,2022-09-14 18:55:24.388067,0:11:19.487213,0.0,16.4
2022-09-14 18:44:04.917719,2022-09-14 18:44:04.924016,2022-09-14 18:55:24.406984,0:11:19.489211,18.2,16.4
2022-09-14 18:44:04.895132,2022-09-14 18:44:04.912609,2022-09-14 18:55:24.422027,0:11:19.526845,22.2,16.4
2022-09-14 18:44:04.917460,2022-09-14 18:44:04.929939,2022-09-14 18:55:24.430486,0:11:19.512976,20.0,16.4
2022-09-14 18:44:04.946764,2022-09-14 18:44:04.948245,2022-09-14 18:55:24.485508,0:11:19.538691,18.7,16.4
2022-09-14 18:44:04.940644,2022-09-14 18:44:04.942051,2022-09-14 18:55:24.494328,0:11:19.553632,33.3,16.4
2022-09-14 18:44:04.963894,2022-09-14 18:44:04.970363,2022-09-14 18:55:24.523655,0:11:19.559706,16.7,16.4
2022-09-14 18:44:04.940859,2022-09-14 18:44:04.947776,2022-09-14 18:55:24.537222,0:11:19.596311,25.0,16.4
2022-09-14 18:44:04.940330,2022-09-14 18:44:04.947538,2022-09-14 18:55:24.542891,0:11:19.602511,25.0,16.4
2022-09-14 18:44:04.935041,2022-09-14 18:44:04.941457,2022-09-14 18:55:24.565549,0:11:19.630457,16.7,16.4
2022-09-14 18:44:04.946963,2022-09-14 18:44:04.970416,2022-09-14 18:55:24.585140,0:11:19.638127,28.6,16.4
2022-09-14 18:44:04.986044,2022-09-14 18:44:04.987452,2022-09-14 18:55:24.590821,0:11:19.604726,33.3,16.4
2022-09-14 18:44:04.964126,2022-09-14 18:44:04.998364,2022-09-14 18:55:24.609873,0:11:19.645697,18.2,16.4
2022-09-14 18:44:05.002660,2022-09-14 18:44:05.004856,2022-09-14 18:55:24.655742,0:11:19.653031,17.9,16.4
2022-09-14 18:44:05.003616,2022-09-14 18:44:05.004987,2022-09-14 18:55:24.666372,0:11:19.662706,16.7,16.4
2022-09-14 18:44:04.986272,2022-09-14 18:44:05.004856,2022-09-14 18:55:24.677142,0:11:19.690820,16.7,16.4
2022-09-14 18:44:05.003342,2022-09-14 18:44:05.004550,2022-09-14 18:55:24.693713,0:11:19.690314,20.0,16.4
2022-09-14 18:44:05.012393,2022-09-14 18:44:05.034722,2022-09-14 18:55:24.715964,0:11:19.703521,28.6,16.4
2022-09-14 18:44:05.028616,2022-09-14 18:44:05.040732,2022-09-14 18:55:24.741148,0:11:19.712476,20.0,16.4
2022-09-14 18:44:05.012039,2022-09-14 18:44:05.018745,2022-09-14 18:55:24.759362,0:11:19.747268,18.2,16.4
2022-09-14 18:44:05.011886,2022-09-14 18:44:05.035122,2022-09-14 18:55:24.795180,0:11:19.783243,19.0,16.4
2022-09-14 18:44:05.034495,2022-09-14 18:44:05.051892,2022-09-14 18:55:24.810116,0:11:19.775568,12.5,16.4
2022-09-14 18:44:05.050616,2022-09-14 18:44:05.052069,2022-09-14 18:55:24.826999,0:11:19.776331,27.3,16.4
2022-09-14 18:44:05.068228,2022-09-14 18:44:05.075011,2022-09-14 18:55:24.851385,0:11:19.783105,14.3,16.4
2022-09-14 18:44:05.073639,2022-09-14 18:44:05.080306,2022-09-14 18:55:24.880127,0:11:19.806438,17.6,16.3
2022-09-14 18:44:05.080478,2022-09-14 18:44:05.102793,2022-09-14 18:55:24.914150,0:11:19.833619,20.0,16.3
2022-09-14 18:44:05.073798,2022-09-14 18:44:05.097464,2022-09-14 18:55:24.930781,0:11:19.856931,20.0,16.3
2022-09-14 18:44:05.068023,2022-09-14 18:44:05.086591,2022-09-14 18:55:24.941218,0:11:19.873144,16.7,16.3
2022-09-14 18:44:05.079447,2022-09-14 18:44:05.108554,2022-09-14 18:55:24.964705,0:11:19.885201,21.4,16.3
2022-09-14 18:44:05.091107,2022-09-14 18:44:05.103042,2022-09-14 18:55:24.970409,0:11:19.879252,0.0,16.3
2022-09-14 18:44:05.079646,2022-09-14 18:44:05.080649,2022-09-14 18:55:24.981181,0:11:19.901485,28.6,16.4
2022-09-14 18:44:05.107516,2022-09-14 18:44:05.114254,2022-09-14 18:55:24.991937,0:11:19.884372,16.7,16.4
2022-09-14 18:44:05.112965,2022-09-14 18:44:05.120689,2022-09-14 18:55:25.013731,0:11:19.900713,16.7,16.3
2022-09-14 18:44:05.130750,2022-09-14 18:44:05.145959,2022-09-14 18:55:25.076933,0:11:19.946127,22.5,16.4
2022-09-14 18:44:05.172393,2022-09-14 18:44:05.173430,2022-09-14 18:55:25.093976,0:11:19.921531,20.0,16.4
2022-09-14 18:44:05.144806,2022-09-14 18:44:05.167521,2022-09-14 18:55:25.102446,0:11:19.957589,20.0,16.4
2022-09-14 18:44:05.130965,2022-09-14 18:44:05.132248,2022-09-14 18:55:25.111222,0:11:19.980206,20.0,16.4
2022-09-14 18:44:05.137014,2022-09-14 18:44:05.145926,2022-09-14 18:55:25.128180,0:11:19.991107,20.0,16.4
2022-09-14 18:44:05.166313,2022-09-14 18:44:05.173160,2022-09-14 18:55:25.136917,0:11:19.970554,20.0,16.4
2022-09-14 18:44:05.166749,2022-09-14 18:44:05.184489,2022-09-14 18:55:25.147694,0:11:19.980883,16.7,16.4
2022-09-14 18:44:05.150407,2022-09-14 18:44:05.167965,2022-09-14 18:55:25.164410,0:11:20.013953,11.1,16.4
2022-09-14 18:44:05.166155,2022-09-14 18:44:05.201789,2022-09-14 18:55:25.197585,0:11:20.031371,20.0,16.4
2022-09-14 18:44:05.183923,2022-09-14 18:44:05.196115,2022-09-14 18:55:25.217037,0:11:20.033053,18.2,16.4
2022-09-14 18:44:05.206458,2022-09-14 18:44:05.207463,2022-09-14 18:55:25.232249,0:11:20.025721,20.0,16.4
2022-09-14 18:44:05.194773,2022-09-14 18:44:05.206995,2022-09-14 18:55:25.247315,0:11:20.052473,22.2,16.4
2022-09-14 18:44:05.212604,2022-09-14 18:44:05.229588,2022-09-14 18:55:25.291247,0:11:20.078563,19.2,16.4
2022-09-14 18:44:05.229038,2022-09-14 18:44:05.235537,2022-09-14 18:55:25.312788,0:11:20.083682,16.7,16.4
2022-09-14 18:44:05.228860,2022-09-14 18:44:05.236459,2022-09-14 18:55:25.359084,0:11:20.130154,21.4,16.4
2022-09-14 18:44:05.241291,2022-09-14 18:44:05.257579,2022-09-14 18:55:25.382456,0:11:20.141095,15.4,16.4
2022-09-14 18:44:05.234502,2022-09-14 18:44:05.235480,2022-09-14 18:55:25.401394,0:11:20.166823,18.2,16.4
2022-09-14 18:44:05.256776,2022-09-14 18:44:05.268801,2022-09-14 18:55:25.410805,0:11:20.153953,20.0,16.4
2022-09-14 18:44:05.235430,2022-09-14 18:44:05.236458,2022-09-14 18:55:25.419708,0:11:20.184203,20.0,16.4
2022-09-14 18:44:05.278933,2022-09-14 18:44:05.285206,2022-09-14 18:55:25.444942,0:11:20.165945,18.7,16.4
2022-09-14 18:44:05.290117,2022-09-14 18:44:05.296740,2022-09-14 18:55:25.465268,0:11:20.175088,18.2,16.4
2022-09-14 18:44:05.273303,2022-09-14 18:44:05.285315,2022-09-14 18:55:25.480703,0:11:20.207328,22.2,16.4
2022-09-14 18:44:05.241123,2022-09-14 18:44:05.258004,2022-09-14 18:55:25.494691,0:11:20.253503,22.2,16.4
2022-09-14 18:44:05.296266,2022-09-14 18:44:05.308648,2022-09-14 18:55:25.507558,0:11:20.211236,25.0,16.4
2022-09-14 18:44:05.296499,2022-09-14 18:44:05.308980,2022-09-14 18:55:25.536484,0:11:20.239930,17.6,16.4
2022-09-14 18:44:05.308034,2022-09-14 18:44:05.320444,2022-09-14 18:55:25.561912,0:11:20.253819,14.3,16.4
2022-09-14 18:44:05.313891,2022-09-14 18:44:05.325868,2022-09-14 18:55:25.578294,0:11:20.264336,27.3,16.4
2022-09-14 18:44:05.268015,2022-09-14 18:44:05.291182,2022-09-14 18:55:25.584335,0:11:20.316256,33.3,16.4
2022-09-14 18:44:05.302015,2022-09-14 18:44:05.331534,2022-09-14 18:55:25.601537,0:11:20.299455,20.0,16.4
2022-09-14 18:44:05.319423,2022-09-14 18:44:05.331453,2022-09-14 18:55:25.612800,0:11:20.293310,25.0,16.4
2022-09-14 18:44:05.336539,2022-09-14 18:44:05.337929,2022-09-14 18:55:25.627745,0:11:20.291137,22.2,16.4
2022-09-14 18:44:05.343235,2022-09-14 18:44:05.355436,2022-09-14 18:55:25.662491,0:11:20.319188,15.8,16.4
2022-09-14 18:44:05.354053,2022-09-14 18:44:05.355128,2022-09-14 18:55:25.674407,0:11:20.320286,25.0,16.4
2022-09-14 18:44:05.365156,2022-09-14 18:44:05.377365,2022-09-14 18:55:25.718363,0:11:20.353140,19.2,16.4
2022-09-14 18:44:05.382085,2022-09-14 18:44:05.393753,2022-09-14 18:55:25.754280,0:11:20.372129,19.0,16.4
2022-09-14 18:44:05.387417,2022-09-14 18:44:05.393706,2022-09-14 18:55:25.763487,0:11:20.376007,33.3,16.4
2022-09-14 18:44:05.381868,2022-09-14 18:44:05.388461,2022-09-14 18:55:25.797981,0:11:20.416052,19.0,16.4
2022-09-14 18:44:05.370538,2022-09-14 18:44:05.399552,2022-09-14 18:55:25.803759,0:11:20.433164,40.0,16.4
2022-09-14 18:44:05.376011,2022-09-14 18:44:05.376945,2022-09-14 18:55:25.810064,0:11:20.434000,0.0,16.4
2022-09-14 18:44:05.398621,2022-09-14 18:44:05.405686,2022-09-14 18:55:25.822855,0:11:20.424182,25.0,16.4
2022-09-14 18:44:05.410126,2022-09-14 18:44:05.416519,2022-09-14 18:55:25.833499,0:11:20.423323,16.7,16.4
2022-09-14 18:44:05.353866,2022-09-14 18:44:05.405362,2022-09-14 18:55:25.887236,0:11:20.533317,18.7,16.4
2022-09-14 18:44:05.421521,2022-09-14 18:44:05.428285,2022-09-14 18:55:25.908521,0:11:20.486949,15.4,16.4
2022-09-14 18:44:05.447218,2022-09-14 18:44:05.453519,2022-09-14 18:55:25.953799,0:11:20.506527,19.2,16.4
2022-09-14 18:44:05.475311,2022-09-14 18:44:05.476340,2022-09-14 18:55:25.966524,0:11:20.491162,14.3,16.4
2022-09-14 18:44:05.474959,2022-09-14 18:44:05.477336,2022-09-14 18:55:25.985303,0:11:20.510293,25.0,16.4
2022-09-14 18:44:05.452747,2022-09-14 18:44:05.465154,2022-09-14 18:55:25.991317,0:11:20.538520,25.0,16.4
2022-09-14 18:44:05.458313,2022-09-14 18:44:05.459237,2022-09-14 18:55:26.005116,0:11:20.546737,25.0,16.4
2022-09-14 18:44:05.415510,2022-09-14 18:44:05.464732,2022-09-14 18:55:26.018057,0:11:20.602496,25.0,16.4
2022-09-14 18:44:05.452962,2022-09-14 18:44:05.476414,2022-09-14 18:55:26.038576,0:11:20.585564,23.1,16.4
2022-09-14 18:44:05.458541,2022-09-14 18:44:05.465120,2022-09-14 18:55:26.058016,0:11:20.599425,18.2,16.4
2022-09-14 18:44:05.475120,2022-09-14 18:44:05.476534,2022-09-14 18:55:26.063824,0:11:20.588656,50.0,16.4
2022-09-14 18:44:05.487692,2022-09-14 18:44:05.488757,2022-09-14 18:55:26.080294,0:11:20.592552,12.5,16.4
2022-09-14 18:44:05.476394,2022-09-14 18:44:05.478120,2022-09-14 18:55:26.091051,0:11:20.614604,28.6,16.4
2022-09-14 18:44:05.518236,2022-09-14 18:44:05.535809,2022-09-14 18:55:26.136990,0:11:20.618701,14.8,16.4
2022-09-14 18:44:05.518547,2022-09-14 18:44:05.524884,2022-09-14 18:55:26.160009,0:11:20.641411,21.4,16.4
2022-09-14 18:44:05.524180,2022-09-14 18:44:05.535377,2022-09-14 18:55:26.178700,0:11:20.654462,18.2,16.4
2022-09-14 18:44:05.541215,2022-09-14 18:44:05.547864,2022-09-14 18:55:26.201832,0:11:20.660564,15.4,16.4
2022-09-14 18:44:05.518685,2022-09-14 18:44:05.541717,2022-09-14 18:55:26.216402,0:11:20.697666,22.2,16.4
2022-09-14 18:44:05.518072,2022-09-14 18:44:05.524834,2022-09-14 18:55:26.231057,0:11:20.712934,12.5,16.4
2022-09-14 18:44:05.541442,2022-09-14 18:44:05.542445,2022-09-14 18:55:26.239619,0:11:20.698127,20.0,16.4
2022-09-14 18:44:05.540698,2022-09-14 18:44:05.547975,2022-09-14 18:55:26.256813,0:11:20.716066,20.0,16.4
2022-09-14 18:44:05.541033,2022-09-14 18:44:05.554054,2022-09-14 18:55:26.278566,0:11:20.737483,16.7,16.4
2022-09-14 18:44:05.581015,2022-09-14 18:44:05.582062,2022-09-14 18:55:26.292005,0:11:20.710939,25.0,16.4
2022-09-14 18:44:05.553059,2022-09-14 18:44:05.576136,2022-09-14 18:55:26.304517,0:11:20.751409,25.0,16.4
2022-09-14 18:44:05.597642,2022-09-14 18:44:05.615466,2022-09-14 18:55:26.370034,0:11:20.772340,15.8,16.4
2022-09-14 18:44:05.603862,2022-09-14 18:44:05.615466,2022-09-14 18:55:26.378946,0:11:20.775029,33.3,16.4
2022-09-14 18:44:05.603362,2022-09-14 18:44:05.615815,2022-09-14 18:55:26.388028,0:11:20.784612,0.0,16.4
2022-09-14 18:44:05.580856,2022-09-14 18:44:05.604107,2022-09-14 18:55:26.413899,0:11:20.832988,20.0,16.4
2022-09-14 18:44:05.614286,2022-09-14 18:44:05.615874,2022-09-14 18:55:26.431557,0:11:20.817211,20.0,16.4
2022-09-14 18:44:05.614520,2022-09-14 18:44:05.632593,2022-09-14 18:55:26.457803,0:11:20.843223,18.7,16.4
2022-09-14 18:44:05.614785,2022-09-14 18:44:05.626506,2022-09-14 18:55:26.475656,0:11:20.860812,20.0,16.4
2022-09-14 18:44:05.603667,2022-09-14 18:44:05.632535,2022-09-14 18:55:26.487060,0:11:20.883336,25.0,16.4
2022-09-14 18:44:05.603507,2022-09-14 18:44:05.643171,2022-09-14 18:55:26.498063,0:11:20.894501,16.7,16.4
2022-09-14 18:44:05.642500,2022-09-14 18:44:05.650216,2022-09-14 18:55:26.528686,0:11:20.886123,22.2,16.4
2022-09-14 18:44:05.648449,2022-09-14 18:44:05.661736,2022-09-14 18:55:26.570721,0:11:20.922198,19.2,16.4
2022-09-14 18:44:05.677854,2022-09-14 18:44:05.678836,2022-09-14 18:55:26.610112,0:11:20.932204,17.4,16.4
2022-09-14 18:44:05.677660,2022-09-14 18:44:05.684721,2022-09-14 18:55:26.625462,0:11:20.947749,30.0,16.4
2022-09-14 18:44:05.666303,2022-09-14 18:44:05.679403,2022-09-14 18:55:26.638726,0:11:20.972343,25.0,16.4
2022-09-14 18:44:05.678126,2022-09-14 18:44:05.690143,2022-09-14 18:55:26.647548,0:11:20.969370,20.0,16.4
2022-09-14 18:44:05.660623,2022-09-14 18:44:05.667399,2022-09-14 18:55:26.658173,0:11:20.997500,0.0,16.4
2022-09-14 18:44:05.677312,2022-09-14 18:44:05.690104,2022-09-14 18:55:26.675713,0:11:20.998341,25.0,16.4
2022-09-14 18:44:05.677457,2022-09-14 18:44:05.679259,2022-09-14 18:55:26.690626,0:11:21.013117,12.5,16.4
2022-09-14 18:44:05.678342,2022-09-14 18:44:05.690476,2022-09-14 18:55:26.701709,0:11:21.023303,16.7,16.4
2022-09-14 18:44:05.706145,2022-09-14 18:44:05.707556,2022-09-14 18:55:26.721319,0:11:21.015123,25.0,16.4
2022-09-14 18:44:05.712745,2022-09-14 18:44:05.713759,2022-09-14 18:55:26.734548,0:11:21.021752,22.2,16.4
2022-09-14 18:44:05.739698,2022-09-14 18:44:05.746523,2022-09-14 18:55:26.798295,0:11:21.058533,18.9,16.4
2022-09-14 18:44:05.745550,2022-09-14 18:44:05.757366,2022-09-14 18:55:26.826521,0:11:21.080912,17.6,16.4
2022-09-14 18:44:05.745240,2022-09-14 18:44:05.757547,2022-09-14 18:55:26.835351,0:11:21.090055,20.0,16.4
2022-09-14 18:44:05.739540,2022-09-14 18:44:05.752076,2022-09-14 18:55:26.855208,0:11:21.115601,18.2,16.4
2022-09-14 18:44:05.751087,2022-09-14 18:44:05.757404,2022-09-14 18:55:26.868135,0:11:21.116995,22.2,16.4
2022-09-14 18:44:05.739226,2022-09-14 18:44:05.768552,2022-09-14 18:55:26.883275,0:11:21.143996,12.5,16.4
2022-09-14 18:44:05.778854,2022-09-14 18:44:05.780514,2022-09-14 18:55:26.904746,0:11:21.125839,23.1,16.4
2022-09-14 18:44:05.750949,2022-09-14 18:44:05.768552,2022-09-14 18:55:26.917516,0:11:21.166516,14.3,16.4
2022-09-14 18:44:05.767581,2022-09-14 18:44:05.779358,2022-09-14 18:55:26.936093,0:11:21.168457,35.7,16.4
2022-09-14 18:44:05.739403,2022-09-14 18:44:05.757366,2022-09-14 18:55:26.958338,0:11:21.218884,15.4,16.4
2022-09-14 18:44:05.801607,2022-09-14 18:44:05.802562,2022-09-14 18:55:26.993485,0:11:21.191825,20.0,16.4
2022-09-14 18:44:05.807248,2022-09-14 18:44:05.813384,2022-09-14 18:55:27.003279,0:11:21.195972,28.6,16.4
2022-09-14 18:44:05.807045,2022-09-14 18:44:05.814144,2022-09-14 18:55:27.036184,0:11:21.229081,15.8,16.4
2022-09-14 18:44:05.812599,2022-09-14 18:44:05.814076,2022-09-14 18:55:27.042408,0:11:21.229743,25.0,16.4
2022-09-14 18:44:05.812997,2022-09-14 18:44:05.820445,2022-09-14 18:55:27.084282,0:11:21.271229,20.0,16.4
2022-09-14 18:44:05.812790,2022-09-14 18:44:05.831394,2022-09-14 18:55:27.103837,0:11:21.290994,16.7,16.4
2022-09-14 18:44:05.813147,2022-09-14 18:44:05.825888,2022-09-14 18:55:27.112986,0:11:21.299788,20.0,16.4
2022-09-14 18:44:05.867769,2022-09-14 18:44:05.885315,2022-09-14 18:55:27.152223,0:11:21.284400,20.8,16.4
2022-09-14 18:44:05.867306,2022-09-14 18:44:05.896507,2022-09-14 18:55:27.181272,0:11:21.313901,17.6,16.4
2022-09-14 18:44:05.813549,2022-09-14 18:44:05.814772,2022-09-14 18:55:27.200281,0:11:21.386664,18.2,16.4
2022-09-14 18:44:05.867163,2022-09-14 18:44:05.901743,2022-09-14 18:55:27.228846,0:11:21.361618,18.7,16.4
2022-09-14 18:44:05.873291,2022-09-14 18:44:05.885315,2022-09-14 18:55:27.239720,0:11:21.366361,25.0,16.4
2022-09-14 18:44:05.830311,2022-09-14 18:44:05.857470,2022-09-14 18:55:27.248545,0:11:21.418172,20.0,16.4
2022-09-14 18:44:05.884344,2022-09-14 18:44:05.885315,2022-09-14 18:55:27.261968,0:11:21.377568,14.3,16.4
2022-09-14 18:44:05.884660,2022-09-14 18:44:05.907746,2022-09-14 18:55:27.279062,0:11:21.394346,27.3,16.4
2022-09-14 18:44:05.841230,2022-09-14 18:44:05.874065,2022-09-14 18:55:27.291976,0:11:21.450696,14.3,16.4
2022-09-14 18:44:05.906846,2022-09-14 18:44:05.909161,2022-09-14 18:55:27.309817,0:11:21.402916,18.2,16.4
2022-09-14 18:44:05.873560,2022-09-14 18:44:05.907258,2022-09-14 18:55:27.315808,0:11:21.442194,33.3,16.4
2022-09-14 18:44:05.884208,2022-09-14 18:44:05.907211,2022-09-14 18:55:27.327020,0:11:21.442758,16.7,16.4
2022-09-14 18:44:05.941473,2022-09-14 18:44:05.948070,2022-09-14 18:55:27.382305,0:11:21.440777,22.9,16.4
2022-09-14 18:44:05.936021,2022-09-14 18:44:05.947670,2022-09-14 18:55:27.391148,0:11:21.455074,20.0,16.4
2022-09-14 18:44:05.935643,2022-09-14 18:44:05.942443,2022-09-14 18:55:27.399906,0:11:21.464210,33.3,16.4
2022-09-14 18:44:05.906599,2022-09-14 18:44:05.908045,2022-09-14 18:55:27.419359,0:11:21.512707,18.2,16.4
2022-09-14 18:44:05.952925,2022-09-14 18:44:05.965023,2022-09-14 18:55:27.453014,0:11:21.500033,19.0,16.4
2022-09-14 18:44:05.947064,2022-09-14 18:44:05.948050,2022-09-14 18:55:27.461783,0:11:21.514666,33.3,16.4
2022-09-14 18:44:05.941282,2022-09-14 18:44:05.942486,2022-09-14 18:55:27.487033,0:11:21.545698,20.0,16.4
2022-09-14 18:44:05.947507,2022-09-14 18:44:05.976528,2022-09-14 18:55:27.509009,0:11:21.561445,23.1,16.4
2022-09-14 18:44:05.975446,2022-09-14 18:44:05.981698,2022-09-14 18:55:27.548778,0:11:21.573279,20.8,16.4
2022-09-14 18:44:05.935871,2022-09-14 18:44:05.982155,2022-09-14 18:55:27.574322,0:11:21.638398,18.7,16.4
2022-09-14 18:44:06.007616,2022-09-14 18:44:06.019417,2022-09-14 18:55:27.594027,0:11:21.586356,25.0,16.4
2022-09-14 18:44:06.007806,2022-09-14 18:44:06.020178,2022-09-14 18:55:27.615688,0:11:21.607815,16.7,16.4
2022-09-14 18:44:06.007969,2022-09-14 18:44:06.025710,2022-09-14 18:55:27.635067,0:11:21.627045,23.1,16.4
2022-09-14 18:44:06.018274,2022-09-14 18:44:06.020342,2022-09-14 18:55:27.646102,0:11:21.627772,16.7,16.4
2022-09-14 18:44:06.008575,2022-09-14 18:44:06.019417,2022-09-14 18:55:27.656930,0:11:21.648304,28.6,16.4
2022-09-14 18:44:06.019267,2022-09-14 18:44:06.047533,2022-09-14 18:55:27.667910,0:11:21.648588,16.7,16.4
2022-09-14 18:44:06.008342,2022-09-14 18:44:06.019699,2022-09-14 18:55:27.678907,0:11:21.670512,28.6,16.4
2022-09-14 18:44:05.969910,2022-09-14 18:44:06.009086,2022-09-14 18:55:27.712486,0:11:21.742522,15.8,16.4
2022-09-14 18:44:06.058073,2022-09-14 18:44:06.074212,2022-09-14 18:55:27.749617,0:11:21.691488,18.2,16.4
2022-09-14 18:44:06.072973,2022-09-14 18:44:06.081125,2022-09-14 18:55:27.772275,0:11:21.699248,21.4,16.4
2022-09-14 18:44:06.073115,2022-09-14 18:44:06.074392,2022-09-14 18:55:27.782759,0:11:21.709574,16.7,16.4
2022-09-14 18:44:06.074125,2022-09-14 18:44:06.075474,2022-09-14 18:55:27.799647,0:11:21.725466,20.0,16.4
2022-09-14 18:44:06.091856,2022-09-14 18:44:06.092822,2022-09-14 18:55:27.814531,0:11:21.722618,12.5,16.4
2022-09-14 18:44:06.030152,2022-09-14 18:44:06.074506,2022-09-14 18:55:27.823064,0:11:21.792854,20.0,16.4
2022-09-14 18:44:06.073965,2022-09-14 18:44:06.075357,2022-09-14 18:55:27.846173,0:11:21.772139,21.4,16.4
2022-09-14 18:44:06.097387,2022-09-14 18:44:06.104476,2022-09-14 18:55:27.860870,0:11:21.763416,30.0,16.4
2022-09-14 18:44:06.080437,2022-09-14 18:44:06.087240,2022-09-14 18:55:27.869255,0:11:21.788753,20.0,16.4
2022-09-14 18:44:06.018415,2022-09-14 18:44:06.047776,2022-09-14 18:55:27.885980,0:11:21.867498,12.5,16.4
2022-09-14 18:44:06.097638,2022-09-14 18:44:06.104689,2022-09-14 18:55:27.903470,0:11:21.805766,25.0,16.4
2022-09-14 18:44:06.080647,2022-09-14 18:44:06.121475,2022-09-14 18:55:27.930168,0:11:21.849453,20.0,16.4
2022-09-14 18:44:06.136697,2022-09-14 18:44:06.144148,2022-09-14 18:55:27.983707,0:11:21.846934,21.2,16.4
2022-09-14 18:44:06.142270,2022-09-14 18:44:06.143909,2022-09-14 18:55:27.998424,0:11:21.856089,12.5,16.4
2022-09-14 18:44:06.142100,2022-09-14 18:44:06.144275,2022-09-14 18:55:28.014184,0:11:21.872017,22.2,16.4
2022-09-14 18:44:06.142894,2022-09-14 18:44:06.143909,2022-09-14 18:55:28.033611,0:11:21.890654,23.1,16.4
2022-09-14 18:44:06.136877,2022-09-14 18:44:06.143393,2022-09-14 18:55:28.050373,0:11:21.913422,20.0,16.4
2022-09-14 18:44:06.136505,2022-09-14 18:44:06.144148,2022-09-14 18:55:28.064439,0:11:21.927864,14.3,16.4
2022-09-14 18:44:06.159638,2022-09-14 18:44:06.165960,2022-09-14 18:55:28.075864,0:11:21.916160,25.0,16.4
2022-09-14 18:44:06.159475,2022-09-14 18:44:06.183197,2022-09-14 18:55:28.105317,0:11:21.945773,17.6,16.4
2022-09-14 18:44:06.165359,2022-09-14 18:44:06.193937,2022-09-14 18:55:28.133791,0:11:21.968361,17.6,16.4
2022-09-14 18:44:06.198436,2022-09-14 18:44:06.205456,2022-09-14 18:55:28.171189,0:11:21.972683,18.2,16.4
2022-09-14 18:44:06.120362,2022-09-14 18:44:06.149546,2022-09-14 18:55:28.188535,0:11:22.068104,20.0,16.4
2022-09-14 18:44:06.205254,2022-09-14 18:44:06.206393,2022-09-14 18:55:28.204934,0:11:21.999613,20.0,16.4
2022-09-14 18:44:06.198654,2022-09-14 18:44:06.205370,2022-09-14 18:55:28.211589,0:11:22.012870,25.0,16.4
2022-09-14 18:44:06.181857,2022-09-14 18:44:06.206282,2022-09-14 18:55:28.223259,0:11:22.041332,16.7,16.4
2022-09-14 18:44:06.203993,2022-09-14 18:44:06.205456,2022-09-14 18:55:28.236547,0:11:22.032484,12.5,16.4
2022-09-14 18:44:06.204851,2022-09-14 18:44:06.206266,2022-09-14 18:55:28.261579,0:11:22.056659,20.0,16.4
2022-09-14 18:44:06.205001,2022-09-14 18:44:06.229068,2022-09-14 18:55:28.296291,0:11:22.091220,19.0,16.4
2022-09-14 18:44:06.221241,2022-09-14 18:44:06.229340,2022-09-14 18:55:28.308888,0:11:22.087581,25.0,16.4
2022-09-14 18:44:06.228052,2022-09-14 18:44:06.229099,2022-09-14 18:55:28.330876,0:11:22.102752,23.1,16.4
2022-09-14 18:44:06.228846,2022-09-14 18:44:06.241126,2022-09-14 18:55:28.341903,0:11:22.112990,16.7,16.4
2022-09-14 18:44:06.269549,2022-09-14 18:44:06.271089,2022-09-14 18:55:28.416213,0:11:22.146597,18.2,16.4
2022-09-14 18:44:06.263829,2022-09-14 18:44:06.270228,2022-09-14 18:55:28.425315,0:11:22.161420,28.6,16.4
2022-09-14 18:44:06.269234,2022-09-14 18:44:06.270309,2022-09-14 18:55:28.439669,0:11:22.170368,25.0,16.4
2022-09-14 18:44:06.269750,2022-09-14 18:44:06.271152,2022-09-14 18:55:28.447429,0:11:22.177620,20.0,16.4
2022-09-14 18:44:06.256081,2022-09-14 18:44:06.264744,2022-09-14 18:55:28.458584,0:11:22.202448,0.0,16.4
2022-09-14 18:44:06.275717,2022-09-14 18:44:06.276707,2022-09-14 18:55:28.493689,0:11:22.217905,19.0,16.4
2022-09-14 18:44:06.287099,2022-09-14 18:44:06.299521,2022-09-14 18:55:28.529072,0:11:22.241916,18.2,16.4
2022-09-14 18:44:06.292498,2022-09-14 18:44:06.310282,2022-09-14 18:55:28.535279,0:11:22.242726,25.0,16.4
2022-09-14 18:44:06.336658,2022-09-14 18:44:06.337707,2022-09-14 18:55:28.583710,0:11:22.246989,20.7,16.4
2022-09-14 18:44:06.298074,2022-09-14 18:44:06.299185,2022-09-14 18:55:28.597805,0:11:22.299679,12.5,16.4
2022-09-14 18:44:06.287223,2022-09-14 18:44:06.299083,2022-09-14 18:55:28.608415,0:11:22.321141,28.6,16.4
2022-09-14 18:44:06.336092,2022-09-14 18:44:06.337741,2022-09-14 18:55:28.627256,0:11:22.291109,18.2,16.4
2022-09-14 18:44:06.337102,2022-09-14 18:44:06.343324,2022-09-14 18:55:28.646442,0:11:22.309289,18.2,16.4
2022-09-14 18:44:06.335925,2022-09-14 18:44:06.343593,2022-09-14 18:55:28.654171,0:11:22.318197,20.0,16.4
2022-09-14 18:44:06.336249,2022-09-14 18:44:06.354823,2022-09-14 18:55:28.676255,0:11:22.339954,15.4,16.4
2022-09-14 18:44:06.359764,2022-09-14 18:44:06.361279,2022-09-14 18:55:28.687113,0:11:22.327298,28.6,16.4
2022-09-14 18:44:06.365920,2022-09-14 18:44:06.367718,2022-09-14 18:55:28.733077,0:11:22.367103,15.4,16.4
2022-09-14 18:44:06.325498,2022-09-14 18:44:06.337741,2022-09-14 18:55:28.739137,0:11:22.413587,25.0,16.4
2022-09-14 18:44:06.366269,2022-09-14 18:44:06.367738,2022-09-14 18:55:28.751420,0:11:22.385100,14.3,16.4
2022-09-14 18:44:06.359599,2022-09-14 18:44:06.367471,2022-09-14 18:55:28.764000,0:11:22.404352,14.3,16.4
2022-09-14 18:44:06.401887,2022-09-14 18:44:06.408860,2022-09-14 18:55:28.843287,0:11:22.441344,17.0,16.4
2022-09-14 18:44:06.401272,2022-09-14 18:44:06.414399,2022-09-14 18:55:28.851818,0:11:22.450493,20.0,16.4
2022-09-14 18:44:06.402080,2022-09-14 18:44:06.403120,2022-09-14 18:55:28.862094,0:11:22.459963,16.7,16.4
2022-09-14 18:44:06.413298,2022-09-14 18:44:06.414399,2022-09-14 18:55:28.881860,0:11:22.468512,18.2,16.4
2022-09-14 18:44:06.423976,2022-09-14 18:44:06.452506,2022-09-14 18:55:28.914027,0:11:22.489998,20.0,16.4
2022-09-14 18:44:06.424300,2022-09-14 18:44:06.441708,2022-09-14 18:55:28.928698,0:11:22.504337,22.2,16.4
2022-09-14 18:44:06.401665,2022-09-14 18:44:06.403173,2022-09-14 18:55:28.934556,0:11:22.532840,25.0,16.4
2022-09-14 18:44:06.430274,2022-09-14 18:44:06.441936,2022-09-14 18:55:28.980790,0:11:22.550461,17.9,16.4
2022-09-14 18:44:06.401425,2022-09-14 18:44:06.419473,2022-09-14 18:55:29.015366,0:11:22.613884,20.0,16.4
2022-09-14 18:44:06.474143,2022-09-14 18:44:06.481151,2022-09-14 18:55:29.032002,0:11:22.557806,11.1,16.4
2022-09-14 18:44:06.473716,2022-09-14 18:44:06.481522,2022-09-14 18:55:29.037296,0:11:22.563530,25.0,16.4
2022-09-14 18:44:06.462427,2022-09-14 18:44:06.475415,2022-09-14 18:55:29.045334,0:11:22.582859,25.0,16.4
2022-09-14 18:44:06.474350,2022-09-14 18:44:06.475415,2022-09-14 18:55:29.054868,0:11:22.580470,28.6,16.4
2022-09-14 18:44:06.430125,2022-09-14 18:44:06.474823,2022-09-14 18:55:29.064751,0:11:22.634576,16.7,16.4
2022-09-14 18:44:06.462749,2022-09-14 18:44:06.463805,2022-09-14 18:55:29.086242,0:11:22.623442,16.7,16.4
2022-09-14 18:44:06.463070,2022-09-14 18:44:06.481485,2022-09-14 18:55:29.104799,0:11:22.641679,25.0,16.4
2022-09-14 18:44:06.486394,2022-09-14 18:44:06.488077,2022-09-14 18:55:29.112896,0:11:22.626453,20.0,16.4
2022-09-14 18:44:06.487550,2022-09-14 18:44:06.488750,2022-09-14 18:55:29.142386,0:11:22.654785,17.6,16.4
2022-09-14 18:44:06.493281,2022-09-14 18:44:06.499965,2022-09-14 18:55:29.151942,0:11:22.658611,16.7,16.4
2022-09-14 18:44:06.525960,2022-09-14 18:44:06.527343,2022-09-14 18:55:29.196485,0:11:22.670475,18.5,16.4
2022-09-14 18:44:06.526135,2022-09-14 18:44:06.527389,2022-09-14 18:55:29.231146,0:11:22.704957,15.0,16.4
2022-09-14 18:44:06.537763,2022-09-14 18:44:06.544627,2022-09-14 18:55:29.250543,0:11:22.712729,18.2,16.4
2022-09-14 18:44:06.537592,2022-09-14 18:44:06.544487,2022-09-14 18:55:29.261230,0:11:22.723588,16.7,16.4
2022-09-14 18:44:06.537446,2022-09-14 18:44:06.543995,2022-09-14 18:55:29.268456,0:11:22.730961,25.0,16.4
2022-09-14 18:44:06.526357,2022-09-14 18:44:06.527570,2022-09-14 18:55:29.295977,0:11:22.769570,17.6,16.4
2022-09-14 18:44:06.560347,2022-09-14 18:44:06.561644,2022-09-14 18:55:29.313536,0:11:22.753140,20.0,16.4
2022-09-14 18:44:06.549640,2022-09-14 18:44:06.550606,2022-09-14 18:55:29.327496,0:11:22.777807,30.0,16.4
2022-09-14 18:44:06.560728,2022-09-14 18:44:06.567044,2022-09-14 18:55:29.355739,0:11:22.794961,17.6,16.4
2022-09-14 18:44:06.588697,2022-09-14 18:44:06.589982,2022-09-14 18:55:29.369179,0:11:22.780433,14.3,16.4
2022-09-14 18:44:06.549266,2022-09-14 18:44:06.572480,2022-09-14 18:55:29.396552,0:11:22.847236,23.5,16.4
2022-09-14 18:44:06.588469,2022-09-14 18:44:06.595912,2022-09-14 18:55:29.417031,0:11:22.828512,16.7,16.4
2022-09-14 18:44:06.588879,2022-09-14 18:44:06.589891,2022-09-14 18:55:29.428385,0:11:22.839456,25.0,16.4
2022-09-14 18:44:06.605747,2022-09-14 18:44:06.606738,2022-09-14 18:55:29.451821,0:11:22.846021,15.4,16.4
2022-09-14 18:44:06.616869,2022-09-14 18:44:06.618462,2022-09-14 18:55:29.497541,0:11:22.880616,17.9,16.4
2022-09-14 18:44:06.622957,2022-09-14 18:44:06.645306,2022-09-14 18:55:29.508615,0:11:22.885603,16.7,16.4
2022-09-14 18:44:06.617357,2022-09-14 18:44:06.640098,2022-09-14 18:55:29.533041,0:11:22.915631,20.0,16.4
2022-09-14 18:44:06.606130,2022-09-14 18:44:06.645444,2022-09-14 18:55:29.543385,0:11:22.937203,28.6,16.4
2022-09-14 18:44:06.639042,2022-09-14 18:44:06.646148,2022-09-14 18:55:29.583879,0:11:22.944781,16.7,16.4
2022-09-14 18:44:06.633536,2022-09-14 18:44:06.634586,2022-09-14 18:55:29.589794,0:11:22.956204,0.0,16.4
2022-09-14 18:44:06.651167,2022-09-14 18:44:06.663105,2022-09-14 18:55:29.614565,0:11:22.963347,20.0,16.4
2022-09-14 18:44:06.667943,2022-09-14 18:44:06.669173,2022-09-14 18:55:29.626402,0:11:22.958409,14.3,16.4
2022-09-14 18:44:06.651381,2022-09-14 18:44:06.663274,2022-09-14 18:55:29.635031,0:11:22.983601,20.0,16.4
2022-09-14 18:44:06.650874,2022-09-14 18:44:06.669173,2022-09-14 18:55:29.655306,0:11:23.004383,16.7,16.4
2022-09-14 18:44:06.679761,2022-09-14 18:44:06.680747,2022-09-14 18:55:29.681329,0:11:23.001518,14.3,16.4
2022-09-14 18:44:06.685894,2022-09-14 18:44:06.687077,2022-09-14 18:55:29.705090,0:11:23.019135,20.0,16.4
2022-09-14 18:44:06.680238,2022-09-14 18:44:06.692335,2022-09-14 18:55:29.723690,0:11:23.043391,25.0,16.4
2022-09-14 18:44:06.698909,2022-09-14 18:44:06.716267,2022-09-14 18:55:29.776081,0:11:23.077119,16.1,16.4
2022-09-14 18:44:06.715327,2022-09-14 18:44:06.716980,2022-09-14 18:55:29.786072,0:11:23.070693,20.0,16.4
2022-09-14 18:44:06.692155,2022-09-14 18:44:06.716785,2022-09-14 18:55:29.803722,0:11:23.111509,25.0,16.4
2022-09-14 18:44:06.726697,2022-09-14 18:44:06.727983,2022-09-14 18:55:29.821742,0:11:23.094990,18.2,16.4
2022-09-14 18:44:06.704318,2022-09-14 18:44:06.716722,2022-09-14 18:55:29.835604,0:11:23.131234,25.0,16.4
2022-09-14 18:44:06.732879,2022-09-14 18:44:06.739702,2022-09-14 18:55:29.845918,0:11:23.112989,0.0,16.4
2022-09-14 18:44:06.715751,2022-09-14 18:44:06.728362,2022-09-14 18:55:29.872047,0:11:23.156242,23.5,16.4
2022-09-14 18:44:06.756294,2022-09-14 18:44:06.779047,2022-09-14 18:55:29.924963,0:11:23.168614,16.1,16.4
2022-09-14 18:44:06.756743,2022-09-14 18:44:06.773650,2022-09-14 18:55:29.934880,0:11:23.178082,20.0,16.4
2022-09-14 18:44:06.744534,2022-09-14 18:44:06.757734,2022-09-14 18:55:29.977357,0:11:23.232766,16.0,16.4
2022-09-14 18:44:06.795075,2022-09-14 18:44:06.806716,2022-09-14 18:55:29.988232,0:11:23.193106,28.6,16.4
2022-09-14 18:44:06.744989,2022-09-14 18:44:06.757293,2022-09-14 18:55:30.020019,0:11:23.274973,15.8,16.4
2022-09-14 18:44:06.767322,2022-09-14 18:44:06.779474,2022-09-14 18:55:30.038158,0:11:23.270781,10.0,16.4
2022-09-14 18:44:06.789753,2022-09-14 18:44:06.806791,2022-09-14 18:55:30.046756,0:11:23.256925,33.3,16.4
2022-09-14 18:44:06.772875,2022-09-14 18:44:06.807309,2022-09-14 18:55:30.059114,0:11:23.286186,16.7,16.4
2022-09-14 18:44:06.778418,2022-09-14 18:44:06.779569,2022-09-14 18:55:30.069498,0:11:23.291028,16.7,16.4
2022-09-14 18:44:06.806094,2022-09-14 18:44:06.807396,2022-09-14 18:55:30.092056,0:11:23.285909,21.4,16.4
2022-09-14 18:44:06.795246,2022-09-14 18:44:06.801528,2022-09-14 18:55:30.100474,0:11:23.305177,20.0,16.4
2022-09-14 18:44:06.812162,2022-09-14 18:44:06.813142,2022-09-14 18:55:30.130831,0:11:23.318616,16.7,16.4
2022-09-14 18:44:06.823318,2022-09-14 18:44:06.846958,2022-09-14 18:55:30.162000,0:11:23.338632,16.7,16.4
2022-09-14 18:44:06.817983,2022-09-14 18:44:06.824497,2022-09-14 18:55:30.176866,0:11:23.358832,22.2,16.4
2022-09-14 18:44:06.840476,2022-09-14 18:44:06.847563,2022-09-14 18:55:30.193157,0:11:23.352631,20.0,16.4
2022-09-14 18:44:06.829053,2022-09-14 18:44:06.835717,2022-09-14 18:55:30.226157,0:11:23.397051,15.8,16.4
2022-09-14 18:44:06.857527,2022-09-14 18:44:06.858902,2022-09-14 18:55:30.250206,0:11:23.392626,25.0,16.4
2022-09-14 18:44:06.834907,2022-09-14 18:44:06.847563,2022-09-14 18:55:30.272719,0:11:23.437754,21.4,16.4
2022-09-14 18:44:06.857724,2022-09-14 18:44:06.874425,2022-09-14 18:55:30.283420,0:11:23.425647,16.7,16.4
2022-09-14 18:44:06.878920,2022-09-14 18:44:06.880369,2022-09-14 18:55:30.302456,0:11:23.423486,18.2,16.4
2022-09-14 18:44:06.879265,2022-09-14 18:44:06.886065,2022-09-14 18:55:30.315950,0:11:23.436636,12.5,16.4
2022-09-14 18:44:06.879412,2022-09-14 18:44:06.886114,2022-09-14 18:55:30.354304,0:11:23.474841,21.7,16.4
2022-09-14 18:44:06.897006,2022-09-14 18:44:06.906962,2022-09-14 18:55:30.370110,0:11:23.473055,20.0,16.4
2022-09-14 18:44:06.884923,2022-09-14 18:44:06.892326,2022-09-14 18:55:30.382815,0:11:23.497837,25.0,16.4
2022-09-14 18:44:06.891276,2022-09-14 18:44:06.907037,2022-09-14 18:55:30.394591,0:11:23.503265,16.7,16.4
2022-09-14 18:44:06.905873,2022-09-14 18:44:06.912585,2022-09-14 18:55:30.422751,0:11:23.516813,17.6,16.4
2022-09-14 18:44:06.923209,2022-09-14 18:44:06.929598,2022-09-14 18:55:30.434656,0:11:23.511397,14.3,16.4
2022-09-14 18:44:06.939652,2022-09-14 18:44:06.941537,2022-09-14 18:55:30.477546,0:11:23.537842,19.2,16.4
2022-09-14 18:44:06.896845,2022-09-14 18:44:06.929341,2022-09-14 18:55:30.486079,0:11:23.589184,20.0,16.4
2022-09-14 18:44:06.928912,2022-09-14 18:44:06.940787,2022-09-14 18:55:30.497753,0:11:23.568790,37.5,16.4
2022-09-14 18:44:06.939521,2022-09-14 18:44:06.941494,2022-09-14 18:55:30.509925,0:11:23.570353,25.0,16.4
2022-09-14 18:44:06.940003,2022-09-14 18:44:06.941732,2022-09-14 18:55:30.567161,0:11:23.627100,17.6,16.4
2022-09-14 18:44:06.957507,2022-09-14 18:44:06.974871,2022-09-14 18:55:30.591056,0:11:23.633491,14.3,16.4
2022-09-14 18:44:06.958100,2022-09-14 18:44:06.969546,2022-09-14 18:55:30.596468,0:11:23.638317,33.3,16.4
2022-09-14 18:44:06.974149,2022-09-14 18:44:06.980280,2022-09-14 18:55:30.622690,0:11:23.648482,13.3,16.4
2022-09-14 18:44:06.990408,2022-09-14 18:44:06.991624,2022-09-14 18:55:30.638053,0:11:23.647594,11.1,16.4
2022-09-14 18:44:06.990094,2022-09-14 18:44:06.991458,2022-09-14 18:55:30.682009,0:11:23.691862,19.2,16.4
2022-09-14 18:44:06.957892,2022-09-14 18:44:06.974828,2022-09-14 18:55:30.690182,0:11:23.732239,20.0,16.4
2022-09-14 18:44:06.957372,2022-09-14 18:44:06.974828,2022-09-14 18:55:30.707667,0:11:23.750245,20.0,16.4
2022-09-14 18:44:07.001649,2022-09-14 18:44:07.003717,2022-09-14 18:55:30.719272,0:11:23.717573,25.0,16.4
2022-09-14 18:44:07.002670,2022-09-14 18:44:07.014631,2022-09-14 18:55:30.748571,0:11:23.745851,17.6,16.4
2022-09-14 18:44:07.002306,2022-09-14 18:44:07.003307,2022-09-14 18:55:30.779129,0:11:23.776770,21.1,16.4
2022-09-14 18:44:07.019503,2022-09-14 18:44:07.031440,2022-09-14 18:55:30.800977,0:11:23.781422,15.4,16.4
2022-09-14 18:44:07.019840,2022-09-14 18:44:07.042204,2022-09-14 18:55:30.819472,0:11:23.799580,18.2,16.4
2022-09-14 18:44:07.035782,2022-09-14 18:44:07.053317,2022-09-14 18:55:30.831943,0:11:23.796110,25.0,16.4
2022-09-14 18:44:07.063037,2022-09-14 18:44:07.075525,2022-09-14 18:55:30.867433,0:11:23.804344,19.0,16.4
2022-09-14 18:44:07.030403,2022-09-14 18:44:07.047495,2022-09-14 18:55:30.888641,0:11:23.858188,16.7,16.4
2022-09-14 18:44:07.052293,2022-09-14 18:44:07.064257,2022-09-14 18:55:30.896724,0:11:23.844375,20.0,16.4
2022-09-14 18:44:07.063253,2022-09-14 18:44:07.086593,2022-09-14 18:55:30.918167,0:11:23.854864,16.7,16.4
2022-09-14 18:44:07.063531,2022-09-14 18:44:07.064621,2022-09-14 18:55:30.926341,0:11:23.862762,20.0,16.4
2022-09-14 18:44:07.074991,2022-09-14 18:44:07.086659,2022-09-14 18:55:30.958951,0:11:23.883910,20.0,16.4
2022-09-14 18:44:07.085740,2022-09-14 18:44:07.103881,2022-09-14 18:55:30.978964,0:11:23.893174,16.7,16.4
2022-09-14 18:44:07.019328,2022-09-14 18:44:07.021063,2022-09-14 18:55:30.993080,0:11:23.973703,12.5,16.4
2022-09-14 18:44:07.096627,2022-09-14 18:44:07.114715,2022-09-14 18:55:31.007203,0:11:23.910506,25.0,16.4
2022-09-14 18:44:07.086029,2022-09-14 18:44:07.103542,2022-09-14 18:55:31.033110,0:11:23.947029,18.7,16.4
2022-09-14 18:44:07.125440,2022-09-14 18:44:07.132196,2022-09-14 18:55:31.057351,0:11:23.931859,20.0,16.4
2022-09-14 18:44:07.125588,2022-09-14 18:44:07.132386,2022-09-14 18:55:31.071536,0:11:23.945898,25.0,16.4
2022-09-14 18:44:07.114192,2022-09-14 18:44:07.126240,2022-09-14 18:55:31.094281,0:11:23.980036,14.3,16.4
2022-09-14 18:44:07.141982,2022-09-14 18:44:07.143312,2022-09-14 18:55:31.109367,0:11:23.967332,22.2,16.4
2022-09-14 18:44:07.085366,2022-09-14 18:44:07.115630,2022-09-14 18:55:31.125976,0:11:24.040559,20.0,16.4
2022-09-14 18:44:07.153589,2022-09-14 18:44:07.160697,2022-09-14 18:55:31.148596,0:11:23.994955,21.4,16.4
2022-09-14 18:44:07.131104,2022-09-14 18:44:07.143312,2022-09-14 18:55:31.155552,0:11:24.024397,25.0,16.4
2022-09-14 18:44:07.159011,2022-09-14 18:44:07.160641,2022-09-14 18:55:31.189165,0:11:24.030103,15.8,16.4
2022-09-14 18:44:07.147965,2022-09-14 18:44:07.161470,2022-09-14 18:55:31.201287,0:11:24.053272,33.3,16.4
2022-09-14 18:44:07.159350,2022-09-14 18:44:07.161573,2022-09-14 18:55:31.220823,0:11:24.061422,16.7,16.4
2022-09-14 18:44:07.201185,2022-09-14 18:44:07.202317,2022-09-14 18:55:31.244434,0:11:24.043198,21.4,16.4
2022-09-14 18:44:07.179530,2022-09-14 18:44:07.186026,2022-09-14 18:55:31.255737,0:11:24.076157,16.7,16.4
2022-09-14 18:44:07.171396,2022-09-14 18:44:07.186026,2022-09-14 18:55:31.280861,0:11:24.109415,18.7,16.4
2022-09-14 18:44:07.223719,2022-09-14 18:44:07.230366,2022-09-14 18:55:31.322883,0:11:24.099114,16.0,16.4
2022-09-14 18:44:07.207471,2022-09-14 18:44:07.224540,2022-09-14 18:55:31.340323,0:11:24.132802,18.2,16.4
2022-09-14 18:44:07.224077,2022-09-14 18:44:07.230248,2022-09-14 18:55:31.371793,0:11:24.147665,16.7,16.4
2022-09-14 18:44:07.240628,2022-09-14 18:44:07.268365,2022-09-14 18:55:31.395970,0:11:24.155291,20.0,16.4
2022-09-14 18:44:07.207661,2022-09-14 18:44:07.219084,2022-09-14 18:55:31.414031,0:11:24.206321,10.0,16.4
2022-09-14 18:44:07.261898,2022-09-14 18:44:07.268239,2022-09-14 18:55:31.419279,0:11:24.157332,33.3,16.4
2022-09-14 18:44:07.240788,2022-09-14 18:44:07.251794,2022-09-14 18:55:31.439396,0:11:24.198557,16.7,16.4
2022-09-14 18:44:07.234904,2022-09-14 18:44:07.279799,2022-09-14 18:55:31.454820,0:11:24.219866,22.2,16.4
2022-09-14 18:44:07.250748,2022-09-14 18:44:07.279598,2022-09-14 18:55:31.468813,0:11:24.218017,12.5,16.4
2022-09-14 18:44:07.223897,2022-09-14 18:44:07.273934,2022-09-14 18:55:31.495860,0:11:24.271913,18.8,16.4
2022-09-14 18:44:07.279173,2022-09-14 18:44:07.280585,2022-09-14 18:55:31.515951,0:11:24.236727,16.7,16.4
2022-09-14 18:44:07.296536,2022-09-14 18:44:07.297741,2022-09-14 18:55:31.528755,0:11:24.232169,14.3,16.4
2022-09-14 18:44:07.290767,2022-09-14 18:44:07.308824,2022-09-14 18:55:31.552881,0:11:24.262064,20.0,16.4
2022-09-14 18:44:07.302296,2022-09-14 18:44:07.309387,2022-09-14 18:55:31.567798,0:11:24.265451,22.2,16.4
2022-09-14 18:44:07.290558,2022-09-14 18:44:07.308927,2022-09-14 18:55:31.575239,0:11:24.284632,25.0,16.4
2022-09-14 18:44:07.272799,2022-09-14 18:44:07.292099,2022-09-14 18:55:31.583438,0:11:24.310591,20.0,16.4
2022-09-14 18:44:07.291101,2022-09-14 18:44:07.303261,2022-09-14 18:55:31.628121,0:11:24.336969,15.4,16.4
2022-09-14 18:44:07.314473,2022-09-14 18:44:07.315534,2022-09-14 18:55:31.643686,0:11:24.329155,20.0,16.4
2022-09-14 18:44:07.335348,2022-09-14 18:44:07.336967,2022-09-14 18:55:31.655659,0:11:24.320261,16.7,16.4
2022-09-14 18:44:07.346609,2022-09-14 18:44:07.362649,2022-09-14 18:55:31.679768,0:11:24.333109,14.3,16.4
2022-09-14 18:44:07.329934,2022-09-14 18:44:07.347592,2022-09-14 18:55:31.694436,0:11:24.364453,12.5,16.4
2022-09-14 18:44:07.377787,2022-09-14 18:44:07.378866,2022-09-14 18:55:31.740060,0:11:24.362221,17.9,16.4
2022-09-14 18:44:07.335792,2022-09-14 18:44:07.347760,2022-09-14 18:55:31.766017,0:11:24.430173,20.0,16.4
2022-09-14 18:44:07.361539,2022-09-14 18:44:07.379308,2022-09-14 18:55:31.785506,0:11:24.423916,16.7,16.4
2022-09-14 18:44:07.355927,2022-09-14 18:44:07.390371,2022-09-14 18:55:31.795537,0:11:24.439561,33.3,16.4
2022-09-14 18:44:07.356095,2022-09-14 18:44:07.379120,2022-09-14 18:55:31.814553,0:11:24.458407,16.7,16.4
2022-09-14 18:44:07.367042,2022-09-14 18:44:07.379209,2022-09-14 18:55:31.835484,0:11:24.468391,16.7,16.4
2022-09-14 18:44:07.410395,2022-09-14 18:44:07.411887,2022-09-14 18:55:31.843447,0:11:24.433003,20.0,16.4
2022-09-14 18:44:07.400214,2022-09-14 18:44:07.401379,2022-09-14 18:55:31.851472,0:11:24.451209,25.0,16.4
2022-09-14 18:44:07.378079,2022-09-14 18:44:07.418161,2022-09-14 18:55:31.876463,0:11:24.498334,13.3,16.4
2022-09-14 18:44:07.410747,2022-09-14 18:44:07.417767,2022-09-14 18:55:31.919102,0:11:24.508304,20.0,16.4
2022-09-14 18:44:07.423120,2022-09-14 18:44:07.424108,2022-09-14 18:55:31.936925,0:11:24.513755,18.2,16.4
2022-09-14 18:44:07.424100,2022-09-14 18:44:07.435898,2022-09-14 18:55:31.945387,0:11:24.521238,20.0,16.4
2022-09-14 18:44:07.416664,2022-09-14 18:44:07.424743,2022-09-14 18:55:31.955411,0:11:24.538696,16.7,16.4
2022-09-14 18:44:07.422925,2022-09-14 18:44:07.425083,2022-09-14 18:55:31.995347,0:11:24.572371,17.4,16.4
2022-09-14 18:44:07.456803,2022-09-14 18:44:07.473712,2022-09-14 18:55:32.022585,0:11:24.565729,13.3,16.4
2022-09-14 18:44:07.478791,2022-09-14 18:44:07.496359,2022-09-14 18:55:32.068110,0:11:24.589267,17.9,16.4
2022-09-14 18:44:07.429669,2022-09-14 18:44:07.435898,2022-09-14 18:55:32.073507,0:11:24.643788,33.3,16.4
2022-09-14 18:44:07.472723,2022-09-14 18:44:07.474240,2022-09-14 18:55:32.078789,0:11:24.606016,25.0,16.4
2022-09-14 18:44:07.484139,2022-09-14 18:44:07.496069,2022-09-14 18:55:32.113625,0:11:24.629433,19.0,16.4
2022-09-14 18:44:07.445851,2022-09-14 18:44:07.496331,2022-09-14 18:55:32.137961,0:11:24.692054,20.0,16.4
2022-09-14 18:44:07.523147,2022-09-14 18:44:07.524158,2022-09-14 18:55:32.148073,0:11:24.624875,33.3,16.4
2022-09-14 18:44:07.484289,2022-09-14 18:44:07.496182,2022-09-14 18:55:32.156367,0:11:24.672028,20.0,16.4
2022-09-14 18:44:07.495859,2022-09-14 18:44:07.501985,2022-09-14 18:55:32.187367,0:11:24.691453,16.7,16.4
2022-09-14 18:44:07.507140,2022-09-14 18:44:07.524279,2022-09-14 18:55:32.197925,0:11:24.690732,16.7,16.4
2022-09-14 18:44:07.494893,2022-09-14 18:44:07.496331,2022-09-14 18:55:32.208389,0:11:24.713440,16.7,16.4
2022-09-14 18:44:07.495660,2022-09-14 18:44:07.508175,2022-09-14 18:55:32.225238,0:11:24.729525,20.0,16.4
2022-09-14 18:44:07.535109,2022-09-14 18:44:07.541719,2022-09-14 18:55:32.250422,0:11:24.715260,13.3,16.4
2022-09-14 18:44:07.552323,2022-09-14 18:44:07.559712,2022-09-14 18:55:32.281649,0:11:24.729268,21.1,16.4
2022-09-14 18:44:07.570229,2022-09-14 18:44:07.571645,2022-09-14 18:55:32.316968,0:11:24.746687,19.0,16.4
2022-09-14 18:44:07.551763,2022-09-14 18:44:07.559235,2022-09-14 18:55:32.328302,0:11:24.776487,14.3,16.4
2022-09-14 18:44:07.546092,2022-09-14 18:44:07.553337,2022-09-14 18:55:32.344168,0:11:24.798025,22.2,16.4
2022-09-14 18:44:07.564312,2022-09-14 18:44:07.577444,2022-09-14 18:55:32.364093,0:11:24.799732,16.7,16.4
2022-09-14 18:44:07.564056,2022-09-14 18:44:07.571300,2022-09-14 18:55:32.375438,0:11:24.811332,14.3,16.4
2022-09-14 18:44:07.558640,2022-09-14 18:44:07.559733,2022-09-14 18:55:32.383364,0:11:24.824675,25.0,16.4
2022-09-14 18:44:07.558471,2022-09-14 18:44:07.570920,2022-09-14 18:55:32.393651,0:11:24.835131,16.7,16.4
2022-09-14 18:44:07.600490,2022-09-14 18:44:07.612345,2022-09-14 18:55:32.442288,0:11:24.841747,17.2,16.4
2022-09-14 18:44:07.587390,2022-09-14 18:44:07.606791,2022-09-14 18:55:32.480409,0:11:24.892961,21.7,16.4
2022-09-14 18:44:07.628715,2022-09-14 18:44:07.629746,2022-09-14 18:55:32.498120,0:11:24.869350,10.0,16.4
2022-09-14 18:44:07.622743,2022-09-14 18:44:07.629479,2022-09-14 18:55:32.529786,0:11:24.906988,21.1,16.4
2022-09-14 18:44:07.611665,2022-09-14 18:44:07.617848,2022-09-14 18:55:32.547489,0:11:24.935772,18.2,16.4
2022-09-14 18:44:07.623201,2022-09-14 18:44:07.630119,2022-09-14 18:55:32.564843,0:11:24.941590,20.0,16.4
2022-09-14 18:44:07.634499,2022-09-14 18:44:07.652435,2022-09-14 18:55:32.579032,0:11:24.944482,22.2,16.4
2022-09-14 18:44:07.634667,2022-09-14 18:44:07.641344,2022-09-14 18:55:32.587526,0:11:24.952809,0.0,16.4
2022-09-14 18:44:07.651275,2022-09-14 18:44:07.652936,2022-09-14 18:55:32.597596,0:11:24.946270,28.6,16.4
2022-09-14 18:44:07.628958,2022-09-14 18:44:07.635213,2022-09-14 18:55:32.620013,0:11:24.991004,23.1,16.4
2022-09-14 18:44:07.622505,2022-09-14 18:44:07.635763,2022-09-14 18:55:32.628008,0:11:25.005454,20.0,16.4
2022-09-14 18:44:07.668760,2022-09-14 18:44:07.675167,2022-09-14 18:55:32.650476,0:11:24.981667,15.4,16.4
2022-09-14 18:44:07.691484,2022-09-14 18:44:07.692466,2022-09-14 18:55:32.679011,0:11:24.987476,22.2,16.4
2022-09-14 18:44:07.674320,2022-09-14 18:44:07.675576,2022-09-14 18:55:32.689223,0:11:25.014853,20.0,16.4
2022-09-14 18:44:07.708225,2022-09-14 18:44:07.714396,2022-09-14 18:55:32.737229,0:11:25.028953,17.2,16.4
2022-09-14 18:44:07.697052,2022-09-14 18:44:07.698104,2022-09-14 18:55:32.749987,0:11:25.052885,25.0,16.4
2022-09-14 18:44:07.686019,2022-09-14 18:44:07.698031,2022-09-14 18:55:32.755322,0:11:25.069255,33.3,16.4
2022-09-14 18:44:07.685874,2022-09-14 18:44:07.714396,2022-09-14 18:55:32.769498,0:11:25.083576,12.5,16.4
2022-09-14 18:44:07.719920,2022-09-14 18:44:07.720991,2022-09-14 18:55:32.777626,0:11:25.057657,20.0,16.4
2022-09-14 18:44:07.714473,2022-09-14 18:44:07.715417,2022-09-14 18:55:32.807914,0:11:25.093392,22.2,16.4
2022-09-14 18:44:07.714299,2022-09-14 18:44:07.732413,2022-09-14 18:55:32.839849,0:11:25.125501,20.0,16.4
2022-09-14 18:44:07.731310,2022-09-14 18:44:07.732258,2022-09-14 18:55:32.865940,0:11:25.134580,14.3,16.4
2022-09-14 18:44:07.737293,2022-09-14 18:44:07.743679,2022-09-14 18:55:32.876217,0:11:25.138875,37.5,16.4
2022-09-14 18:44:07.751366,2022-09-14 18:44:07.752405,2022-09-14 18:55:32.900291,0:11:25.148876,14.3,16.4
2022-09-14 18:44:07.762101,2022-09-14 18:44:07.768718,2022-09-14 18:55:32.908225,0:11:25.146075,25.0,16.4
2022-09-14 18:44:07.768453,2022-09-14 18:44:07.769805,2022-09-14 18:55:32.949251,0:11:25.180747,16.7,16.4
2022-09-14 18:44:07.785025,2022-09-14 18:44:07.785975,2022-09-14 18:55:32.954643,0:11:25.169568,33.3,16.4
2022-09-14 18:44:07.802025,2022-09-14 18:44:07.803016,2022-09-14 18:55:32.984875,0:11:25.182794,16.7,16.4
2022-09-14 18:44:07.762251,2022-09-14 18:44:07.768999,2022-09-14 18:55:33.001038,0:11:25.238738,20.0,16.4
2022-09-14 18:44:07.785281,2022-09-14 18:44:07.796741,2022-09-14 18:55:33.012959,0:11:25.227626,28.6,16.4
2022-09-14 18:44:07.795872,2022-09-14 18:44:07.796775,2022-09-14 18:55:33.023916,0:11:25.227996,16.7,16.4
2022-09-14 18:44:07.824626,2022-09-14 18:44:07.825689,2022-09-14 18:55:33.048595,0:11:25.223918,20.0,16.4
2022-09-14 18:44:07.808030,2022-09-14 18:44:07.819878,2022-09-14 18:55:33.062769,0:11:25.254675,22.2,16.4
2022-09-14 18:44:07.768281,2022-09-14 18:44:07.808882,2022-09-14 18:55:33.076258,0:11:25.307927,25.0,16.4
2022-09-14 18:44:07.836571,2022-09-14 18:44:07.848154,2022-09-14 18:55:33.108847,0:11:25.272225,15.8,16.4
2022-09-14 18:44:07.847416,2022-09-14 18:44:07.848481,2022-09-14 18:55:33.114496,0:11:25.267026,25.0,16.4
2022-09-14 18:44:07.813472,2022-09-14 18:44:07.819965,2022-09-14 18:55:33.156751,0:11:25.343229,20.0,16.4
2022-09-14 18:44:07.864659,2022-09-14 18:44:07.865863,2022-09-14 18:55:33.174601,0:11:25.309892,18.2,16.4
2022-09-14 18:44:07.875948,2022-09-14 18:44:07.876961,2022-09-14 18:55:33.185093,0:11:25.309094,16.7,16.4
2022-09-14 18:44:07.858380,2022-09-14 18:44:07.860044,2022-09-14 18:55:33.198326,0:11:25.339897,25.0,16.4
2022-09-14 18:44:07.886853,2022-09-14 18:44:07.893354,2022-09-14 18:55:33.227717,0:11:25.340805,17.6,16.4
2022-09-14 18:44:07.830746,2022-09-14 18:44:07.866041,2022-09-14 18:55:33.237829,0:11:25.407033,16.7,16.4
2022-09-14 18:44:07.858894,2022-09-14 18:44:07.865960,2022-09-14 18:55:33.276070,0:11:25.417125,18.2,16.4
2022-09-14 18:44:07.847059,2022-09-14 18:44:07.859241,2022-09-14 18:55:33.284271,0:11:25.437163,20.0,16.4
2022-09-14 18:44:07.909312,2022-09-14 18:44:07.931265,2022-09-14 18:55:33.304363,0:11:25.395001,16.7,16.4
2022-09-14 18:44:07.892820,2022-09-14 18:44:07.910394,2022-09-14 18:55:33.336727,0:11:25.443850,16.7,16.4
2022-09-14 18:44:07.914736,2022-09-14 18:44:07.931700,2022-09-14 18:55:33.341981,0:11:25.427196,33.3,16.4
2022-09-14 18:44:07.936579,2022-09-14 18:44:07.943196,2022-09-14 18:55:33.359029,0:11:25.422401,18.2,16.4
2022-09-14 18:44:07.936435,2022-09-14 18:44:07.959998,2022-09-14 18:55:33.382873,0:11:25.446388,21.4,16.4
2022-09-14 18:44:07.930691,2022-09-14 18:44:07.948675,2022-09-14 18:55:33.409662,0:11:25.478922,13.3,16.4
2022-09-14 18:44:07.931054,2022-09-14 18:44:07.937585,2022-09-14 18:55:33.417594,0:11:25.486491,20.0,16.4
2022-09-14 18:44:07.892570,2022-09-14 18:44:07.893715,2022-09-14 18:55:33.429899,0:11:25.537280,14.3,16.4
2022-09-14 18:44:07.930524,2022-09-14 18:44:07.943196,2022-09-14 18:55:33.451295,0:11:25.520721,28.6,16.4
2022-09-14 18:44:07.975322,2022-09-14 18:44:07.976430,2022-09-14 18:55:33.483179,0:11:25.507787,16.7,16.4
2022-09-14 18:44:07.953499,2022-09-14 18:44:07.970532,2022-09-14 18:55:33.488581,0:11:25.535033,33.3,16.4
2022-09-14 18:44:07.953696,2022-09-14 18:44:07.982919,2022-09-14 18:55:33.498542,0:11:25.544797,0.0,16.4
2022-09-14 18:44:07.999055,2022-09-14 18:44:08.000087,2022-09-14 18:55:33.543506,0:11:25.544400,21.4,16.4
2022-09-14 18:44:07.975506,2022-09-14 18:44:07.977299,2022-09-14 18:55:33.548830,0:11:25.573275,0.0,16.4
2022-09-14 18:44:07.975872,2022-09-14 18:44:07.982808,2022-09-14 18:55:33.585876,0:11:25.609953,18.2,16.4
2022-09-14 18:44:07.999582,2022-09-14 18:44:08.006064,2022-09-14 18:55:33.591273,0:11:25.591640,50.0,16.4
2022-09-14 18:44:07.999361,2022-09-14 18:44:08.006064,2022-09-14 18:55:33.599537,0:11:25.600126,20.0,16.4
2022-09-14 18:44:08.016400,2022-09-14 18:44:08.022902,2022-09-14 18:55:33.624312,0:11:25.607862,14.3,16.4
2022-09-14 18:44:07.998762,2022-09-14 18:44:08.022903,2022-09-14 18:55:33.629886,0:11:25.631075,0.0,16.4
2022-09-14 18:44:08.016242,2022-09-14 18:44:08.022903,2022-09-14 18:55:33.637956,0:11:25.621665,33.3,16.4
2022-09-14 18:44:08.022095,2022-09-14 18:44:08.034192,2022-09-14 18:55:33.654562,0:11:25.632415,20.0,16.4
2022-09-14 18:44:08.039571,2022-09-14 18:44:08.052058,2022-09-14 18:55:33.687100,0:11:25.647478,15.8,16.4
2022-09-14 18:44:08.045314,2022-09-14 18:44:08.046518,2022-09-14 18:55:33.695101,0:11:25.649738,25.0,16.4
2022-09-14 18:44:08.062180,2022-09-14 18:44:08.073696,2022-09-14 18:55:33.747412,0:11:25.685182,18.7,16.4
2022-09-14 18:44:08.073258,2022-09-14 18:44:08.079835,2022-09-14 18:55:33.767378,0:11:25.694070,18.2,16.4
2022-09-14 18:44:08.072882,2022-09-14 18:44:08.079579,2022-09-14 18:55:33.801726,0:11:25.728778,15.0,16.4
2022-09-14 18:44:08.079402,2022-09-14 18:44:08.091333,2022-09-14 18:55:33.812279,0:11:25.732822,28.6,16.4
2022-09-14 18:44:08.101053,2022-09-14 18:44:08.102167,2022-09-14 18:55:33.824283,0:11:25.723177,16.7,16.4
2022-09-14 18:44:08.078593,2022-09-14 18:44:08.102167,2022-09-14 18:55:33.844643,0:11:25.765997,16.7,16.4
2022-09-14 18:44:08.062424,2022-09-14 18:44:08.079997,2022-09-14 18:55:33.852624,0:11:25.790150,20.0,16.4
2022-09-14 18:44:08.107299,2022-09-14 18:44:08.114112,2022-09-14 18:55:33.868779,0:11:25.761431,11.1,16.4
2022-09-14 18:44:08.090284,2022-09-14 18:44:08.102276,2022-09-14 18:55:33.876670,0:11:25.786338,25.0,16.4
2022-09-14 18:44:08.045026,2022-09-14 18:44:08.073815,2022-09-14 18:55:33.898990,0:11:25.853913,21.4,16.4
2022-09-14 18:44:08.107431,2022-09-14 18:44:08.131673,2022-09-14 18:55:33.916428,0:11:25.808948,20.0,16.4
2022-09-14 18:44:08.130520,2022-09-14 18:44:08.137300,2022-09-14 18:55:33.933217,0:11:25.802647,11.1,16.4
2022-09-14 18:44:08.130286,2022-09-14 18:44:08.131302,2022-09-14 18:55:33.948388,0:11:25.818052,20.0,16.4
2022-09-14 18:44:08.153127,2022-09-14 18:44:08.154575,2022-09-14 18:55:34.003682,0:11:25.850494,18.8,16.4
2022-09-14 18:44:08.142329,2022-09-14 18:44:08.148644,2022-09-14 18:55:34.012165,0:11:25.869784,20.0,16.4
2022-09-14 18:44:08.141715,2022-09-14 18:44:08.154030,2022-09-14 18:55:34.024257,0:11:25.882492,14.3,16.4
2022-09-14 18:44:08.153281,2022-09-14 18:44:08.165355,2022-09-14 18:55:34.034214,0:11:25.880884,16.7,16.4
2022-09-14 18:44:08.176000,2022-09-14 18:44:08.187612,2022-09-14 18:55:34.060301,0:11:25.884252,25.0,16.4
2022-09-14 18:44:08.142032,2022-09-14 18:44:08.154361,2022-09-14 18:55:34.070381,0:11:25.928297,0.0,16.4
2022-09-14 18:44:08.181431,2022-09-14 18:44:08.193378,2022-09-14 18:55:34.084941,0:11:25.903460,22.2,16.4
2022-09-14 18:44:08.214017,2022-09-14 18:44:08.220516,2022-09-14 18:55:34.121657,0:11:25.907588,18.2,16.4
2022-09-14 18:44:08.208536,2022-09-14 18:44:08.209525,2022-09-14 18:55:34.141824,0:11:25.933237,30.8,16.4
2022-09-14 18:44:08.192357,2022-09-14 18:44:08.215208,2022-09-14 18:55:34.166262,0:11:25.973855,20.0,16.4
2022-09-14 18:44:08.214229,2022-09-14 18:44:08.232702,2022-09-14 18:55:34.194475,0:11:25.980195,22.2,16.4
2022-09-14 18:44:08.225437,2022-09-14 18:44:08.232549,2022-09-14 18:55:34.225137,0:11:25.999648,16.7,16.4
2022-09-14 18:44:08.164482,2022-09-14 18:44:08.233067,2022-09-14 18:55:34.239219,0:11:26.074686,25.0,16.4
2022-09-14 18:44:08.219883,2022-09-14 18:44:08.231956,2022-09-14 18:55:34.247142,0:11:26.027210,20.0,16.4
2022-09-14 18:44:08.231491,2022-09-14 18:44:08.233202,2022-09-14 18:55:34.257359,0:11:26.025818,20.0,16.4
2022-09-14 18:44:08.243103,2022-09-14 18:44:08.249642,2022-09-14 18:55:34.277513,0:11:26.034361,23.1,16.4
2022-09-14 18:44:08.192498,2022-09-14 18:44:08.231750,2022-09-14 18:55:34.285499,0:11:26.092952,20.0,16.4
2022-09-14 18:44:08.248508,2022-09-14 18:44:08.249698,2022-09-14 18:55:34.311639,0:11:26.063082,25.0,16.4
2022-09-14 18:44:08.271090,2022-09-14 18:44:08.272679,2022-09-14 18:55:34.337775,0:11:26.066636,13.3,16.4
2022-09-14 18:44:08.259588,2022-09-14 18:44:08.272531,2022-09-14 18:55:34.355884,0:11:26.096247,25.0,16.4
2022-09-14 18:44:08.288856,2022-09-14 18:44:08.289818,2022-09-14 18:55:34.378034,0:11:26.089125,23.1,16.4
2022-09-14 18:44:08.259740,2022-09-14 18:44:08.272146,2022-09-14 18:55:34.388422,0:11:26.128620,28.6,16.4
2022-09-14 18:44:08.282498,2022-09-14 18:44:08.283991,2022-09-14 18:55:34.418666,0:11:26.136119,11.8,16.4
2022-09-14 18:44:08.300141,2022-09-14 18:44:08.301086,2022-09-14 18:55:34.445037,0:11:26.144845,18.7,16.4
2022-09-14 18:44:08.277170,2022-09-14 18:44:08.284172,2022-09-14 18:55:34.453275,0:11:26.176055,25.0,16.4
2022-09-14 18:44:08.299986,2022-09-14 18:44:08.311759,2022-09-14 18:55:34.465404,0:11:26.165369,25.0,16.4
2022-09-14 18:44:08.332183,2022-09-14 18:44:08.333156,2022-09-14 18:55:34.485549,0:11:26.153317,16.7,16.4
2022-09-14 18:44:08.316017,2022-09-14 18:44:08.333048,2022-09-14 18:55:34.493574,0:11:26.177508,20.0,16.4
2022-09-14 18:44:08.344122,2022-09-14 18:44:08.345038,2022-09-14 18:55:34.503953,0:11:26.159781,42.9,16.4
2022-09-14 18:44:08.326504,2022-09-14 18:44:08.327805,2022-09-14 18:55:34.526262,0:11:26.199706,15.4,16.4
2022-09-14 18:44:08.361579,2022-09-14 18:44:08.367884,2022-09-14 18:55:34.550402,0:11:26.188772,20.0,16.4
2022-09-14 18:44:08.333216,2022-09-14 18:44:08.373438,2022-09-14 18:55:34.577761,0:11:26.244491,18.8,16.4
2022-09-14 18:44:08.333023,2022-09-14 18:44:08.373544,2022-09-14 18:55:34.599853,0:11:26.266779,21.4,16.4
2022-09-14 18:44:08.350196,2022-09-14 18:44:08.367884,2022-09-14 18:55:34.616622,0:11:26.266375,20.0,16.4
2022-09-14 18:44:08.355519,2022-09-14 18:44:08.373897,2022-09-14 18:55:34.646871,0:11:26.291301,22.2,16.4
2022-09-14 18:44:08.389629,2022-09-14 18:44:08.396508,2022-09-14 18:55:34.661106,0:11:26.271427,12.5,16.4
2022-09-14 18:44:08.378476,2022-09-14 18:44:08.396068,2022-09-14 18:55:34.669240,0:11:26.290714,20.0,16.4
2022-09-14 18:44:08.395108,2022-09-14 18:44:08.396378,2022-09-14 18:55:34.717982,0:11:26.322821,20.7,16.4
2022-09-14 18:44:08.418161,2022-09-14 18:44:08.419307,2022-09-14 18:55:34.734697,0:11:26.316478,33.3,16.4
2022-09-14 18:44:08.406437,2022-09-14 18:44:08.418859,2022-09-14 18:55:34.750069,0:11:26.343582,12.5,16.4
2022-09-14 18:44:08.361402,2022-09-14 18:44:08.384927,2022-09-14 18:55:34.758244,0:11:26.396792,33.3,16.4
2022-09-14 18:44:08.395486,2022-09-14 18:44:08.418859,2022-09-14 18:55:34.770318,0:11:26.374783,14.3,16.4
2022-09-14 18:44:08.406815,2022-09-14 18:44:08.413066,2022-09-14 18:55:34.778254,0:11:26.371390,33.3,16.4
2022-09-14 18:44:08.423770,2022-09-14 18:44:08.430473,2022-09-14 18:55:34.798623,0:11:26.374803,18.2,16.4
2022-09-14 18:44:08.412281,2022-09-14 18:44:08.430504,2022-09-14 18:55:34.823077,0:11:26.410745,20.0,16.4
2022-09-14 18:44:08.430205,2022-09-14 18:44:08.436882,2022-09-14 18:55:34.831136,0:11:26.400882,20.0,16.4
2022-09-14 18:44:08.441542,2022-09-14 18:44:08.448004,2022-09-14 18:55:34.878849,0:11:26.437257,17.9,16.4
2022-09-14 18:44:08.452436,2022-09-14 18:44:08.470024,2022-09-14 18:55:34.896818,0:11:26.444334,18.2,16.4
2022-09-14 18:44:08.469247,2022-09-14 18:44:08.470583,2022-09-14 18:55:34.913708,0:11:26.444405,20.0,16.4
2022-09-14 18:44:08.468655,2022-09-14 18:44:08.469696,2022-09-14 18:55:34.922337,0:11:26.453633,20.0,16.4
2022-09-14 18:44:08.469861,2022-09-14 18:44:08.487110,2022-09-14 18:55:34.945536,0:11:26.475626,21.4,16.4
2022-09-14 18:44:08.480617,2022-09-14 18:44:08.504154,2022-09-14 18:55:34.974107,0:11:26.493440,22.2,16.4
2022-09-14 18:44:08.492231,2022-09-14 18:44:08.503661,2022-09-14 18:55:34.982034,0:11:26.489754,0.0,16.4
2022-09-14 18:44:08.480794,2022-09-14 18:44:08.492963,2022-09-14 18:55:34.994255,0:11:26.513412,37.5,16.4
2022-09-14 18:44:08.491949,2022-09-14 18:44:08.503962,2022-09-14 18:55:35.008493,0:11:26.516494,22.2,16.4
2022-09-14 18:44:08.458096,2022-09-14 18:44:08.470583,2022-09-14 18:55:35.018565,0:11:26.560420,20.0,16.4
2022-09-14 18:44:08.520205,2022-09-14 18:44:08.532536,2022-09-14 18:55:35.061277,0:11:26.541021,19.2,16.4
2022-09-14 18:44:08.519897,2022-09-14 18:44:08.526776,2022-09-14 18:55:35.075386,0:11:26.555438,22.2,16.4
2022-09-14 18:44:08.531483,2022-09-14 18:44:08.537771,2022-09-14 18:55:35.093888,0:11:26.562355,18.2,16.4
2022-09-14 18:44:08.542218,2022-09-14 18:44:08.549037,2022-09-14 18:55:35.111443,0:11:26.569175,20.0,16.4
2022-09-14 18:44:08.542394,2022-09-14 18:44:08.543452,2022-09-14 18:55:35.144925,0:11:26.602479,15.8,16.4
2022-09-14 18:44:08.548749,2022-09-14 18:44:08.566397,2022-09-14 18:55:35.169150,0:11:26.620350,20.0,16.4
2022-09-14 18:44:08.547908,2022-09-14 18:44:08.560868,2022-09-14 18:55:35.177504,0:11:26.629545,20.0,16.4
2022-09-14 18:44:08.531329,2022-09-14 18:44:08.549710,2022-09-14 18:55:35.189723,0:11:26.658339,25.0,16.4
2022-09-14 18:44:08.559713,2022-09-14 18:44:08.566490,2022-09-14 18:55:35.213986,0:11:26.654223,21.4,16.4
2022-09-14 18:44:08.587873,2022-09-14 18:44:08.600429,2022-09-14 18:55:35.240371,0:11:26.652447,27.8,16.4
2022-09-14 18:44:08.605586,2022-09-14 18:44:08.612599,2022-09-14 18:55:35.264571,0:11:26.658935,14.3,16.4
2022-09-14 18:44:08.611502,2022-09-14 18:44:08.612531,2022-09-14 18:55:35.272652,0:11:26.661101,25.0,16.4
2022-09-14 18:44:08.587459,2022-09-14 18:44:08.594783,2022-09-14 18:55:35.288830,0:11:26.701321,20.0,16.4
2022-09-14 18:44:08.593727,2022-09-14 18:44:08.606242,2022-09-14 18:55:35.309079,0:11:26.715298,16.7,16.4
2022-09-14 18:44:08.559891,2022-09-14 18:44:08.577401,2022-09-14 18:55:35.317442,0:11:26.757501,20.0,16.4
2022-09-14 18:44:08.649912,2022-09-14 18:44:08.650893,2022-09-14 18:55:35.376614,0:11:26.726648,20.0,16.4
2022-09-14 18:44:08.633392,2022-09-14 18:44:08.645233,2022-09-14 18:55:35.384860,0:11:26.751415,20.0,16.4
2022-09-14 18:44:08.611047,2022-09-14 18:44:08.628747,2022-09-14 18:55:35.393461,0:11:26.782363,20.0,16.4
2022-09-14 18:44:08.650199,2022-09-14 18:44:08.651819,2022-09-14 18:55:35.402064,0:11:26.751812,33.3,16.4
2022-09-14 18:44:08.599906,2022-09-14 18:44:08.639691,2022-09-14 18:55:35.410700,0:11:26.810721,16.7,16.4
2022-09-14 18:44:08.611204,2022-09-14 18:44:08.618606,2022-09-14 18:55:35.419017,0:11:26.807763,20.0,16.4
2022-09-14 18:44:08.649648,2022-09-14 18:44:08.651598,2022-09-14 18:55:35.448089,0:11:26.798389,17.6,16.4
2022-09-14 18:44:08.661915,2022-09-14 18:44:08.669313,2022-09-14 18:55:35.475178,0:11:26.813208,18.7,16.4
2022-09-14 18:44:08.668216,2022-09-14 18:44:08.669312,2022-09-14 18:55:35.494328,0:11:26.826060,18.2,16.4
2022-09-14 18:44:08.683986,2022-09-14 18:44:08.691902,2022-09-14 18:55:35.536609,0:11:26.852571,16.0,16.4
2022-09-14 18:44:08.684488,2022-09-14 18:44:08.686361,2022-09-14 18:55:35.570681,0:11:26.886134,23.8,16.4
2022-09-14 18:44:08.662344,2022-09-14 18:44:08.674569,2022-09-14 18:55:35.579116,0:11:26.916719,20.0,16.4
2022-09-14 18:44:08.696347,2022-09-14 18:44:08.718140,2022-09-14 18:55:35.591627,0:11:26.895228,14.3,16.4
2022-09-14 18:44:08.717483,2022-09-14 18:44:08.721623,2022-09-14 18:55:35.616347,0:11:26.898814,21.4,16.4
2022-09-14 18:44:08.684178,2022-09-14 18:44:08.718656,2022-09-14 18:55:35.621762,0:11:26.937535,25.0,16.4
2022-09-14 18:44:08.711852,2022-09-14 18:44:08.718140,2022-09-14 18:55:35.639832,0:11:26.927930,18.2,16.4
